282.07123,139.17352,2460.9255	276.50418,187.18063,2435.715	244.98758,179.86646,2356.0278	244.98763,246.2427,2356.0278	276.50418,187.18063,2435.715	306.02393,194.03142,2515.4023	287.35538,236.9991,2394.9407	271.45746,235.55794,2406.735	245.43001,282.4948,2326.2495	254.8661,386.1753,2265.3525	286.26093,287.62308,2429.2607	211.1983,471.64264,2306.5784	315.1454,383.2472,2396.0503	245.43001,282.4948,2326.2495	319.4418,474.16754,2439.4321	253.08429,293.83957,2242.8708	244.9863,312.6189,2356.0278	
284.0281,140.69992,2463.044	278.91705,188.97899,2438.8254	248.06088,181.81143,2354.9563	248.06091,248.21788,2354.9563	278.91705,188.97899,2438.8254	307.72156,195.66997,2522.6946	285.01736,233.57011,2383.3723	274.29727,237.35881,2410.1064	249.15685,284.49747,2327.154	255.87323,389.13928,2262.999	289.06638,289.2064,2435.6208	212.71045,473.78253,2312.5715	318.26984,384.69012,2398.458	249.15685,284.49747,2327.154	318.12897,475.86877,2439.3223	253.67804,287.2871,2200.424	248.0596,314.62427,2354.9563	
285.19043,142.27185,2471.0664	280.28543,190.34138,2444.1611	249.5301,183.14229,2360.4834	249.53014,249.39325,2360.4834	280.28543,190.34138,2444.1611	309.0046,197.06387,2527.8389	287.8275,231.57498,2389.8674	275.89404,238.56287,2412.9678	251.02673,285.59955,2327.7014	253.19261,390.6903,2266.2307	290.8445,290.38666,2435.8474	210.10022,476.00073,2311.1282	319.40848,386.44113,2388.4912	251.02673,285.59955,2327.7014	315.92938,477.3993,2433.625	260.35638,284.57956,2196.0413	249.52884,315.64413,2360.4834	
285.89618,143.19151,2475.5745	281.20044,191.32416,2447.349	250.30415,184.28566,2365.0867	250.30418,250.40767,2365.0867	281.20044,191.32416,2447.349	310.08728,197.90488,2529.6116	288.72784,231.53528,2392.4924	277.14478,239.46309,2414.5635	252.50676,286.5353,2328.607	251.9843,391.77234,2270.1338	292.5541,291.21484,2434.9487	208.02411,476.86603,2312.5745	320.0811,387.8202,2382.679	252.50676,286.5353,2328.607	315.33234,478.13538,2434.3887	264.01114,281.91525,2182.9988	250.30289,316.52963,2365.0867	
286.06592,143.6442,2477.84	281.2199,191.31573,2447.9082	249.89923,184.35364,2368.9712	249.89926,250.36722,2368.9712	281.2199,191.31573,2447.9082	310.5837,197.84286,2526.8452	290.15598,247.0734,2381.5417	277.3206,239.37184,2412.9258	252.52002,286.39865,2326.915	248.42514,391.52808,2274.8362	293.21964,291.18246,2428.9717	206.14786,478.38794,2309.597	317.9736,388.7737,2377.6404	252.52002,286.39865,2326.915	315.63046,479.91888,2424.9995	270.5618,298.39032,2203.4097	249.89796,316.38074,2368.9712	
286.04355,143.35971,2478.977	281.13217,191.06583,2449.0842	249.41425,184.28096,2373.4236	249.41429,250.17072,2373.4236	281.13217,191.06583,2449.0842	310.94907,197.44403,2524.7449	295.3435,251.42708,2402.76	277.2386,239.0955,2414.1052	252.18332,286.11633,2330.222	245.75238,390.70972,2287.028	293.42987,290.8611,2428.0305	206.83534,479.36154,2316.0156	316.4546,388.67035,2384.2769	252.18332,286.11633,2330.222	314.30576,479.09424,2435.6724	278.75793,305.8284,2238.06	249.413,316.06042,2373.4236	
285.8729,141.9997,2471.5552	280.70297,190.34306,2446.6482	248.49994,183.90874,2374.5952	248.49997,249.76598,2374.5952	280.70297,190.34306,2446.6482	311.0635,196.40927,2518.7012	299.09967,253.52185,2417.9133	276.663,238.52577,2415.146	251.20035,285.70166,2337.0635	243.36731,389.95544,2294.1611	293.015,290.175,2430.224	206.71057,478.78278,2326.609	313.38675,388.2029,2393.4043	251.20035,285.70166,2337.0635	313.9913,480.1944,2428.995	284.96774,310.25784,2266.4033	248.49867,315.62317,2374.5952	
285.56897,142.01436,2475.8376	280.1376,190.10316,2447.593	247.60915,183.58795,2378.8674	247.60919,249.32693,2378.8674	280.1376,190.10316,2447.593	310.88922,196.26248,2516.3186	301.68857,255.35458,2433.8987	275.93732,238.18152,2414.0676	250.04979,285.18033,2336.1265	241.43439,389.6066,2289.4734	292.3975,289.95862,2424.958	205.78186,478.72516,2324.4023	311.62222,388.66815,2383.0264	250.04979,285.18033,2336.1265	314.1729,481.1625,2417.8328	289.59875,313.81046,2295.0867	247.60788,315.06586,2378.8674	
285.34094,141.0922,2477.4602	279.60693,188.91296,2447.9739	247.08893,182.20685,2379.2249	247.08896,247.93593,2379.2249	279.60693,188.91296,2447.9739	310.34836,195.2527,2516.723	305.50827,239.35274,2447.0015	275.22632,236.93138,2413.8394	249.14294,283.76556,2335.2805	240.91797,388.27557,2288.0713	291.50623,288.79526,2424.1292	206.22864,478.03522,2321.8918	310.78625,387.23145,2389.6917	249.14294,283.76556,2335.2805	313.35278,480.51672,2415.9583	301.35056,288.6469,2297.007	247.08766,313.66498,2379.2249	
285.43732,141.93536,2471.771	279.1319,189.89157,2443.732	246.58691,182.95486,2374.918	246.58694,248.80316,2374.918	279.1319,189.89157,2443.732	309.8942,196.44833,2512.546	309.34323,243.19655,2434.2754	274.25745,238.00288,2410.4927	247.64279,284.75534,2332.7756	240.55704,389.60464,2282.013	290.05704,290.0645,2421.7312	207.40994,480.42194,2314.2612	310.14062,388.51202,2386.2935	247.64279,284.75534,2332.7756	312.4933,482.06744,2411.572	314.10693,287.40863,2261.1409	246.58565,314.6514,2374.918	
284.59604,142.04547,2475.9468	278.62866,189.96155,2444.1365	246.44241,182.84111,2371.999	246.44244,248.77043,2371.999	278.62866,189.96155,2444.1365	308.96945,196.67374,2516.274	313.32822,247.36101,2433.1296	273.9615,238.00375,2408.9165	247.75249,284.73315,2327.0527	242.94885,389.99164,2274.4329	289.7342,290.10452,2420.3403	208.9697,481.77417,2300.1697	310.95367,388.5027,2381.4895	247.75249,284.73315,2327.0527	315.05737,480.75278,2418.5105	328.56927,285.88214,2241.207	246.44115,314.6997,2371.999	
284.51825,143.2391,2469.516	277.93558,191.26076,2440.0771	246.29565,183.68712,2363.058	246.2957,249.8659,2363.058	277.93558,191.26076,2440.0771	307.63922,198.37091,2517.0962	316.49057,250.30356,2440.6565	272.63065,239.42787,2406.8179	246.14645,286.059,2323.768	244.25122,391.49063,2272.1858	287.34344,291.71213,2423.349	206.46281,482.50064,2292.9	310.31085,389.5146,2386.2952	246.14645,286.059,2323.768	312.7212,481.72266,2422.6694	340.09842,280.55017,2240.031	246.29439,316.04462,2363.058	
284.12985,145.37679,2466.3767	277.57278,193.1447,2435.6438	246.91177,185.0972,2351.4534	246.91183,251.60257,2351.4534	277.57278,193.1447,2435.6438	306.18497,200.65445,2519.8342	318.70108,253.52478,2455.0034	272.19336,241.35487,2400.7285	246.22748,287.99854,2311.372	247.25299,393.987,2260.3928	286.16388,293.8431,2420.2544	209.23767,484.85895,2285.4937	313.28662,390.93152,2374.236	246.22748,287.99854,2311.372	314.54395,482.61148,2418.5283	346.40842,273.23965,2252.865	246.9105,318.10788,2351.4534	
283.99255,148.23279,2464.9033	277.70758,195.58707,2427.4746	248.64635,186.77808,2333.981	248.6464,253.78133,2333.981	277.70758,195.58707,2427.4746	304.61322,203.74268,2520.9683	319.73718,255.31364,2475.8262	272.25113,243.84085,2389.0674	247.16687,290.45465,2290.187	249.95007,397.3651,2241.8271	285.0903,296.72687,2411.1333	211.19392,486.10934,2283.854	314.23682,393.5087,2370.409	247.16687,290.45465,2290.187	315.1466,485.81128,2410.7678	347.5958,264.41934,2274.2354	248.64507,320.7845,2333.981	
283.75458,150.02597,2456.1382	276.83228,197.61337,2420.774	249.38226,188.49031,2318.6995	249.38231,255.93515,2318.6995	276.83228,197.61337,2420.774	302.061,205.99818,2522.8484	325.80884,249.39612,2580.0999	271.17603,246.07007,2383.3333	246.9949,292.93127,2280.0298	249.18402,399.76337,2245.2346	282.68158,299.04413,2411.7554	209.89474,485.2106,2304.3264	314.05994,394.5213,2383.8613	246.9949,292.93127,2280.0298	312.7611,487.07962,2417.6597	342.7698,234.84802,2352.3943	249.38098,323.3799,2318.6995	
283.4039,150.38525,2460.184	276.7738,197.47153,2421.3105	251.13347,187.77608,2312.2556	241.57892,251.0202,2293.368	276.7738,197.47153,2421.3105	300.204,206.33124,2530.3655	324.18182,261.6006,2581.8271	271.49945,245.79053,2380.1597	248.84622,292.48407,2268.6494	249.48468,399.26685,2245.3972	282.2287,298.94113,2409.3682	209.815,485.19492,2301.1978	316.42044,393.75604,2376.7246	248.84622,292.48407,2268.6494	315.23962,485.24554,2421.2754	345.17502,258.74643,2324.0576	246.5445,272.3249,2288.8062	
283.23834,149.7663,2462.207	276.69635,196.61462,2421.3254	252.84819,186.55484,2306.1548	244.86215,244.30025,2252.5999	276.69635,196.61462,2421.3254	298.37885,205.7609,2536.496	318.22214,263.13324,2575.0168	271.5762,244.88495,2379.2798	250.2392,291.50253,2262.883	246.1601,397.54022,2253.2478	281.3159,298.07242,2411.5852	209.50958,485.49622,2302.4517	314.92828,393.05725,2378.5576	250.2392,291.50253,2262.883	314.97626,483.61578,2430.0059	339.76758,271.48456,2318.994	264.73615,276.68204,2222.9294	
282.2418,147.78305,2462.713	277.1366,194.48354,2423.564	255.71631,185.03946,2300.5186	254.64578,237.06285,2228.1357	277.1366,194.48354,2423.564	296.48697,203.01498,2546.6094	312.70312,261.65588,2575.6177	273.40778,242.92264,2385.0166	255.23746,290.21265,2266.923	245.97653,395.45752,2261.16	282.9364,295.5141,2426.0154	213.68771,483.87708,2316.0598	314.5873,390.4597,2394.602	255.23746,290.21265,2266.923	318.50876,481.4632,2437.042	333.9682,279.5593,2326.9106	290.50558,271.9338,2173.69	
281.82437,145.54019,2455.037	277.54343,192.79675,2422.825	256.90802,184.48187,2296.5603	263.45166,232.52048,2213.361	277.54343,192.79675,2422.825	296.13455,200.28792,2549.0896	309.3147,259.8471,2571.0852	274.43143,241.53508,2391.9465	257.60437,289.67325,2279.6294	240.85452,393.12103,2275.5977	283.9625,293.29813,2442.5068	211.87967,483.83392,2318.8213	311.80508,389.11462,2398.1353	257.60437,289.67325,2279.6294	318.67715,480.37903,2436.3416	329.99918,285.94315,2333.4805	310.59982,263.67566,2143.6084	
281.88757,145.99817,2451.5972	278.48346,193.65561,2423.0708	256.33926,186.6304,2300.0657	268.33176,230.08688,2207.5027	278.48346,193.65561,2423.0708	298.488,200.00203,2546.076	309.15335,260.25027,2562.8716	276.30133,242.59953,2397.3564	259.55557,291.48038,2292.133	238.95169,394.64355,2274.8826	287.64642,293.65622,2451.1511	212.85202,485.6265,2322.571	314.78552,389.88837,2382.0378	259.55557,291.48038,2292.133	318.5765,480.46893,2431.5398	329.2076,293.51688,2338.749	322.33017,255.41022,2131.7837	
281.15372,144.77515,2457.8276	277.9251,192.47461,2428.5352	253.6966,185.50949,2312.1719	268.2282,227.87358,2203.411	277.9251,192.47461,2428.5352	299.938,198.8028,2544.8984	308.53928,259.48712,2557.81	275.89685,241.25067,2400.9966	257.91052,289.85712,2298.1467	233.78229,392.89758,2266.381	288.75394,292.38004,2448.7693	209.01843,484.1635,2317.583	311.94922,389.9583,2369.0623	257.91052,289.85712,2298.1467	315.55,481.03394,2419.1287	327.6116,298.58966,2348.4812	326.96054,247.00607,2130.5327	
280.89825,145.64697,2444.376	277.15686,194.12427,2423.123	250.37158,188.2582,2315.4907	263.7332,223.03656,2172.2185	277.15686,194.12427,2423.123	301.66382,199.49138,2530.7554	308.61914,260.77322,2540.743	274.87088,243.20093,2401.6865	255.04544,292.34338,2310.6406	233.04799,396.05774,2265.1494	289.0476,293.93326,2449.8594	208.55725,486.46393,2322.4355	311.25677,391.94733,2364.1675	255.04544,292.34338,2310.6406	315.40414,482.34955,2420.4304	326.69238,305.071,2346.733	331.02267,220.8772,2150.96	
280.69058,146.6196,2445.5667	276.9001,195.34607,2423.087	247.70389,189.76102,2327.44	249.5412,228.47855,2176.9375	276.9001,195.34607,2423.087	303.87888,200.50696,2518.7344	309.48834,262.25027,2526.5027	274.61423,244.3725,2399.4065	253.17279,293.39084,2313.8877	236.03261,398.50427,2247.677	290.4232,295.31177,2437.564	205.99054,486.6515,2311.315	312.53033,394.07587,2341.8008	253.17279,293.39084,2313.8877	317.10126,482.57907,2416.4355	326.49698,310.8295,2347.7776	317.3519,220.14105,2165.8083	
280.97516,148.98802,2439.8115	276.66788,197.35591,2419.5115	245.44418,191.81758,2336.5085	233.99178,233.35669,2188.47	276.66788,197.35591,2419.5115	305.82034,202.52686,2502.5144	310.34775,264.77942,2508.5857	273.42407,246.44806,2396.0107	249.67615,295.2029,2318.9807	236.23148,401.08966,2237.7952	289.6539,297.76483,2426.0393	205.49335,487.0407,2314.9968	312.56396,396.83383,2341.7742	249.67615,295.2029,2318.9807	315.1219,485.2428,2417.2668	326.2626,317.04736,2344.7285	302.45087,223.6949,2179.9055	
280.98584,150.68,2442.9854	276.55142,199.02321,2417.9453	244.23987,193.50296,2343.0544	216.32138,236.93369,2199.9058	276.55142,199.02321,2417.9453	306.92154,204.21179,2492.8362	320.55136,250.63,2485.0845	273.25943,248.0497,2390.4058	248.71262,296.68903,2314.6917	241.15315,403.4579,2221.7285	290.2225,299.68784,2411.0408	208.54608,487.7976,2307.7725	315.40143,398.66162,2339.4397	248.71262,296.68903,2314.6917	316.70724,487.36523,2413.5242	341.83783,284.46796,2310.3948	285.84717,229.84023,2198.6846	
281.573,151.86494,2430.1165	276.45276,201.02661,2410.9128	243.42473,195.67963,2340.8198	207.6901,239.09818,2212.391	276.45276,201.02661,2410.9128	307.6146,206.07149,2481.0059	329.1847,250.11282,2454.3232	272.65268,250.26677,2386.6396	247.14325,298.97873,2317.2368	242.39351,405.99274,2223.398	289.59473,302.0011,2407.496	207.52621,488.148,2315.417	315.0348,400.6801,2351.246	247.14325,298.97873,2317.2368	315.7612,488.58618,2427.5732	358.9511,277.4206,2270.8406	277.64978,235.2774,2215.1577	
282.24673,153.51422,2422.612	276.5056,202.8852,2405.8237	243.68787,197.2074,2332.8364	205.86629,239.41533,2216.182	276.5056,202.8852,2405.8237	307.3908,208.22862,2478.811	334.08694,248.9255,2439.3298	272.1595,252.23553,2382.5908	246.20119,300.89294,2312.2979	243.09921,408.31473,2220.7349	288.41235,304.15753,2406.418	207.59155,491.16644,2308.1736	313.82315,402.54938,2361.3206	246.20119,300.89294,2312.2979	315.82205,490.46317,2434.658	370.9248,270.6287,2251.0432	274.97626,236.84572,2221.8818	
282.3535,153.26993,2419.341	275.9992,202.95786,2401.9148	244.15622,196.7979,2320.9937	209.29327,239.44058,2206.0586	275.9992,202.95786,2401.9148	305.76654,208.7163,2482.836	337.03223,249.3533,2437.2258	271.31146,252.3656,2378.6023	245.56155,301.00424,2302.958	241.96902,408.54608,2226.1064	286.58865,304.42264,2407.6216	206.7894,493.17197,2303.4346	313.24945,402.14908,2369.4531	245.56155,301.00424,2302.958	315.4716,490.82535,2435.5112	377.71353,263.9391,2246.9563	278.69742,234.62099,2221.7163	
283.54672,151.92255,2425.0994	276.82166,201.03589,2401.9539	247.0617,193.62193,2309.8054	217.73541,238.93904,2186.8835	276.82166,201.03589,2401.9539	304.3825,207.90201,2494.1023	337.2658,248.23383,2452.5098	271.3062,250.25038,2375.011	245.8888,298.34073,2288.2996	242.61055,406.29016,2220.3809	284.4579,302.736,2407.8367	207.25705,491.1355,2298.147	312.9006,399.6485,2375.4246	245.8888,298.34073,2288.2996	315.51508,489.3426,2432.9622	378.96835,255.48648,2259.9175	286.7778,229.79742,2210.3777	
284.3032,150.77,2428.1748	277.64114,199.52472,2400.6648	250.88339,191.4767,2295.3464	231.30057,235.49919,2162.5176	277.64114,199.52472,2400.6648	302.1498,206.8963,2505.9832	335.1535,247.13222,2477.6167	272.24155,248.70724,2371.599	248.8429,296.8304,2274.1482	246.19244,404.44543,2228.6946	283.5595,301.26077,2410.9187	209.8876,490.55182,2295.6587	313.18063,397.11475,2389.2922	248.8429,296.8304,2274.1482	316.73526,488.7682,2427.3025	373.94498,247.79189,2285.2764	300.62793,222.77881,2193.8003	
285.05435,149.29282,2429.2861	278.71988,198.13354,2401.1226	256.52628,189.91415,2281.6128	245.9389,230.61035,2139.9492	278.71988,198.13354,2401.1226	298.80896,205.57352,2520.6323	323.69443,255.57545,2547.8662	273.7102,247.34344,2372.5422	253.6767,295.78528,2266.126	249.60202,402.791,2238.7886	282.52216,299.595,2421.7979	211.92711,489.7495,2295.1863	312.16754,394.83728,2402.9924	253.6767,295.78528,2266.126	316.595,486.39417,2438.0974	353.98416,231.93246,2350.376	314.735,216.01712,2176.1711	
285.9568,148.0728,2430.7703	279.9726,196.85953,2401.4707	261.39252,188.4833,2272.7493	264.07172,226.63356,2129.091	279.9726,196.85953,2401.4707	296.66217,204.38348,2530.1921	315.11203,262.30994,2531.1594	275.19043,246.07358,2373.0562	257.90244,294.70956,2261.6719	250.76205,401.0959,2245.813	281.83533,298.1303,2427.6113	210.30829,487.95026,2293.5454	313.1183,392.83228,2403.4111	257.90244,294.70956,2261.6719	316.36902,485.53787,2429.395	342.59268,223.83562,2381.9001	331.2657,208.52036,2161.9358	
286.55402,146.85559,2438.2393	279.58127,194.3221,2403.637	266.28802,185.16866,2267.135	280.45248,221.13644,2130.8794	279.58127,194.3221,2403.637	291.4458,202.49176,2540.139	309.72305,269.63416,2530.8044	274.0144,243.2884,2372.416	259.17523,291.48526,2252.6316	249.55402,397.57855,2245.3135	276.75778,295.48483,2429.7585	207.40018,484.7754,2286.6025	308.95215,390.0809,2397.5894	259.17523,291.48526,2252.6316	311.83176,482.79883,2426.0273	331.27094,222.4894,2405.0935	347.75214,204.17479,2148.0027	
286.80927,147.3388,2434.4055	279.42136,194.66081,2400.6543	273.62704,186.17476,2259.3994	295.74338,214.22578,2138.18	279.42136,194.66081,2400.6543	284.57172,202.20372,2541.9092	308.45734,262.92438,2502.8723	273.2265,243.66916,2370.7246	262.5505,292.43277,2248.4314	255.33234,398.3039,2250.212	270.8678,295.31503,2433.1584	209.97198,484.472,2286.4175	308.1661,387.71277,2398.85	262.5505,292.43277,2248.4314	310.76053,480.54535,2426.3477	318.74554,209.43697,2386.0332	364.05804,202.08267,2133.9954	
286.98166,148.72656,2424.7354	278.56494,196.02457,2393.1501	281.7017,189.6782,2254.2888	307.5277,210.26306,2148.4485	278.56494,196.02457,2393.1501	275.77225,201.67484,2532.0115	293.3057,260.51874,2496.5251	271.4975,245.21541,2367.838	265.76028,295.32428,2251.388	255.1998,400.57916,2255.7732	262.90536,295.6035,2433.6633	208.08945,487.15485,2281.4602	307.00754,384.81982,2389.9148	265.76028,295.32428,2251.388	307.10858,475.91406,2434.4631	308.47592,213.64711,2320.8425	375.63058,200.74934,2123.9004	
287.31158,149.07787,2427.5977	277.51047,195.61284,2393.5266	286.07803,190.31961,2257.523	313.398,209.23822,2150.1963	277.51047,195.61284,2393.5266	269.86417,200.33685,2529.5303	283.50525,260.3397,2497.2922	269.32343,244.62761,2367.9644	265.79126,295.1444,2255.6387	249.83032,399.7238,2256.2163	256.46942,294.31082,2429.1655	204.1778,486.74664,2284.0002	309.31714,378.20227,2385.9988	265.79126,295.1444,2255.6387	309.4056,470.6673,2421.6267	301.5272,225.60289,2284.1816	380.5434,199.25792,2125.7715	
287.01736,148.63243,2429.3574	276.4088,195.02649,2393.8308	285.7163,189.96872,2256.14	312.79553,212.65851,2147.5605	276.4088,195.02649,2393.8308	268.11383,199.53409,2531.5217	278.7343,260.19302,2503.3452	267.7787,243.98724,2368.993	264.1986,294.6087,2256.7217	246.23602,399.02222,2255.6074	254.10912,293.40717,2431.5884	202.82303,487.45752,2281.644	311.63458,374.0929,2391.1025	264.1986,294.6087,2256.7217	313.2799,466.7785,2423.7617	298.56216,238.5739,2266.6843	379.28455,196.89458,2139.3677	
287.07324,147.71835,2430.8948	277.52594,194.54591,2398.3057	275.38254,187.44121,2259.8406	306.2789,217.12675,2145.529	277.52594,194.54591,2398.3057	279.43536,200.87502,2536.7708	292.7931,255.56752,2517.9087	269.48694,243.4904,2372.9587	259.19818,292.80258,2256.1836	240.37836,397.44397,2251.0222	263.19485,294.1293,2439.04	199.19778,486.50333,2281.2866	316.8472,374.08173,2391.3706	259.19818,292.80258,2256.1836	320.05682,466.34692,2427.3914	308.72394,237.73645,2342.1997	371.9798,195.21104,2158.4377	
286.43362,147.22517,2431.408	278.09583,194.15892,2397.5603	268.0989,185.6984,2262.342	293.167,222.38678,2144.4558	278.09583,194.15892,2397.5603	287.02533,201.71608,2532.7786	302.3335,254.78941,2522.092	271.4185,243.1994,2369.1768	257.57407,291.79068,2253.4705	242.44833,397.3069,2245.5894	271.08047,294.94983,2428.116	202.50914,487.32068,2275.2097	317.32492,381.59277,2377.662	257.57407,291.79068,2253.4705	321.53226,474.2732,2413.4946	321.4597,241.85864,2334.1738	357.41214,197.27263,2171.141	
287.0146,146.60725,2423.2905	278.6911,194.5988,2394.9102	261.4867,186.0128,2269.0847	279.28198,228.69601,2150.2363	278.6911,194.5988,2394.9102	294.17792,202.32764,2520.7356	310.9012,256.1234,2515.3174	271.97635,243.75258,2368.0889	253.4242,292.03375,2259.74	240.10803,397.1425,2257.256	276.00507,295.89685,2422.7952	200.58662,486.54626,2288.5662	315.5856,386.58975,2384.5125	253.4242,292.03375,2259.74	317.7274,479.1854,2418.7424	336.5563,249.44829,2302.256	342.17444,200.8601,2190.0596	
286.85037,146.99176,2418.662	278.6913,195.36816,2391.9333	255.4986,186.81712,2280.4849	258.96768,230.73521,2156.4915	278.6913,195.36816,2391.9333	299.81897,203.15784,2503.3818	318.15665,255.95879,2497.859	272.12207,244.60323,2364.5042	249.8757,292.5966,2265.0073	239.4592,398.4826,2251.5908	279.99283,297.24796,2409.1426	200.55844,487.57535,2288.2466	314.8377,391.01904,2374.9238	249.8757,292.5966,2265.0073	318.3122,484.01727,2408.1245	349.7141,257.1113,2278.5842	323.18997,208.40375,2191.403	
286.33868,147.12016,2424.8667	278.49567,195.22809,2394.6953	251.13956,186.65704,2298.084	241.00543,233.37341,2177.7424	278.49567,195.22809,2394.6953	303.73007,203.13437,2491.3066	324.3253,254.112,2475.9553	272.07233,244.31653,2363.901	247.33598,291.8468,2271.027	239.50659,398.13605,2249.9846	282.6823,297.40683,2395.1858	201.62769,487.52533,2288.113	313.53018,393.05212,2372.0852	247.33598,291.8468,2271.027	318.69183,485.09772,2412.8738	361.57523,262.7956,2270.4412	308.68866,219.32979,2203.3064	
285.7854,147.72339,2420.52	277.8901,196.23071,2393.4915	247.84508,188.20612,2308.1152	226.24008,237.21838,2205.7224	277.8901,196.23071,2393.4915	305.86554,203.70256,2478.8677	330.5906,254.1188,2448.6472	271.42908,245.42044,2364.7595	245.0354,293.0086,2281.3699	240.45345,399.5683,2249.1665	283.67865,298.5032,2390.6853	202.42892,488.0517,2292.7249	311.5512,394.66455,2382.3735	245.0354,293.0086,2281.3699	318.34833,486.87866,2417.6482	374.2901,269.56332,2262.5256	294.6946,232.69304,2203.0676	
285.3165,148.53656,2418.3525	277.48322,197.31421,2393.26	245.93039,189.60919,2315.1526	215.72818,238.5763,2232.3079	277.48322,197.31421,2393.26	307.04156,204.5322,2471.3674	342.87958,246.78159,2394.5212	270.9355,246.55481,2365.9434	243.48909,294.12967,2288.5703	241.67244,401.18353,2238.0386	284.11108,299.64377,2388.683	202.92688,488.10382,2291.9019	312.7336,395.8565,2380.9282	243.48909,294.12967,2288.5703	316.77982,487.74866,2420.145	397.89487,274.48648,2287.4495	282.6597,244.35735,2206.4634	
285.32788,149.99207,2409.289	277.17108,199.18895,2390.2664	244.69548,191.83746,2316.8364	209.95978,240.36024,2251.2556	277.17108,199.18895,2390.2664	307.71085,206.10223,2463.6963	344.63617,247.72957,2387.851	270.29596,248.57227,2367.6672	241.9567,296.1913,2297.8699	241.93234,403.27313,2237.4297	283.7782,301.5163,2392.2664	202.11743,488.89728,2295.9497	313.55862,397.54938,2380.6406	241.9567,296.1913,2297.8699	316.26544,488.61877,2426.5854	399.43442,276.8184,2276.48	275.07678,253.07024,2209.4316	
284.73557,151.94098,2405.237	276.45837,201.18004,2388.786	243.41064,194.08357,2318.6367	206.92938,242.45111,2263.226	276.45837,201.18004,2388.786	307.6205,207.87161,2458.935	344.8186,250.5215,2380.9614	269.4065,250.6492,2369.3142	240.5391,298.29483,2304.65	241.89575,405.45996,2232.6062	283.11755,303.4818,2395.0352	200.66684,490.81232,2289.861	314.2895,399.43506,2375.4224	240.5391,298.29483,2304.65	315.88254,489.6663,2429.084	399.7554,280.4677,2262.5337	270.8609,258.58405,2211.0906	
284.3466,153.49959,2403.7036	276.24658,202.95523,2387.462	242.66231,196.02734,2321.8616	204.88919,245.16283,2273.6875	276.24658,202.95523,2387.462	308.0346,209.51259,2453.0623	346.36243,252.71544,2365.9973	269.1438,252.47728,2368.6313	239.8534,300.12567,2307.4614	242.20175,407.4362,2226.3137	283.2196,305.36597,2392.1401	200.92838,491.87292,2289.959	316.37073,401.36563,2361.0537	239.8534,300.12567,2307.4614	315.97504,489.62708,2431.6697	402.84985,283.34882,2255.9016	267.7958,262.4803,2211.5474	
283.67914,154.68692,2404.4229	275.9276,204.01715,2386.7854	241.77083,197.31778,2327.5051	203.92633,245.72542,2276.5981	275.9276,204.01715,2386.7854	308.4288,210.39178,2446.0657	349.1704,252.39526,2351.998	268.91266,253.57361,2367.6353	239.31221,301.23367,2310.18	242.27957,408.52728,2226.3103	283.53308,306.55603,2386.7903	200.42972,492.1181,2292.9307	317.23663,402.6474,2356.2908	239.31221,301.23367,2310.18	315.84427,489.9649,2434.44	408.17303,281.4008,2254.9246	265.90128,265.2177,2209.4644	
283.01852,156.73177,2410.3486	274.7967,205.5313,2385.8625	240.20703,198.4158,2334.1526	203.30663,246.37,2278.1438	274.7967,205.5313,2385.8625	307.91882,212.34491,2437.5725	352.77353,249.45361,2336.0916	267.0669,254.95259,2362.9883	236.3305,302.1315,2306.6824	238.09793,409.72638,2221.992	281.39767,308.4582,2373.5457	198.18304,494.1164,2289.8699	314.28183,405.10693,2349.9792	236.3305,302.1315,2306.6824	314.5547,493.49323,2422.2039	414.23483,274.18118,2240.532	264.5381,266.44846,2204.2336	
282.6648,155.94302,2412.239	274.6599,204.63896,2386.7434	239.73233,197.72484,2340.7336	198.67554,245.14395,2291.2603	274.6599,204.63896,2386.7434	308.26633,211.29155,2432.7532	356.98413,243.89157,2319.5513	266.9745,254.0494,2364.018	236.09537,301.17953,2311.5742	238.94116,408.24774,2235.321	281.6067,307.5773,2371.0112	200.40063,493.75085,2297.477	316.85596,402.7249,2359.648	236.09537,301.17953,2311.5742	316.26276,490.1615,2436.5483	420.79495,258.31662,2220.7798	258.35495,264.6273,2206.272	
282.3879,153.23245,2413.1687	274.82843,201.96153,2387.9226	239.6742,195.4026,2345.5625	196.61584,241.80472,2298.0376	274.82843,201.96153,2387.9226	308.75717,208.29181,2430.2827	360.03186,237.22485,2315.7588	267.5337,251.38622,2365.6172	236.93332,298.64066,2315.9556	237.32315,405.50372,2239.98	282.7322,304.7912,2370.668	203.71603,493.23322,2299.5872	317.28076,399.9087,2364.671	236.93332,298.64066,2315.9556	317.74557,487.88278,2437.3657	423.7665,239.61894,2199.0566	254.77946,262.54437,2206.093	
281.80624,149.80797,2414.631	275.2481,198.56544,2388.5981	239.92157,192.74794,2347.4736	195.4654,239.19676,2306.344	275.2481,198.56544,2388.5981	309.37875,204.18602,2429.7227	362.21747,227.4034,2311.84	269.08603,248.06389,2365.7256	239.53415,295.8668,2316.2883	237.27911,402.4681,2246.7053	285.55133,301.13116,2369.4177	206.24945,492.83826,2294.5789	316.5396,396.8127,2373.1904	239.53415,295.8668,2316.2883	320.4791,486.5474,2430.3157	422.8193,214.33969,2186.7275	251.87671,260.4911,2204.9963	
281.61835,146.66824,2422.8782	275.5556,194.99866,2390.4111	240.16469,189.28244,2351.0322	195.18811,238.2799,2306.762	275.5556,194.99866,2390.4111	309.79938,200.5296,2429.79	362.90768,218.31998,2317.9023	269.741,244.35043,2363.3203	240.40186,292.18903,2310.7913	233.05109,398.3922,2250.681	286.67734,297.44724,2361.6677	205.6231,492.29572,2281.45	313.29938,394.50598,2368.7393	240.40186,292.18903,2310.7913	318.76038,484.79556,2423.3252	416.30035,189.5136,2189.0776	251.73657,256.86545,2200.5747	
280.98492,142.48532,2428.0083	275.7531,190.34927,2392.3901	240.33484,184.93657,2352.9841	195.09769,235.90793,2311.2505	275.7531,190.34927,2392.3901	310.0235,195.58655,2431.7961	363.02734,210.4779,2333.4338	270.64984,239.5728,2362.1484	241.95432,287.60614,2306.4463	231.76251,393.05402,2262.4023	288.3673,292.4867,2357.3672	207.10226,488.9596,2281.3894	311.6738,389.87204,2374.6768	241.95432,287.60614,2306.4463	319.85074,480.88345,2421.2139	403.8097,168.05746,2205.5408	250.547,253.69514,2197.1216	
280.04074,139.90598,2429.0864	275.52823,187.6589,2391.817	240.09964,182.49417,2351.0667	196.0632,229.64584,2319.1443	275.52823,187.6589,2391.817	309.76984,192.6506,2432.5671	362.6877,205.24509,2349.718	271.05692,236.84352,2359.5657	242.96545,285.12253,2300.9814	230.41293,390.02274,2269.034	289.43213,289.60928,2353.6475	206.51286,486.8132,2281.4731	308.7355,387.76093,2374.6948	242.96545,285.12253,2300.9814	318.61023,479.1198,2417.8274	385.8434,151.59726,2237.3484	246.15593,248.62186,2199.9778	
278.8475,138.18613,2424.1355	275.90817,186.30765,2389.5093	240.41739,182.22812,2346.8904	198.0776,225.5896,2331.1233	275.90817,186.30765,2389.5093	310.15515,190.24419,2432.1282	362.28555,204.07559,2370.8647	273.20032,235.60643,2357.2915	246.91135,284.77606,2297.5178	232.8135,389.0078,2277.8738	293.37274,287.73184,2352.6296	209.50577,486.35193,2284.4446	310.944,386.36536,2373.2078	246.91135,284.77606,2297.5178	320.35666,477.6654,2418.071	369.23102,145.29387,2270.7102	242.37961,245.09224,2203.0588	
278.01126,137.42343,2420.1577	276.27606,185.69798,2387.7446	240.81458,182.21786,2342.66	199.82437,223.23975,2342.0872	276.27606,185.69798,2387.7446	310.42322,189.0491,2432.8293	358.5989,205.52321,2387.464	274.5581,235.13948,2357.4155	249.38881,284.84705,2297.951	231.61934,387.50092,2293.0557	295.62314,286.8671,2356.222	206.13087,485.8685,2279.642	307.8187,385.97647,2377.836	249.38881,284.84705,2297.951	319.16513,476.95816,2422.2544	354.91724,144.35321,2302.5417	239.67172,243.49606,2205.0022	
277.12402,136.66443,2419.1787	276.06686,184.9837,2387.5527	240.76987,181.79944,2338.4976	195.65097,220.90503,2337.8542	276.06686,184.9837,2387.5527	309.9426,188.03975,2436.608	356.20905,208.7173,2401.7693	275.17517,234.42226,2356.7456	250.98076,284.4572,2294.232	229.98877,386.9528,2286.3179	296.9129,285.86453,2357.645	206.70248,485.37216,2280.392	305.97308,385.75046,2372.7793	250.98076,284.4572,2294.232	318.35687,475.64047,2426.269	342.09097,148.06003,2330.1113	238.79713,245.45953,2203.0676	
276.6417,136.6736,2417.2114	275.67984,185.18579,2386.671	240.59178,182.17525,2333.3596	191.81975,219.80946,2330.6716	275.67984,185.18579,2386.671	309.23462,188.06477,2439.9822	351.5087,215.33199,2421.4148	275.33606,234.6946,2356.9248	251.89264,284.99588,2292.7222	228.94203,387.16412,2285.5212	297.40057,285.9284,2361.6353	207.34566,485.72382,2282.4355	305.2918,386.156,2371.672	251.89264,284.99588,2292.7222	317.21753,476.04214,2426.0876	334.04578,155.48215,2338.3774	237.26425,248.2485,2205.4902	
275.97147,135.85619,2416.2231	275.38483,184.60544,2386.3872	240.56311,181.72255,2328.7214	189.29678,219.11856,2323.1184	275.38483,184.60544,2386.3872	308.5634,187.35226,2444.053	348.16235,221.49199,2438.2405	275.63766,234.1139,2356.7292	253.01685,284.62158,2289.801	229.36517,387.07877,2278.6907	298.0557,285.13876,2364.3416	207.41193,484.8104,2284.564	306.3348,385.6913,2367.6653	253.01685,284.62158,2289.801	315.9818,475.10538,2428.597	329.19138,163.68994,2339.737	235.9263,251.926,2211.9314	
275.51962,136.02957,2416.1973	275.01132,184.70206,2385.9592	240.56006,181.64151,2323.3384	188.17773,217.57939,2316.2102	275.01132,184.70206,2385.9592	307.70044,187.60605,2448.58	343.13434,227.759,2454.6284	275.41516,234.23949,2356.7334	253.22116,284.7868,2287.03	229.42883,387.5346,2273.4563	297.6643,285.2472,2367.985	206.15916,484.42432,2285.5554	305.47934,386.02127,2366.1348	253.22116,284.7868,2287.03	315.25684,475.02557,2430.5647	326.81754,172.08865,2338.5708	232.664,257.9989,2225.0676	
275.39664,137.0906,2408.17	274.48102,186.19443,2382.3167	240.35205,183.15268,2315.1455	190.39392,211.13852,2312.123	274.48102,186.19443,2382.3167	306.73816,189.06934,2449.4878	338.16855,232.86139,2463.8071	274.86,235.95845,2357.0916	252.94792,286.71884,2288.4558	230.91283,390.09912,2270.003	296.73135,286.8765,2375.277	204.14494,485.87305,2284.4072	306.49136,387.40485,2369.3713	252.94792,286.71884,2288.4558	314.21698,476.25293,2435.0916	328.2893,180.8949,2328.63	225.18729,262.241,2245.892	
275.81668,137.51749,2411.112	274.23254,186.38849,2382.2495	240.57462,182.50668,2310.6924	191.11224,208.35632,2310.5156	274.23254,186.38849,2382.2495	305.9274,190.0439,2453.8066	332.89105,237.60661,2474.8555	273.91028,236.09929,2355.083	251.53403,286.46823,2281.662	231.4578,391.0874,2253.7852	294.768,287.45285,2374.171	200.73004,485.43658,2274.7485	307.11652,388.30048,2357.2705	251.53403,286.46823,2281.662	313.40662,476.34613,2432.3196	330.43808,192.48859,2305.0493	221.16403,264.51758,2252.65	
276.56076,138.38354,2405.0833	273.99335,187.49255,2378.8633	240.62112,183.08592,2304.333	191.39972,207.77423,2303.6716	273.99335,187.49255,2378.8633	305.33798,191.63144,2453.3936	331.1086,237.89838,2497.3584	272.73535,237.35872,2354.3394	249.62265,287.5263,2281.6648	233.35281,393.05206,2248.0974	292.39505,288.99277,2377.966	202.26083,485.21155,2284.9675	307.38922,389.07477,2365.701	249.62265,287.5263,2281.6648	313.9994,478.2838,2429.8167	335.258,206.5139,2292.9553	219.38963,266.27356,2246.0464	
277.73413,140.59079,2402.0334	273.72723,189.8429,2376.473	240.79593,184.5473,2298.5918	191.42317,206.00142,2297.1577	273.72723,189.8429,2376.473	304.56857,194.80243,2454.354	331.40918,239.99255,2528.0635	271.0755,239.75922,2352.867	246.78241,289.46243,2278.9214	235.65915,396.27765,2231.626	289.0443,291.86032,2379.6006	201.07104,484.726,2287.2417	308.97723,391.338,2359.088	246.78241,289.46243,2278.9214	312.66537,479.3377,2433.8354	338.5942,219.43085,2296.9983	218.53842,265.33014,2235.3943	
279.0279,142.61624,2400.5195	274.31216,191.92906,2374.4353	242.09787,185.88824,2291.7546	192.57451,209.19545,2276.128	274.31216,191.92906,2374.4353	304.35846,197.56332,2457.116	332.60876,242.13484,2560.4475	270.78394,241.85257,2350.1245	246.00934,291.25424,2272.3591	239.86378,398.879,2222.5615	287.40326,294.3149,2379.2683	202.89595,486.35907,2281.186	312.58987,392.6468,2356.9597	246.00934,291.25424,2272.3591	314.5,480.37787,2434.4036	338.9124,229.57219,2311.7708	221.95258,268.72147,2218.6929	
281.0852,145.7355,2399.6846	275.14642,194.51862,2372.454	244.16806,187.43552,2282.9792	196.35051,215.06305,2253.2559	275.14642,194.51862,2372.454	303.8731,201.08685,2461.929	332.26407,244.5119,2586.5496	270.37653,244.38132,2346.834	245.03252,293.30057,2263.3098	243.18234,401.45386,2215.8542	284.97372,297.2894,2379.118	203.74304,487.31488,2279.374	313.95956,394.33762,2362.1514	245.03252,293.30057,2263.3098	312.7738,483.0163,2431.1216	336.40118,237.27551,2328.0896	227.6552,274.53842,2194.311	
282.7584,147.6759,2400.2922	276.1201,196.16547,2371.2664	247.06479,188.2044,2272.7268	203.71994,224.18724,2223.9607	276.1201,196.16547,2371.2664	302.8569,203.49127,2469.806	332.10367,245.67847,2599.6313	270.5796,245.95566,2343.8135	245.60017,294.5782,2252.5295	246.89069,402.76385,2216.2646	283.17984,299.148,2380.1917	205.62482,487.9867,2278.8296	315.87317,394.26685,2374.9407	245.60017,294.5782,2252.5295	312.10043,484.80774,2425.725	333.82446,242.12839,2342.8152	237.56792,283.87808,2168.5046	
284.97162,149.4649,2400.1572	278.02246,197.64867,2370.5684	252.00778,189.19751,2260.6006	216.58441,236.56595,2188.4453	278.02246,197.64867,2370.5684	301.73053,205.3505,2480.5361	330.30597,246.66283,2620.7205	272.20593,247.42944,2342.3833	248.8537,296.101,2242.821	252.11398,404.17606,2217.5793	282.6009,300.60568,2385.5754	208.86038,487.54767,2284.8372	317.28006,394.4443,2386.8025	248.8537,296.101,2242.821	313.73428,485.85486,2427.931	331.80048,244.37245,2358.0552	253.8967,294.86362,2142.2786	
286.29178,150.09055,2400.23	279.9943,197.93253,2368.6018	256.90457,188.99481,2249.626	236.2124,247.19989,2167.816	279.9943,197.93253,2368.6018	300.87534,206.01527,2487.5776	328.21564,248.30571,2639.9172	274.4751,247.69879,2337.5115	253.3564,296.45615,2229.4912	254.0549,404.43195,2217.098	283.26038,301.0056,2383.351	209.80264,487.65823,2282.7656	318.3014,394.82117,2385.544	253.3564,296.45615,2229.4912	315.95197,487.0097,2421.4382	329.59677,246.6553,2373.9177	278.08032,304.22333,2118.7961	
287.26343,149.49567,2407.8403	282.3018,197.35764,2374.4429	263.63245,188.35622,2245.707	259.02936,252.2018,2156.0974	282.3018,197.35764,2374.4429	299.05087,205.4332,2503.1787	322.97125,254.50388,2629.427	277.4057,247.02896,2342.7578	259.7864,295.94965,2227.5146	256.4107,402.4513,2234.3696	284.08575,300.02747,2394.6309	210.74493,486.42255,2287.2031	317.33545,393.56482,2403.3438	259.7864,295.94965,2227.5146	316.80817,485.83948,2433.4111	326.66748,263.8933,2360.047	304.9851,307.18207,2101.7527	
288.19196,147.70988,2404.5562	283.54953,195.8685,2376.3748	268.85837,187.7391,2240.1685	280.61453,250.90948,2150.6555	283.54953,195.8685,2376.3748	296.64792,203.11649,2512.581	316.8933,256.4966,2614.6943	279.10275,245.6725,2350.3213	264.68747,295.29443,2236.2102	253.36414,399.98212,2251.032	283.70465,297.79688,2412.3254	209.2409,485.36102,2295.7163	315.43344,391.66846,2412.255	264.68747,295.29443,2236.2102	316.15152,484.0961,2438.4932	322.0371,275.39444,2353.1733	331.66278,300.50323,2088.1208	
288.13666,145.87279,2403.4392	283.55304,194.19589,2380.5232	275.98053,187.48273,2238.5027	296.70752,245.42845,2149.4294	283.55304,194.19589,2380.5232	290.2729,200.15314,2522.5437	307.25214,256.34976,2604.599	279.58734,244.07536,2361.213	270.2905,294.56116,2248.9155	252.86194,398.21393,2259.498	280.41983,294.97714,2434.8896	209.91385,484.22778,2301.851	309.77536,389.3769,2421.0686	270.2905,294.56116,2248.9155	314.1136,481.735,2443.944	312.8618,283.2695,2354.921	355.17508,283.72165,2087.3054	
288.6378,144.3949,2402.104	282.29242,192.39111,2378.7842	283.3193,186.67422,2237.571	308.19153,238.92711,2146.986	282.29242,192.39111,2378.7842	281.3806,197.46727,2519.9973	295.58896,255.72224,2585.694	276.9625,242.21532,2361.4834	271.77737,293.17072,2253.1736	246.0946,395.614,2252.841	271.3471,292.40878,2435.1917	206.33813,483.8983,2291.9426	304.3826,387.08173,2403.0608	271.77737,293.17072,2253.1736	310.25952,480.7832,2419.7178	301.07565,289.54364,2350.351	373.6541,258.77725,2098.7217	
288.49652,142.57347,2401.063	282.02954,190.84625,2378.5305	286.70847,185.644,2236.824	314.94168,233.13057,2146.3464	282.02954,190.84625,2378.5305	277.87677,195.46347,2520.237	289.54575,255.0233,2572.7349	276.4156,240.6745,2362.481	273.21136,291.90872,2256.7234	243.11804,392.56833,2263.4597	268.42145,290.51343,2436.1394	207.22842,483.84442,2289.5535	309.172,381.2704,2402.5007	273.21136,291.90872,2256.7234	312.99023,475.42212,2416.572	295.1682,294.58548,2353.0867	380.87302,230.17505,2124.6067	
288.51617,140.7447,2400.5989	281.89624,188.81766,2378.3887	287.56744,183.68614,2235.5833	316.5071,226.05374,2139.6477	281.89624,188.81766,2378.3887	276.86752,193.36786,2521.194	286.3554,253.76985,2563.1064	276.1269,238.63939,2362.9763	273.3948,289.92072,2256.532	240.79184,390.09357,2261.994	267.40118,288.37,2438.596	206.07635,482.17157,2286.9849	308.9356,378.79254,2400.5217	273.3948,289.92072,2256.532	314.73346,472.74466,2416.498	292.12302,298.00214,2359.6821	375.8935,201.59842,2149.3894	
288.5215,139.82935,2407.652	281.50104,187.34856,2377.9983	293.97876,182.75226,2245.373	314.822,219.15883,2132.0159	281.50104,187.34856,2377.9983	270.34164,191.45924,2510.6235	278.1343,252.68019,2544.0742	274.9793,236.97963,2358.0312	275.9251,288.31134,2251.9082	242.76328,388.61328,2257.8896	261.30594,286.66608,2424.2202	207.55112,480.59912,2284.1294	301.7393,378.49347,2385.5623	275.9251,288.31134,2251.9082	310.6786,473.14197,2398.0183	283.47662,300.95828,2356.8127	361.67792,179.07646,2173.4727	
288.30603,138.61836,2411.2598	280.4807,185.64465,2373.0066	296.18735,180.93585,2245.1616	310.54898,214.3193,2119.3477	280.4807,185.64465,2373.0066	266.37997,189.87202,2500.8516	272.73224,251.7013,2527.5488	273.01135,235.0735,2347.2627	274.8981,286.22894,2239.7246	239.18513,385.7866,2251.566	256.50272,285.0112,2403.313	204.69429,479.0805,2272.7507	302.71875,374.29535,2373.4988	274.8981,286.22894,2239.7246	308.9144,468.74768,2394.3843	277.77988,303.30484,2355.9873	343.9576,162.97894,2187.3013	
288.4837,137.36707,2414.6692	280.7847,184.62024,2377.5334	290.3102,178.49573,2240.7893	300.01816,213.4863,2107.703	280.7847,184.62024,2377.5334	272.29532,190.07857,2514.2776	277.33246,251.80867,2535.5886	273.43082,233.98146,2351.993	271.5827,284.40424,2236.6946	237.2747,382.99982,2265.9497	260.6693,284.44708,2416.2102	202.78723,476.98926,2276.991	308.39996,371.10504,2390.7256	271.5827,284.40424,2236.6946	315.3903,462.72562,2430.3137	282.63113,305.68,2379.0032	328.25958,156.125,2184.198	
288.77698,138.30515,2414.7122	281.82736,185.96288,2378.9622	284.01678,178.4049,2237.4758	286.53564,216.16165,2104.7068	281.82736,185.96288,2378.9622	279.88373,192.6723,2520.4485	283.87238,254.38617,2537.464	274.97443,235.34947,2352.4163	268.8291,285.04684,2232.947	238.35649,384.6222,2266.8892	267.16748,286.61722,2418.7937	202.6034,479.09955,2270.1338	311.17264,375.88657,2386.921	268.8291,285.04684,2232.947	319.07962,468.326,2419.9065	289.39755,310.29797,2394.9749	313.60968,158.20491,2179.0876	
288.43646,138.26697,2415.1335	282.94098,186.10081,2377.622	275.99426,177.25893,2239.2534	269.69806,217.71533,2099.4983	282.94098,186.10081,2377.622	289.12363,193.97018,2515.9907	292.28275,255.88965,2529.5803	277.68784,235.58601,2348.496	267.3133,284.5756,2228.9949	239.02597,384.8908,2264.5703	276.91794,287.92212,2409.7454	202.91232,478.89523,2271.451	314.71365,380.11517,2380.2625	267.3133,284.5756,2228.9949	322.3879,472.78128,2413.5613	298.01965,313.57697,2400.2258	302.6039,160.47623,2179.1035	
288.43695,138.68176,2414.4924	282.9732,186.52643,2378.0825	270.19617,177.13629,2243.4082	255.56107,219.39027,2102.878	282.9732,186.52643,2378.0825	294.38065,194.91002,2512.7568	296.89624,256.97614,2523.613	278.17764,235.98682,2346.8784	264.6567,284.61078,2229.5603	237.65053,385.1497,2266.596	281.23257,288.794,2401.7883	202.17365,478.97137,2276.0881	310.17148,384.25717,2379.5054	264.6567,284.61078,2229.5603	318.91678,476.00055,2419.592	302.53024,316.03516,2406.4038	297.777,166.02618,2177.098	
288.84976,139.7084,2407.3735	282.78265,187.73993,2373.0051	264.52563,178.44778,2246.1956	242.74869,222.00854,2115.2136	282.78265,187.73993,2373.0051	299.18738,196.08936,2499.8147	301.19843,258.52124,2508.4893	277.8159,237.3337,2342.1545	260.51453,285.90646,2229.7126	235.79929,387.75848,2258.5605	284.08646,290.4364,2392.8953	200.39546,480.5513,2278.3105	310.07614,387.22858,2377.8655	260.51453,285.90646,2229.7126	317.5643,480.2531,2408.18	306.6757,318.9325,2402.444	295.26733,176.3916,2167.3555	
288.68295,140.7865,2403.756	282.16193,189.15225,2371.1265	260.69193,179.91629,2249.7266	232.94193,224.58202,2131.4456	282.16193,189.15225,2371.1265	301.54047,197.48854,2492.5264	303.15054,260.1339,2499.4592	277.2293,238.79109,2339.6428	257.9571,287.3279,2230.4778	237.09338,390.75623,2250.0764	285.44214,292.08032,2385.8406	201.3884,482.1064,2281.422	309.8608,389.31363,2380.3352	257.9571,287.3279,2230.4778	316.6283,482.56433,2408.3684	308.32233,321.53238,2403.6284	293.78864,189.86273,2151.8547	
288.67108,141.595,2402.0044	281.74622,190.22467,2371.0183	257.1628,181.10156,2258.077	219.68358,228.55357,2158.439	281.74622,190.22467,2371.0183	304.09412,198.51816,2483.9597	305.38284,261.40244,2489.5015	276.58517,239.83478,2338.78	254.9372,288.1687,2233.8154	236.89508,392.0008,2253.504	286.62344,293.33188,2379.268	200.40192,483.4527,2281.0354	310.97015,390.74744,2378.4158	254.9372,288.1687,2233.8154	316.35275,483.90833,2408.467	310.25238,323.62524,2402.9827	285.01538,208.29651,2143.933	
288.5622,143.297,2408.092	281.83206,191.82423,2376.1182	255.94278,182.78432,2266.74	211.81104,231.64302,2178.2388	281.83206,191.82423,2376.1182	305.44272,200.06851,2485.4963	306.47192,262.93,2489.927	276.55197,241.32367,2343.4966	253.96454,289.4945,2240.6213	239.72577,394.60532,2246.9326	287.26862,294.78592,2381.1287	203.56204,484.26123,2288.7424	311.44104,392.13254,2382.109	253.96454,289.4945,2240.6213	315.90237,483.80078,2423.204	310.9797,325.57867,2411.8735	278.64407,227.16917,2146.056	
288.86493,145.86917,2404.1414	281.70834,194.59323,2375.2676	254.20459,186.10782,2271.4814	208.46625,230.9109,2202.0942	281.70834,194.59323,2375.2676	306.9092,202.36816,2479.0537	307.73337,265.4036,2482.5962	276.3028,244.2162,2345.0247	252.50824,292.60007,2247.857	241.5061,398.53796,2243.7183	287.9783,297.52908,2381.7065	201.38939,487.10895,2281.9238	314.91565,394.80127,2370.921	252.50824,292.60007,2247.857	315.36557,484.8896,2426.8083	311.91135,328.5959,2412.221	269.9574,242.48843,2147.8853	
288.52402,147.92914,2401.6628	281.366,196.6083,2374.5295	252.39433,188.57623,2276.94	205.23904,229.89142,2224.2612	281.366,196.6083,2374.5295	308.0503,204.00624,2472.1191	308.71066,267.2275,2474.952	275.85168,246.31837,2346.0952	251.0021,294.8238,2254.6602	241.04059,401.20117,2242.0554	288.38577,299.54422,2380.6616	200.67105,489.1518,2283.9731	316.6918,396.8488,2364.2422	251.0021,294.8238,2254.6602	315.03186,484.83905,2436.3428	312.5654,330.86234,2411.529	260.4385,256.30426,2150.4336	
288.38245,149.39856,2401.3716	281.64545,198.06638,2374.626	251.30618,190.64258,2283.9849	203.17297,229.79456,2242.7615	281.64545,198.06638,2374.626	309.75375,204.94427,2465.267	318.7488,267.63397,2488.897	276.434,247.85799,2347.477	251.03354,296.57983,2261.767	242.47662,403.58606,2235.7847	290.17963,300.93964,2378.8892	202.77664,489.3919,2293.5295	319.45126,398.34125,2357.7305	251.03354,296.57983,2261.767	315.2661,483.95282,2446.3672	324.25537,311.3445,2398.6106	253.01003,266.02417,2160.076	
287.7133,150.39618,2402.229	281.4967,199.2532,2374.8198	250.05142,192.31967,2290.5894	202.46898,228.69818,2261.3652	281.4967,199.2532,2374.8198	310.78778,205.71176,2459.0503	324.7145,269.1339,2480.4473	276.58163,249.09305,2348.0513	250.79274,297.97714,2266.881	240.94888,405.1734,2232.6165	291.36285,302.09116,2375.6843	202.94138,491.03735,2295.156	318.9986,400.04358,2356.3433	250.79274,297.97714,2266.881	314.63318,486.51358,2439.8818	336.23477,314.74777,2378.2808	246.93628,271.0645,2168.101	
287.8176,150.57724,2401.2102	281.7202,199.69614,2374.012	249.12866,193.08072,2298.3423	202.4434,228.60533,2271.578	281.7202,199.69614,2374.012	312.2983,205.9029,2449.6816	329.7357,269.77948,2462.6064	276.67236,249.56474,2347.9297	249.98196,298.39948,2272.9194	239.02158,405.20312,2239.566	292.1516,302.61908,2370.7754	201.6132,492.29095,2294.7148	317.98074,401.03082,2355.9597	249.98196,298.39948,2272.9194	315.8235,488.23383,2435.2065	350.49673,319.56354,2356.6099	243.66516,274.4943,2172.8057	
287.37836,149.00505,2400.7935	280.81656,197.97604,2372.356	247.30438,191.10669,2305.2627	202.1077,228.12529,2281.7366	280.81656,197.97604,2372.356	312.48532,204.46753,2439.4492	334.2008,267.6557,2438.023	274.87616,247.77704,2346.743	246.65536,296.10092,2277.7668	234.04181,402.53998,2243.4993	290.14163,301.15887,2364.493	200.06833,491.22836,2296.3032	314.4874,399.67212,2358.447	246.65536,296.10092,2277.7668	314.2601,487.8858,2430.7898	364.86475,317.35425,2339.1255	241.9039,275.4491,2180.668	
287.44952,147.20023,2400.4841	280.83136,196.3432,2372.4956	246.7857,189.5396,2310.6628	202.22905,228.43068,2286.5479	280.83136,196.3432,2372.4956	313.14746,202.80116,2434.3284	339.34808,261.98315,2415.546	274.69717,246.1213,2347.496	245.97122,294.28534,2282.5903	235.3736,400.32794,2254.327	290.13187,299.56604,2362.4028	203.3545,491.1562,2295.4814	315.49866,397.2055,2366.9204	245.97122,294.28534,2282.5903	316.61557,486.5867,2429.3206	378.42767,307.9734,2322.3018	242.10995,276.34418,2187.835	
287.1941,144.37216,2407.3103	280.94632,192.91693,2376.5024	246.8522,186.05026,2315.258	202.96602,228.62668,2289.8376	280.94632,192.91693,2376.5024	313.3273,199.43858,2437.7468	344.27643,254.62837,2400.5164	275.02783,242.5368,2349.393	246.4492,290.55914,2282.7617	234.29636,395.9273,2262.2764	290.73935,295.97894,2361.8057	205.11859,489.68896,2287.481	313.79617,393.2429,2379.4639	246.4492,290.55914,2282.7617	318.58096,484.54773,2422.6147	389.2912,292.4276,2301.5798	243.19688,276.10086,2189.5369	
286.71878,141.78537,2396.7173	280.92596,190.8923,2374.6677	246.58386,184.80734,2314.3142	203.58383,228.54901,2291.728	280.92596,190.8923,2374.6677	313.56567,196.67561,2435.0212	357.69583,235.6916,2353.946	275.50626,240.74167,2355.1572	247.456,289.16953,2296.6602	233.34027,393.20587,2282.98	291.7959,293.6042,2374.6333	207.00293,487.64978,2303.3137	312.57214,390.88657,2392.1128	247.456,289.16953,2296.6602	318.40497,481.33145,2438.9983	409.82904,233.64276,2205.7205	244.01974,275.46802,2188.861	
286.41977,140.46713,2397.9346	281.08948,189.60857,2375.241	246.72961,183.80156,2314.473	203.37457,225.40948,2300.8718	281.08948,189.60857,2375.241	313.73505,195.12585,2436.009	360.54175,226.00888,2358.471	276.18512,239.49625,2355.501	248.6601,288.16656,2296.5073	232.18478,392.30188,2275.7273	292.99063,292.21964,2375.0146	206.83795,488.07407,2291.0786	312.04712,390.61603,2381.123	248.6601,288.16656,2296.5073	318.30865,481.47583,2428.2827	399.4661,205.51782,2186.3582	242.05984,272.92752,2194.6382	
285.99634,139.25089,2399.0508	281.54712,188.41673,2375.566	247.22925,183.10014,2313.5852	202.23544,222.963,2305.021	281.54712,188.41673,2375.566	314.11972,193.46295,2437.5466	361.3245,219.42543,2369.24	277.52225,238.35907,2355.6602	250.93893,287.44785,2295.7036	232.04153,390.68134,2283.0356	295.16043,290.8,2375.8052	207.43384,487.7118,2287.5562	311.40167,389.46954,2384.9138	250.93893,287.44785,2295.7036	319.55255,480.84885,2425.8477	381.46915,183.36137,2195.5237	240.60197,270.55203,2199.109	
285.8659,137.70844,2399.6035	281.78326,186.90462,2376.226	247.53767,181.73851,2313.2126	201.7139,221.54695,2306.017	281.78326,186.90462,2376.226	314.25955,191.8038,2439.2395	361.45197,216.53035,2375.6235	278.0909,236.8567,2356.5386	251.91168,286.07404,2296.1345	229.71254,388.19595,2289.4895	295.99295,289.17294,2377.5676	206.84848,485.73492,2291.2017	308.99228,388.12262,2388.4124	251.91168,286.07404,2296.1345	316.93982,480.29437,2422.1914	361.87753,169.78311,2224.1333	239.87788,269.62,2202.5781	
285.33734,136.75494,2399.398	282.11316,185.95485,2376.4932	247.93843,181.45894,2312.035	200.41519,221.45192,2303.9553	282.11316,185.95485,2376.4932	314.483,190.21332,2440.9514	358.0476,215.9855,2383.821	279.5418,235.95638,2357.1294	254.59186,285.68973,2296.1035	230.83737,386.92798,2297.2646	298.48166,287.84436,2379.4277	209.06766,485.39005,2290.1553	309.64456,387.15872,2387.481	254.59186,285.68973,2296.1035	318.85767,479.3498,2420.6746	345.648,163.36484,2260.107	239.23933,269.9192,2206.6838	
284.67667,137.37457,2392.2927	281.97327,186.45172,2373.9766	247.81479,182.8637,2308.1846	199.83719,220.21387,2301.2876	281.97327,186.45172,2373.9766	314.28946,189.84622,2439.7686	355.88885,217.22586,2394.438	280.47986,236.61688,2358.2126	256.7521,286.99734,2299.922	230.49863,387.6435,2298.5154	300.38834,287.90076,2384.9753	208.61752,485.62073,2295.2146	308.28067,387.4771,2389.859	256.7521,286.99734,2299.922	318.25858,479.2841,2424.943	333.45166,163.44038,2300.123	238.08638,270.19214,2211.058	
283.82935,136.60815,2388.7527	281.6595,186.04207,2373.358	247.7456,182.92598,2304.5552	198.8594,217.92387,2298.591	281.6595,186.04207,2373.358	313.66248,188.98257,2442.1606	351.73608,221.2488,2405.7507	280.84393,236.2786,2359.8818	258.04294,287.02795,2301.9368	230.89044,388.1884,2288.3567	301.17755,287.154,2390.8748	205.77762,483.86853,2300.1167	307.3043,387.00183,2389.743	258.04294,287.02795,2301.9368	315.99792,478.44836,2428.9304	326.06418,165.79642,2323.6746	235.77531,270.23685,2219.3503	
283.3454,136.41696,2394.478	281.46216,185.51036,2377.2317	248.16982,182.19533,2303.2737	198.9403,216.12509,2291.3672	281.46216,185.51036,2377.2317	312.7455,188.62534,2451.1897	348.79495,225.00125,2426.4006	280.91962,235.63356,2361.7656	258.77625,286.36902,2298.48	231.79471,388.22488,2277.664	301.10104,286.46414,2394.1191	203.82343,483.27948,2292.0918	306.47678,386.83115,2382.298	258.77625,286.36902,2298.48	314.81046,477.55304,2429.825	321.2693,169.36087,2341.6648	233.24919,271.66574,2225.0547	
283.00754,136.75848,2389.3135	280.90378,186.09372,2374.4905	247.69951,182.83041,2299.0469	200.49509,216.40422,2278.7563	280.90378,186.09372,2374.4905	312.06305,189.15604,2449.934	345.05527,231.0841,2453.8171	280.2467,236.32086,2361.1216	258.10574,287.15356,2299.0203	231.64276,389.2083,2277.3508	300.18512,287.0879,2396.485	202.375,484.211,2289.6853	307.32413,387.57965,2378.4905	258.10574,287.15356,2299.0203	313.96786,478.4425,2426.95	321.31744,176.07086,2343.2783	230.83403,275.79706,2229.046	
283.14896,137.7063,2388.214	280.7776,187.62405,2374.044	247.97221,184.12541,2295.3271	203.76544,217.91945,2271.123	280.7776,187.62405,2374.044	311.47733,190.89813,2452.7607	338.6297,235.83116,2484.386	279.77472,237.87929,2361.3516	257.53714,288.65634,2297.7852	233.2879,391.79468,2267.4768	299.0849,288.69812,2399.5332	203.14542,485.52258,2290.3489	307.43402,388.7724,2385.7705	257.53714,288.65634,2297.7852	314.65155,481.06915,2419.4556	321.73965,183.36229,2342.1755	227.14105,281.07602,2229.8352	
283.01038,139.51625,2393.6497	279.74487,189.23251,2374.11	247.27542,184.7458,2293.135	206.92287,226.14616,2258.8848	279.74487,189.23251,2374.11	310.07248,193.42326,2455.0852	333.24835,241.70749,2506.0015	277.86005,239.37337,2356.63	254.81378,289.66785,2286.8074	232.04962,394.05255,2249.899	296.15524,290.83328,2391.492	201.92621,487.5536,2279.9673	306.98444,391.2652,2372.7976	254.81378,289.66785,2286.8074	312.855,483.5987,2410.9285	324.03174,193.96802,2331.2417	227.30075,291.51428,2226.0027	
283.3858,140.43591,2396.295	278.79892,189.70978,2374.825	247.08994,184.02438,2289.336	209.94484,233.0484,2247.573	278.79892,189.70978,2374.825	308.3043,195.00008,2460.314	330.15253,237.78772,2545.8833	275.57123,239.71666,2354.8154	251.53345,289.33438,2279.514	233.59459,394.76294,2244.9102	292.08273,291.7693,2390.098	201.47293,486.6729,2282.454	307.42572,391.1798,2378.7036	251.53345,289.33438,2279.514	312.27737,482.1541,2426.263	325.1744,204.3616,2337.0032	228.2273,299.87753,2223.8198	
283.85895,142.86938,2398.6575	278.5359,192.27554,2375.8977	247.85675,185.86856,2284.692	212.99677,236.0726,2234.909	278.5359,192.27554,2375.8977	306.94666,198.20882,2467.1035	329.53836,253.69464,2548.8486	274.61063,242.19928,2353.825	250.46234,291.51892,2272.773	239.57132,398.16913,2235.4006	289.7656,294.54102,2390.7314	203.44458,487.37994,2282.3652	311.4577,392.9475,2372.5454	250.46234,291.51892,2272.773	313.95776,482.925,2429.612	328.81323,230.80013,2295.3855	227.4456,304.19238,2226.7214	
284.74664,146.02888,2398.8506	278.84177,195.17758,2376.4724	249.55069,188.15295,2278.5356	218.78214,240.3322,2221.0168	278.84177,195.17758,2376.4724	305.81418,201.64615,2474.4092	324.7222,259.5418,2538.368	274.41547,245.03555,2352.3184	250.58514,294.17474,2264.813	243.39908,401.40082,2231.72	288.1864,297.5884,2391.5156	205.04745,490.5556,2274.527	314.19626,395.0446,2371.8655	250.58514,294.17474,2264.813	313.503,484.21927,2434.6687	327.29947,249.62236,2271.2095	225.58405,308.34406,2242.7695	
285.33264,148.0209,2400.6077	279.73013,196.90652,2379.1448	253.01611,189.695,2270.8718	225.73279,243.03731,2211.9563	279.73013,196.90652,2379.1448	304.1185,203.49023,2487.4177	319.7074,262.82568,2537.4949	275.76877,246.72746,2353.5405	254.0416,296.07294,2257.7034	250.08081,403.8228,2225.573	288.3635,299.1237,2398.1692	208.52516,489.29565,2282.726	317.48264,395.51886,2377.7004	254.0416,296.07294,2257.7034	314.3742,484.71033,2438.5388	324.6125,265.07513,2266.611	223.41443,309.8501,2254.0515	
285.98306,150.74756,2401.0554	281.1858,199.74948,2377.7432	256.73547,192.60526,2261.4812	235.14807,244.2088,2214.8284	281.1858,199.74948,2377.7432	303.3565,206.2276,2494.0051	316.10754,266.54282,2533.2847	278.19785,249.63612,2350.357	259.0376,299.4281,2247.8237	253.58728,407.39655,2221.0903	290.23215,301.89032,2398.1177	209.99843,492.58316,2275.6177	321.2082,397.9291,2375.2495	259.0376,299.4281,2247.8237	316.11053,488.20413,2427.729	322.70166,279.8922,2266.1304	223.51059,308.80597,2267.6267	
286.10956,152.2756,2400.7224	282.18365,201.38507,2376.1743	260.52112,194.30225,2252.042	254.8547,257.4841,2192.3887	282.18365,201.38507,2376.1743	301.69525,207.76462,2500.3066	312.07043,268.69485,2531.1873	279.812,251.36,2348.9307	263.13205,301.52695,2241.3826	252.8729,408.90414,2222.6753	290.6844,303.42303,2401.9915	208.88147,492.38864,2285.1667	320.27792,399.5083,2384.2107	263.13205,301.52695,2241.3826	314.91922,490.42175,2429.128	319.6352,291.58908,2273.0498	272.9449,315.18738,2190.947	
286.53488,152.82077,2407.3772	282.9963,201.572,2380.062	264.28268,194.10086,2249.554	276.30634,257.22162,2181.658	282.9963,201.572,2380.062	299.76434,208.26639,2510.57	308.1571,269.4658,2534.906	280.29572,251.44531,2352.3916	265.17957,301.45743,2240.365	251.05261,407.90482,2229.4734	289.01715,303.4809,2409.0774	206.1308,490.8839,2290.5334	317.0579,399.53156,2395.0378	265.17957,301.45743,2240.365	314.06616,490.9494,2433.5552	316.17554,300.26913,2289.3086	305.40424,315.9555,2147.7075	
286.86234,152.54489,2403.661	283.68265,201.26474,2384.0596	269.86404,195.15317,2245.8965	292.59775,252.93893,2173.756	283.68265,201.26474,2384.0596	295.9873,206.70676,2522.2227	302.7642,267.9825,2541.4448	280.96512,251.20264,2365.604	269.01816,301.97836,2257.0383	252.2091,406.969,2250.4233	286.71228,301.87723,2437.2585	207.85571,489.16785,2312.5186	314.87997,396.91095,2419.9885	269.01816,301.97836,2257.0383	313.45425,487.60272,2457.6785	310.7013,305.0747,2310.5352	333.11584,307.49533,2118.7874	
287.2693,150.45152,2410.3047	283.71146,198.51627,2390.9229	273.00278,192.48196,2248.6482	303.181,247.24702,2170.3044	283.71146,198.51627,2390.9229	293.21725,203.87276,2533.1975	298.67126,265.1283,2548.412	280.50998,248.3158,2374.4014	270.15167,299.01254,2266.1504	246.91476,402.99243,2248.0051	283.84296,298.62878,2449.6094	204.28357,488.0427,2299.2217	312.8375,393.73422,2408.3828	270.15167,299.01254,2266.1504	314.06754,485.6759,2439.5173	306.40454,307.19324,2333.3022	356.1246,287.80835,2111.2966	
287.67325,147.71811,2412.2478	284.388,196.0555,2391.8184	274.97556,189.90587,2247.6765	309.6862,239.2472,2162.1765	284.388,196.0555,2391.8184	292.73044,201.50606,2535.9602	297.1153,262.85455,2548.025	281.48633,245.84975,2375.2861	272.29788,296.52176,2266.013	244.62227,399.53726,2246.7095	284.31757,296.17584,2451.4949	206.56682,488.29547,2287.9048	313.5995,391.31598,2405.595	272.29788,296.52176,2266.013	318.22748,484.63232,2424.4817	304.7113,309.0926,2349.0725	371.83072,260.748,2119.615	
287.89035,145.60127,2414.2166	284.59622,194.32904,2393.4194	276.03366,188.19955,2248.1855	313.6039,231.72395,2150.1052	284.59622,194.32904,2393.4194	292.17908,199.7572,2538.6533	295.7002,261.1447,2548.235	282.0479,244.10966,2377.3533	273.78098,294.78882,2267.668	241.91814,395.79364,2258.1387	284.71533,294.36346,2454.9062	206.37582,486.4421,2291.005	310.76825,390.35486,2406.768	273.78098,294.78882,2267.668	318.53455,483.6016,2424.2988	303.0232,310.76685,2365.2673	378.34894,231.99474,2139.9849	
288.49786,143.5814,2414.6904	284.35898,191.8501,2392.365	275.60443,185.2616,2247.0945	313.68887,223.4632,2139.5596	284.35898,191.8501,2392.365	292.1112,197.68427,2537.6355	300.3871,251.03711,2607.2131	281.14963,241.58174,2375.1868	272.01944,291.96655,2264.2668	235.81116,391.41174,2258.3616	283.31836,292.10394,2451.7502	203.4568,483.43622,2290.3997	306.86612,388.9072,2402.3	272.01944,291.96655,2264.2668	316.77774,482.88287,2413.2522	312.804,282.3133,2404.4656	374.12857,204.48463,2168.3323	
288.76025,141.56187,2407.9202	283.80173,189.89023,2387.1624	275.0246,183.43578,2241.638	309.36853,215.27203,2124.2773	283.80173,189.89023,2387.1624	291.57022,195.60297,2532.6868	300.45502,234.88268,2603.794	280.15085,239.72466,2371.8887	270.532,290.24207,2262.6396	234.81448,388.5885,2273.7764	281.9192,290.17087,2450.5903	202.71266,482.46893,2288.0613	303.78146,387.17993,2408.023	270.532,290.24207,2262.6396	316.54538,480.62006,2418.8313	310.40457,260.36737,2411.9473	360.1797,182.06433,2195.0789	
289.23505,140.4722,2410.4944	282.6031,188.43942,2384.7163	278.47836,181.62224,2238.3838	300.66605,209.60416,2112.6323	282.6031,188.43942,2384.7163	286.25085,194.46835,2531.0488	299.46417,231.3454,2598.3093	276.74768,238.02637,2366.9312	267.68326,288.1827,2255.1863	232.3736,386.47046,2273.888	273.68396,288.53165,2443.1057	199.94678,482.1417,2273.5603	296.78137,386.1663,2398.1736	267.68326,288.1827,2255.1863	311.97687,479.36017,2411.82	306.02252,260.9292,2399.8662	341.35703,165.97415,2205.4858	
288.95544,139.19739,2407.492	285.43652,188.61505,2344.516	274.19757,185.39091,2204.5056	291.35873,208.28047,2105.7974	285.43652,188.61505,2344.516	295.40875,191.47581,2484.5266	309.92392,235.04968,2549.592	276.37418,238.10551,2354.0361	259.74417,289.0708,2274.4424	228.93643,386.36743,2293.6572	274.47028,285.45993,2452.67	197.14711,480.98682,2296.7742	303.5161,380.493,2406.6362	259.74417,289.0708,2274.4424	317.12683,472.37555,2431.7432	316.17313,272.70258,2359.7434	325.492,157.17065,2211.398	
288.44418,139.29489,2410.5022	284.6671,190.27777,2355.4766	272.13562,184.71617,2215.3289	274.17578,226.89908,2056.508	284.6671,190.27777,2355.4766	295.79114,195.21469,2495.6243	311.5238,245.65996,2547.33	277.9771,240.08195,2349.5776	262.86737,290.61053,2254.295	233.4351,390.80475,2271.2964	279.02338,289.69797,2433.0625	202.16208,487.22968,2269.8625	304.80978,384.3657,2377.0305	262.86737,290.61053,2254.295	319.0227,476.1626,2411.822	317.50516,291.4664,2378.37	305.7304,170.0496,2170.9067	
288.44913,139.38663,2402.7505	284.5644,189.49771,2363.2446	271.16937,182.99359,2223.2285	264.80524,218.11316,2076.7273	284.5644,189.49771,2363.2446	296.46097,195.27425,2503.2607	313.5216,253.62804,2540.1665	278.71146,239.41798,2351.604	263.84604,289.71774,2250.1958	230.75069,387.2611,2284.594	281.0929,289.94345,2429.731	203.99373,484.30185,2283.5186	303.5231,386.1809,2391.6848	263.84604,289.71774,2250.1958	318.08377,477.49725,2425.4097	319.26523,306.1272,2391.3738	302.7785,162.68335,2179.8503	
287.702,138.9606,2408.2156	284.05753,188.35832,2374.6453	267.7101,181.01988,2239.2485	248.98952,217.93631,2093.5874	284.05753,188.35832,2374.6453	298.64133,194.90506,2510.042	312.31927,256.53232,2498.0098	279.38608,238.15846,2357.1094	263.7787,287.8888,2252.1055	229.46918,384.8897,2288.712	284.72733,289.46265,2427.0415	204.70345,482.00098,2290.2744	305.2344,386.63947,2396.4585	263.7787,287.8888,2252.1055	321.4527,479.59076,2410.6475	316.4479,316.9121,2405.022	294.74814,165.80566,2185.7087	
286.84622,139.20674,2411.5728	283.3003,188.15714,2382.367	263.25677,180.56784,2254.9397	234.45453,220.25285,2121.6416	283.3003,188.15714,2382.367	301.30847,194.97578,2509.7942	314.2161,256.5528,2502.8464	279.05896,237.84253,2361.8018	261.46472,287.15585,2258.6707	228.25882,384.60876,2292.3806	287.11694,289.56085,2423.8025	201.59476,480.52847,2298.3115	304.32578,387.89877,2392.1267	261.46472,287.15585,2258.6707	319.8907,479.9591,2417.104	318.86542,316.29074,2394.2385	286.5078,171.92459,2186.872	
286.33084,139.34871,2413.4045	281.80948,188.1265,2382.34	257.6137,180.07564,2267.7053	222.44574,221.60231,2144.7869	281.80948,188.1265,2382.34	303.78363,195.43813,2496.9749	318.2967,257.38617,2501.926	277.38748,237.69226,2356.6138	256.77255,286.40335,2256.4026	225.44339,385.26334,2283.153	287.96637,290.1803,2405.3723	198.50397,482.07233,2284.848	303.1878,389.81976,2374.3193	256.77255,286.40335,2256.4026	319.58197,482.43518,2399.6782	321.16006,316.59534,2380.902	280.092,180.61682,2180.6267	
286.08472,138.52591,2414.9885	280.33716,187.11327,2382.7031	253.05995,178.58952,2280.0781	212.5057,221.83797,2162.9912	280.33716,187.11327,2382.7031	305.3617,194.93306,2485.3281	321.68762,258.54025,2494.268	275.02594,236.49316,2353.609	251.47961,284.48596,2258.2378	225.26485,384.60126,2285.9177	286.68024,289.58698,2390.7915	196.7353,479.82562,2295.4644	300.8563,389.00787,2379.7869	251.47961,284.48596,2258.2378	317.5828,481.5849,2403.4504	326.7952,317.15985,2363.997	274.33932,189.0843,2181.4263	
286.1189,137.84448,2414.5781	280.03128,186.71564,2383.929	250.71935,178.5397,2290.0288	204.7222,222.4436,2184.417	280.03128,186.71564,2383.929	307.1216,194.2719,2477.829	324.22757,258.75403,2481.7422	274.68277,236.0999,2355.3145	249.85556,284.0485,2266.2798	228.92183,384.79465,2296.4717	287.5705,289.21503,2387.12	200.54153,480.71414,2296.9463	302.37735,388.1811,2386.6296	249.85556,284.0485,2266.2798	320.46878,479.7544,2414.5063	330.81308,318.55505,2360.6716	268.15622,201.37799,2177.3003	
286.07184,137.71542,2407.4421	279.28796,187.02792,2381.8127	248.32913,179.2428,2296.3984	199.87465,223.12271,2199.435	279.28796,187.02792,2381.8127	308.10327,194.274,2467.227	326.70038,258.66913,2470.1597	273.49414,236.51851,2356.3071	247.1603,284.45026,2275.763	227.85187,386.2556,2292.7747	287.0449,289.6123,2385.84	199.15506,480.4301,2307.3804	300.94006,388.6546,2388.2952	247.1603,284.45026,2275.763	318.5627,480.0164,2418.2778	333.31516,319.472,2356.3218	265.59662,215.42197,2171.2954	
284.99347,137.25616,2404.2793	278.21338,186.91048,2381.3413	246.04277,179.60858,2303.1526	197.82211,221.12984,2219.157	278.21338,186.91048,2381.3413	308.33853,193.74811,2459.53	328.01715,259.09738,2455.7297	272.59146,236.47322,2357.065	245.67245,284.5292,2282.3801	228.086,386.92432,2292.9126	287.1367,289.49847,2383.197	200.92743,482.26007,2302.1206	301.8447,388.61957,2384.946	245.67245,284.5292,2282.3801	319.13345,480.0792,2415.7932	335.3436,320.78766,2348.7214	259.25677,227.97758,2173.1543	
284.19537,136.70296,2401.717	277.55286,186.42424,2381.4219	244.76358,179.40724,2306.9438	195.83334,221.40022,2229.4868	277.55286,186.42424,2381.4219	308.35336,193.01564,2455.9	329.20023,258.19077,2443.9092	271.9965,236.0332,2358.6528	244.78506,284.1508,2287.8772	227.80142,386.88068,2292.6584	287.01074,288.96875,2383.8904	203.57231,483.77393,2295.4517	303.66614,387.84204,2384.2317	244.78506,284.1508,2287.8772	316.9571,478.96783,2422.7021	337.91055,320.127,2338.2869	254.18884,242.414,2169.6802	
283.93182,138.72162,2401.955	277.42697,187.85777,2382.5098	244.15823,180.96693,2312.0483	194.96292,222.5261,2238.841	277.42697,187.85777,2382.5098	308.78445,194.35272,2452.9712	327.21713,257.74646,2436.479	271.64868,237.46065,2360.6953	243.88437,285.49072,2293.4036	228.0975,388.94165,2286.822	286.80624,290.3916,2384.3582	203.85202,485.5077,2294.7212	304.69452,389.14685,2382.986	243.88437,285.49072,2293.4036	316.44943,481.16718,2416.205	336.92316,319.31094,2334.462	249.72327,253.38528,2171.453	
283.97443,137.89958,2401.5642	277.19153,187.46863,2383.3901	243.66672,180.59326,2315.157	194.76672,225.14415,2251.361	277.19153,187.46863,2383.3901	308.85022,193.96129,2451.6233	327.97443,254.83386,2439.4329	271.26562,237.0492,2362.15	243.18611,284.9744,2296.857	229.56454,389.3547,2276.898	286.46378,289.9902,2384.9624	202.95126,484.88168,2291.3098	305.9961,388.5365,2381.4111	243.18611,284.9744,2296.857	316.564,480.72534,2415.1882	0.0,0.0,0.0	247.21631,259.46106,2170.2336	
283.4095,139.4942,2407.8623	276.77045,188.56221,2386.3044	243.0979,181.65706,2319.8955	198.38492,229.30217,2250.4893	276.77045,188.56221,2386.3044	308.61957,195.09343,2452.7134	328.24402,255.7798,2448.9497	270.83453,238.04353,2363.2207	242.59378,285.863,2297.2427	230.92279,391.0799,2265.9062	286.17053,291.0441,2383.0312	204.1252,485.95084,2288.5737	307.57202,389.77478,2370.3867	242.59378,285.863,2297.2427	316.3359,481.03815,2416.051	0.0,0.0,0.0	250.01428,265.9508,2164.3433	
282.6857,140.87103,2411.0132	276.45642,189.60587,2387.6812	242.74088,182.72562,2321.7273	201.84128,234.03793,2252.552	276.45642,189.60587,2387.6812	308.3594,196.11623,2453.635	328.55164,255.86678,2438.3428	270.6678,239.03673,2362.8223	242.5074,286.8775,2295.3555	232.12576,392.66046,2258.0796	286.20825,292.06546,2380.5713	205.80447,487.19403,2286.7207	309.79474,390.5003,2366.2527	242.5074,286.8775,2295.3555	315.30954,481.34155,2417.9238	347.91803,306.64322,2285.6719	253.63995,270.00476,2158.951	
282.78958,142.17775,2413.084	276.1366,190.87949,2388.3079	242.38156,183.9143,2322.967	203.48973,236.44803,2261.0925	276.1366,190.87949,2388.3079	308.09384,197.47371,2453.6487	328.5418,256.82156,2433.6729	270.27988,240.26059,2361.9023	241.97931,288.03827,2293.2766	232.54135,394.2011,2252.8738	285.8098,293.38174,2377.717	205.94028,488.0798,2287.0808	310.16425,391.80875,2362.9797	241.97931,288.03827,2293.2766	314.811,481.427,2424.9346	359.87546,290.9101,2253.4338	255.8794,269.6459,2159.5605	
282.0835,142.43867,2415.6228	275.4852,191.02002,2389.9272	241.79933,184.01222,2323.9053	203.26715,239.93486,2268.5269	275.4852,191.02002,2389.9272	307.35992,197.65105,2455.9492	327.7054,256.93375,2432.836	269.73105,240.34074,2362.1865	241.55017,288.0998,2291.7817	233.8779,394.47018,2251.3042	285.33005,293.46933,2377.1099	206.01013,487.6811,2288.0122	310.95474,391.51633,2363.95	241.55017,288.0998,2291.7817	314.15997,480.4499,2431.2502	365.22778,279.90558,2239.579	257.87012,267.5203,2164.2874	
282.59387,141.95807,2414.8838	275.36188,190.97426,2391.2646	241.89899,183.8093,2323.2722	203.8631,242.0946,2277.9346	275.36188,190.97426,2391.2646	306.97446,197.74304,2459.257	327.04782,255.92613,2432.4094	269.4161,240.26846,2364.2488	241.1923,287.92194,2293.2888	235.04218,394.4313,2249.9138	284.65625,293.37994,2381.177	206.28198,486.28003,2294.1953	312.0736,390.80023,2367.033	241.1923,287.92194,2293.2888	313.93155,479.553,2435.3616	368.49823,272.083,2235.0217	259.49356,265.8836,2170.4082	
282.12128,142.15099,2416.0244	275.1975,191.13397,2393.3853	241.82816,184.04543,2324.5083	207.55753,242.30879,2279.97	275.1975,191.13397,2393.3853	306.69995,197.82596,2462.2622	326.7172,254.82358,2433.2058	269.34866,240.41418,2366.9646	241.30695,288.1016,2296.034	236.656,394.7583,2247.2366	284.60522,293.41138,2385.054	206.7172,485.6599,2295.9617	313.90622,390.35208,2365.902	241.30695,288.1016,2296.034	314.34467,479.0571,2435.1353	370.17358,268.0246,2232.8394	263.34622,262.69113,2176.0576	
281.5644,142.87973,2415.5981	274.88535,192.26357,2393.9702	241.57639,185.51668,2323.9119	205.48743,241.72217,2288.3904	274.88535,192.26357,2393.9702	306.30023,198.6268,2464.0286	326.3105,255.20976,2435.1099	269.43985,241.62054,2368.858	241.89558,289.59195,2298.4683	238.04193,396.35663,2245.4917	285.0265,294.38586,2389.023	207.61761,487.04034,2295.0088	314.38846,391.35278,2365.9766	241.89558,289.59195,2298.4683	315.82233,480.36786,2432.7642	370.47995,265.1121,2231.2373	261.9218,261.75754,2183.419	
281.29086,143.55423,2415.3894	275.1989,192.97281,2395.5706	241.99936,186.64403,2324.1208	205.19455,242.22838,2280.3577	275.1989,192.97281,2395.5706	306.4754,198.935,2467.0203	325.27612,254.56656,2437.5657	270.26633,242.39268,2372.1343	243.37738,290.67224,2302.5203	239.37541,397.33493,2248.0852	286.25034,294.84344,2394.8757	207.53192,487.5923,2296.353	315.2353,391.93964,2366.302	243.37738,290.67224,2302.5203	315.85776,480.61734,2435.4036	369.92917,263.1828,2236.287	263.86008,262.1965,2187.227	
281.21674,143.9823,2414.781	275.17102,193.50113,2396.5479	242.17075,187.33089,2323.107	207.95401,244.44217,2272.3872	275.17102,193.50113,2396.5479	306.20886,199.30444,2469.9888	323.70084,254.25691,2436.7896	270.4804,242.94868,2373.9358	243.99857,291.38324,2303.8596	239.08543,398.1613,2244.171	286.54187,295.23364,2398.7878	206.24863,488.26202,2292.157	314.12073,392.71573,2367.1682	243.99857,291.38324,2303.8596	315.5487,481.59888,2434.397	368.0521,261.91248,2235.7913	268.7704,262.90314,2188.8347	
280.42044,144.93777,2407.4705	274.42767,194.67435,2393.6758	241.18146,188.88025,2321.4944	207.36691,244.85555,2271.4124	274.42767,194.67435,2393.6758	305.72754,200.12924,2465.8572	322.79895,253.86021,2436.9038	269.8,244.26572,2374.441	243.30219,292.92215,2308.5583	238.32455,399.6422,2245.2937	286.04465,296.3443,2401.8538	204.70303,488.61533,2297.8572	314.1334,393.75208,2365.7559	243.30219,292.92215,2308.5583	314.5676,483.04462,2430.2637	366.45093,259.27423,2234.7927	268.8608,263.78015,2193.826	
280.00723,145.57706,2404.315	273.96085,195.34877,2392.4402	240.7538,189.59113,2319.5085	208.88779,246.86392,2270.8333	273.96085,195.34877,2392.4402	305.2032,200.76576,2465.3718	322.34293,254.1344,2437.4512	269.22122,244.99129,2374.6748	242.6661,293.68695,2309.78	238.67267,400.4313,2245.351	285.3017,297.01093,2404.0388	203.1098,489.48547,2292.5203	314.34686,394.12286,2366.0032	242.6661,293.68695,2309.78	314.07172,482.03583,2439.9678	365.5847,257.9629,2235.3347	270.89917,264.95032,2194.198	
280.291,145.58037,2402.7368	274.04422,195.41376,2393.128	240.89343,189.64867,2319.772	208.21027,247.0083,2268.7654	274.04422,195.41376,2393.128	305.2231,200.83595,2466.484	321.5285,255.01361,2432.2253	269.17157,245.05089,2376.5217	242.53877,293.69867,2312.5105	239.14124,400.37347,2246.5342	285.0676,297.00803,2407.3206	203.2584,489.53094,2292.068	315.33142,393.73938,2365.2947	242.53877,293.69867,2312.5105	315.24908,481.75302,2438.9514	365.13696,257.2798,2236.6172	270.71893,265.48114,2197.5544	
279.50848,145.43602,2409.4543	273.84326,195.06183,2396.155	240.81749,189.32268,2321.9294	207.22415,246.1881,2272.1414	273.84326,195.06183,2396.155	304.88446,200.45609,2470.3806	320.1751,256.1772,2427.617	269.35913,244.62108,2377.0957	243.16187,293.3283,2310.0674	240.23898,400.18344,2241.727	285.58017,296.56876,2406.0054	204.2214,489.55417,2287.0913	316.36133,393.3386,2360.003	243.16187,293.3283,2310.0674	315.54913,481.56476,2433.6152	364.66217,256.95996,2237.9827	269.2674,265.513,2199.764	
279.48975,145.64679,2404.8079	273.49692,195.47968,2395.0242	240.3483,189.92319,2321.479	206.87463,245.59135,2269.1162	273.49692,195.47968,2395.0242	304.67038,200.7051,2468.5693	319.1383,257.01617,2422.8137	268.96454,245.1027,2378.3086	242.68906,293.8786,2314.0635	240.03467,400.42188,2250.2493	285.19153,296.91663,2409.1226	202.79352,489.7906,2289.8936	314.7523,393.87158,2365.0698	242.68906,293.8786,2314.0635	315.45544,481.56827,2440.9453	364.45352,256.6688,2238.1226	269.11325,265.82385,2200.8582	
278.9316,144.83856,2409.9807	273.16098,194.52489,2397.6914	239.96893,188.93268,2324.8342	205.92294,244.84164,2274.6125	273.16098,194.52489,2397.6914	304.39536,199.78725,2470.5486	318.61523,258.15976,2419.4048	268.79614,244.06856,2379.1338	242.62779,292.792,2313.4917	240.28949,399.39795,2247.628	285.2475,295.9279,2407.6606	202.85333,489.18182,2285.0588	315.0033,392.97742,2360.764	242.62779,292.792,2313.4917	316.32422,481.49408,2432.1658	364.29172,256.49512,2238.1213	266.99057,265.87488,2199.0825	
278.49524,144.3479,2412.5723	272.8338,193.96304,2399.0344	239.75201,188.33255,2325.2412	205.1855,244.88661,2271.727	272.8338,193.96304,2399.0344	303.9412,199.25748,2472.8276	318.35843,258.4625,2421.7048	268.6298,243.46442,2379.2244	242.67542,292.19647,2311.7239	239.9462,398.93146,2243.732	285.17584,295.33414,2407.1047	204.44995,489.104,2284.7986	314.6556,392.3941,2362.8152	242.67542,292.19647,2311.7239	316.45108,481.25757,2431.341	364.30386,256.57672,2238.8003	266.80203,265.7931,2200.567	
278.30457,143.95354,2413.364	272.6368,193.5716,2399.481	239.46713,187.97531,2326.4695	204.21335,245.0128,2273.8933	272.6368,193.5716,2399.481	303.84753,198.83736,2472.4924	318.70508,258.0056,2424.8518	268.4948,243.06116,2379.377	242.54202,291.79218,2312.0881	240.0828,398.49066,2244.449	285.1699,294.93335,2406.4578	204.31952,487.65024,2291.0906	315.1343,391.93063,2360.278	242.54202,291.79218,2312.0881	314.77145,480.052,2434.6628	363.72864,257.3209,2238.1685	265.2831,265.6008,2197.1487	
278.20047,143.53105,2414.2612	272.61188,193.27652,2399.905	239.336,187.71432,2327.9348	204.2126,244.96405,2270.1394	272.61188,193.27652,2399.905	303.95007,198.51482,2471.8752	319.1164,257.64066,2428.9265	268.48526,242.75565,2379.7363	242.47705,291.46976,2313.0552	239.68546,398.1084,2245.5693	285.25592,294.62927,2406.08	204.72672,487.26678,2294.0034	314.84616,391.67264,2362.28	242.47705,291.46976,2313.0552	314.992,480.4461,2431.7104	363.3763,257.79706,2238.281	265.4559,266.38037,2196.527	
277.87198,144.43631,2414.7087	272.44415,193.9789,2399.491	239.09969,188.44745,2328.074	204.37495,245.29655,2269.0315	272.44415,193.9789,2399.491	303.86105,199.19058,2470.908	319.44025,257.20773,2432.9626	268.36386,243.4648,2378.7632	242.34753,292.21414,2311.8818	239.56323,398.973,2242.9204	285.23666,295.36557,2404.189	204.28673,488.5506,2288.6206	314.5038,392.43848,2364.7563	242.34753,292.21414,2311.8818	315.89444,482.4535,2424.1616	363.17697,258.0443,2238.4346	265.77432,266.99582,2197.407	
277.35403,144.1883,2414.9353	271.9566,193.91733,2399.0151	238.56537,188.27812,2327.9868	203.90358,245.32375,2273.1404	271.9566,193.91733,2399.0151	303.42746,199.23222,2470.0435	320.0748,256.50516,2436.9824	267.74066,243.3924,2377.7979	241.53865,292.07004,2310.6777	237.79678,398.8,2244.0872	284.52167,295.38214,2402.4834	203.35345,489.02972,2287.3328	313.0904,392.59357,2366.6619	241.53865,292.07004,2310.6777	314.9977,482.29346,2427.9607	363.14966,258.2975,2239.5864	264.71768,266.1756,2194.6023	
276.83035,143.76355,2415.5447	271.44757,193.3357,2398.9646	238.04193,187.70013,2327.8826	204.20496,245.64055,2272.831	271.44757,193.3357,2398.9646	302.9305,198.6469,2470.0466	320.0386,255.32886,2438.987	267.28162,242.80753,2377.5894	241.11975,291.4924,2310.2766	237.82883,398.14603,2246.4858	284.1221,294.79706,2402.1516	204.2154,488.59808,2289.7383	312.6197,391.78415,2372.0505	241.11975,291.4924,2310.2766	315.8259,482.69815,2422.4119	363.1836,258.49677,2238.732	264.89386,266.7396,2193.4395	
276.39645,144.0795,2414.8506	271.1978,193.5976,2397.9292	237.67426,188.08685,2327.6792	204.05978,245.57698,2272.0571	271.1978,193.5976,2397.9292	302.81305,198.79463,2468.1792	319.66464,255.83234,2435.4915	267.1736,243.1022,2376.4736	241.08145,291.8835,2309.617	238.07907,398.56995,2246.3123	284.23874,295.0727,2400.4192	205.09799,489.21155,2289.8862	313.51163,391.87415,2371.0984	241.08145,291.8835,2309.617	316.79883,483.21088,2418.6523	363.69135,259.78442,2237.9807	264.91553,266.22253,2192.6265	
276.68616,144.4527,2416.0046	271.4122,193.78496,2398.0154	237.91464,188.12378,2327.7847	204.03122,245.96089,2270.0762	271.4122,193.78496,2398.0154	303.00348,199.12398,2468.246	319.7138,255.7261,2434.2456	267.25244,243.25703,2375.5996	241.01251,291.9458,2307.7964	237.88303,398.7032,2245.0647	284.18167,295.33212,2398.5713	204.60327,488.7596,2291.96	313.66846,392.22314,2367.7944	241.01251,291.9458,2307.7964	316.2475,482.53738,2424.0967	363.9766,260.48862,2239.8203	265.37952,265.92365,2192.7483	
276.5908,144.94019,2415.079	271.27112,194.32388,2396.8174	237.76593,188.57939,2326.5737	203.93573,245.86815,2272.073	271.27112,194.32388,2396.8174	302.86832,199.74126,2467.061	319.7382,255.89917,2435.1199	267.00763,243.80833,2373.9575	240.64262,292.4765,2305.702	237.5016,399.36578,2242.459	283.84567,295.96625,2396.4934	204.24875,489.4229,2290.067	313.75372,392.8816,2364.4895	240.64262,292.4765,2305.702	314.71756,481.9078,2431.0056	364.11795,261.05917,2241.7725	265.0732,265.69934,2192.922	
276.97653,144.91393,2415.1204	271.51093,194.34964,2397.2668	238.04243,188.54102,2326.876	204.12509,245.28067,2269.8855	271.51093,194.34964,2397.2668	303.07,199.82689,2467.6577	319.75027,255.99925,2433.5596	267.1424,243.81981,2374.5337	240.69308,292.42938,2306.3096	237.34335,399.07916,2248.8936	283.8509,295.99435,2397.2915	204.38528,489.7923,2291.192	313.53925,392.638,2371.7017	240.69308,292.42938,2306.3096	314.60294,483.0487,2426.0435	364.1109,261.1778,2242.0923	265.3383,265.86786,2193.0793	
276.7362,144.53632,2415.6404	271.44925,193.98578,2397.7354	238.01031,188.2638,2326.9543	204.17317,245.59859,2271.95	271.44925,193.98578,2397.7354	302.97052,199.37962,2468.5164	319.8758,256.17166,2432.279	267.25357,243.45619,2375.0178	241.00723,292.13263,2306.557	237.55873,398.8172,2247.7075	284.10834,295.5649,2398.0437	204.35806,489.8268,2287.9417	313.01257,392.4121,2372.569	241.00723,292.13263,2306.557	316.37616,483.15723,2423.8523	363.9576,261.18698,2242.8845	265.20108,265.7128,2192.5107	
277.12885,144.67361,2416.3982	271.5504,194.19547,2398.0925	238.20529,188.31024,2326.6865	204.32936,245.20859,2267.441	271.5504,194.19547,2398.0925	302.9672,199.74033,2469.4985	319.93802,256.01074,2433.1365	267.16248,243.63823,2375.0706	240.76683,292.20947,2305.9006	237.2941,399.03906,2243.6982	283.76675,295.81747,2398.1965	204.86075,489.59708,2289.6675	312.04364,392.89984,2371.701	240.76683,292.20947,2305.9006	316.45724,483.87195,2421.328	363.91083,261.11172,2241.8445	265.84702,266.003,2193.645	
276.90396,144.52896,2416.777	271.26993,194.04526,2397.6929	237.88593,188.04788,2326.6882	204.08905,245.00703,2269.008	271.26993,194.04526,2397.6929	302.73355,199.69766,2468.6975	319.85025,254.96861,2436.0684	266.80737,243.46301,2373.6155	240.28316,291.9679,2303.6504	237.10742,398.88135,2242.154	283.38187,295.74554,2395.4258	204.3523,489.08887,2290.0696	312.7871,392.76892,2365.2578	240.28316,291.9679,2303.6504	314.14832,482.60025,2425.451	364.22937,262.11188,2245.8274	265.59674,265.91248,2195.934	
277.0176,144.95413,2416.4663	271.2209,194.37337,2396.7695	237.8028,188.34737,2326.0132	204.43152,245.68518,2269.9504	271.2209,194.37337,2396.7695	302.72247,200.05379,2467.526	319.92496,253.97314,2438.0332	266.7559,243.7978,2372.0566	240.19182,292.31183,2301.6167	237.4982,399.2497,2242.644	283.36093,296.13947,2393.0708	205.15634,490.1498,2286.9668	313.6285,392.95572,2363.999	240.19182,292.31183,2301.6167	315.27884,482.20233,2429.0405	364.29712,262.75464,2248.401	266.04346,265.91583,2195.881	
276.91315,144.61154,2416.311	271.06107,194.01111,2396.667	237.64742,187.94775,2325.8354	204.16031,245.59662,2270.7544	271.06107,194.01111,2396.667	302.55637,199.72636,2467.4985	319.96225,253.94487,2439.5137	266.5664,243.4302,2371.8823	239.97209,291.91953,2301.3218	236.91064,398.79373,2244.2139	283.13962,295.79102,2392.8735	205.11981,490.3072,2285.4468	313.59805,392.4081,2366.9028	239.97209,291.91953,2301.3218	314.73077,482.24228,2427.2002	364.35358,263.24036,2248.7075	265.7632,265.8733,2197.0332	
276.9021,143.89767,2416.236	270.9931,193.41934,2397.0708	237.6138,187.36499,2325.8872	204.27855,245.85158,2271.319	270.9931,193.41934,2397.0708	302.4471,199.12447,2468.2544	319.98123,253.81068,2440.7568	266.52005,242.83522,2372.653	239.97972,291.3213,2302.2317	237.4318,398.19794,2243.4568	283.08374,295.16107,2394.239	205.3983,488.5707,2291.637	313.6305,391.5697,2370.6565	239.97972,291.3213,2302.2317	315.5919,481.8152,2427.0042	364.33646,263.49942,2248.8948	265.92014,265.82837,2197.1543	
276.71216,143.65662,2415.6995	270.9436,193.2045,2396.8083	237.58167,187.17131,2325.3525	204.18396,245.92792,2270.2222	270.9436,193.2045,2396.8083	302.3739,198.88837,2468.2642	319.8731,253.63422,2439.878	266.5127,242.6314,2372.5544	240.03238,291.14432,2302.121	238.4159,398.07886,2241.5034	283.10117,294.93958,2394.48	204.85791,487.47095,2292.8342	313.56598,391.68137,2363.73	240.03238,291.14432,2302.121	315.79602,480.72968,2430.5269	364.4032,263.59448,2248.8198	266.03882,265.84058,2197.7173	
