62.465668,153.20801,2223.0173	65.38197,206.9652,2247.564	28.178558,208.59164,2153.804	28.178741,282.78894,2153.804	65.38197,206.9652,2247.564	99.60573,205.469,2341.324	105.9852,267.8301,2441.8652	68.37363,260.7068,2272.5115	45.566895,317.63773,2229.8477	40.804718,430.69214,2180.8984	95.562454,309.1739,2365.0703	0.0,0.0,0.0	107.855515,413.48502,2332.1382	45.566895,317.63773,2229.8477	0.0,0.0,0.0	138.36118,323.646,2405.3467	28.175232,356.98663,2153.7942	
0.0,0.0,0.0	72.35266,203.31944,2250.18	34.829987,204.58617,2161.4885	34.8302,278.51965,2161.4885	72.35266,203.31944,2250.18	107.02957,202.14879,2338.8713	113.33551,266.48416,2420.929	75.4301,257.16263,2271.4976	52.515137,313.932,2229.169	56.51999,425.77548,2194.879	102.98453,306.28925,2356.4614	0.0,0.0,0.0	124.01601,407.94574,2354.737	52.515137,313.932,2229.169	0.0,0.0,0.0	142.56345,324.82907,2382.867	34.826935,352.45352,2161.4797	
75.61519,148.04555,2230.2756	79.1543,201.72281,2250.0757	41.79486,203.18784,2161.7795	41.795044,277.1114,2161.7795	79.1543,201.72281,2250.0757	113.69237,200.36841,2338.3718	119.477615,265.99063,2404.7122	82.80211,255.60619,2270.354	60.624817,312.58597,2227.4014	66.57333,424.09396,2197.8516	110.76187,304.70276,2353.8633	0.0,0.0,0.0	130.49799,406.1468,2362.453	60.624817,312.58597,2227.4014	0.0,0.0,0.0	145.77065,326.4152,2366.2778	41.79196,351.03522,2161.7715	
0.0,0.0,0.0	87.41341,199.78618,2259.2402	49.961548,201.28061,2178.3162	49.96176,274.64297,2178.3162	87.41341,199.78618,2259.2402	122.275055,198.3951,2340.1643	127.29385,264.8416,2393.4998	91.57825,253.53549,2275.356	69.671616,310.35245,2233.3672	78.937744,421.10315,2205.8167	120.41075,302.89426,2349.5762	0.0,0.0,0.0	142.67862,403.33682,2369.2686	69.671616,310.35245,2233.3672	0.0,0.0,0.0	150.91353,326.90524,2355.5562	49.958923,348.00558,2178.309	
91.55185,147.98355,2255.4878	95.44479,201.00691,2265.9944	57.99536,202.34637,2190.652	57.995575,275.29562,2190.652	95.44479,201.00691,2265.9944	130.48402,199.75366,2341.3367	134.72018,266.7008,2384.0796	99.50418,254.67838,2276.9243	77.40323,311.36023,2233.8645	91.145065,422.00873,2195.4517	128.44194,304.47623,2341.844	0.0,0.0,0.0	149.41881,404.58194,2371.1243	77.40323,311.36023,2233.8645	140.4075,504.04218,2361.0364	155.92015,330.14685,2347.2449	57.99292,348.24506,2190.6458	
0.0,0.0,0.0	101.408066,202.95308,2272.0781	63.93878,204.32776,2203.838	63.938965,276.84055,2203.838	101.408066,202.95308,2272.0781	136.69225,201.65857,2340.3184	140.22775,268.99265,2374.512	105.6774,256.49582,2274.543	83.55145,313.24664,2228.0793	111.3387,420.82648,2195.4478	135.21342,306.73853,2325.9363	0.0,0.0,0.0	154.00195,407.34344,2362.7727	83.55145,313.24664,2228.0793	139.39268,507.19955,2347.529	159.23654,333.6157,2339.212	63.93643,349.35352,2203.832	
102.025925,156.6471,2274.4934	105.538666,208.98637,2271.4343	68.03706,210.40161,2215.0527	68.03726,282.54724,2215.0527	105.538666,208.98637,2271.4343	141.2236,207.6397,2327.816	144.1639,275.534,2355.1455	109.29608,262.6078,2268.4106	86.36125,319.34143,2224.857	126.7592,422.12302,2209.9573	138.82713,313.50757,2305.917	0.0,0.0,0.0	155.95999,413.84528,2356.7917	86.36125,319.34143,2224.857	135.2887,512.16504,2347.6472	161.26535,341.49377,2321.657	68.03493,354.69305,2215.0476	
0.0,0.0,0.0	111.02519,214.05093,2274.4849	73.85979,216.1012,2229.8276	73.859955,287.7688,2229.8276	111.02519,214.05093,2274.4849	146.75931,212.07964,2319.142	149.16386,280.3887,2340.977	115.19055,267.59903,2271.5117	92.90254,324.29016,2236.5005	148.80728,418.40894,2229.5508	145.09401,318.3684,2300.5767	0.0,0.0,0.0	161.70482,416.2296,2375.8767	92.90254,324.29016,2236.5005	136.3298,515.23975,2345.6997	164.53764,347.36972,2309.4631	73.85773,359.43655,2229.823	
113.86592,164.73412,2286.945	117.508255,216.77362,2281.6492	80.9025,218.92789,2248.034	80.90268,290.01508,2248.034	117.508255,216.77362,2281.6492	153.05106,214.68188,2315.2644	154.9915,283.23907,2332.7073	121.36369,270.19537,2276.3105	99.19217,326.54892,2246.99	142.93227,427.3933,2211.8596	150.73805,321.24365,2294.9539	142.92268,533.64484,2211.846	157.43323,421.66864,2351.4165	99.19217,326.54892,2246.99	143.17136,519.2599,2354.4167	168.79741,350.92212,2303.2458	80.90057,361.1024,2248.0298	
0.0,0.0,0.0	126.63521,216.3379,2290.5315	90.503784,218.73746,2263.2107	90.50398,289.34796,2263.2107	126.63521,216.3379,2290.5315	161.91486,213.99492,2317.8523	173.185,288.0541,2394.4995	130.61014,269.54025,2282.6577	108.79167,325.7539,2255.276	142.16904,430.86713,2207.6885	159.99443,320.51288,2294.292	142.16019,537.3189,2207.678	156.73329,422.13873,2337.312	108.79167,325.7539,2255.276	143.3937,519.1564,2353.0322	191.19637,355.61334,2328.103	90.50197,359.95856,2263.2068	
128.74075,165.0258,2292.562	134.73721,216.76282,2291.8628	98.78999,220.46498,2264.5022	98.79019,291.0352,2264.5022	134.73721,216.76282,2291.8628	169.83627,213.14803,2319.2234	186.41733,278.72006,2441.9397	140.97028,269.65485,2291.2695	118.52576,326.56482,2268.7136	185.99493,411.00854,2236.2603	175.34264,318.65952,2312.639	0.0,0.0,0.0	171.16574,421.28784,2345.2522	118.52576,326.56482,2268.7136	158.44153,519.2447,2356.1929	207.27812,342.59033,2354.449	98.78827,361.6055,2264.4988	
0.0,0.0,0.0	142.7694,215.06918,2291.057	106.91551,219.75117,2261.3022	106.915695,290.42126,2261.3022	142.7694,215.06918,2291.057	177.70392,210.50725,2320.8115	197.84433,269.75864,2475.9905	150.63435,267.76767,2290.4683	131.65851,325.06384,2267.4114	202.32599,406.91608,2229.5513	184.82657,316.0115,2312.348	0.0,0.0,0.0	178.83852,415.24506,2375.8105	131.65851,325.06384,2267.4114	0.0,0.0,0.0	221.23732,330.21277,2373.452	106.91385,361.09143,2261.299	
150.48746,156.10541,2313.6401	154.2202,207.20532,2303.4045	118.379486,209.14413,2268.766	118.37967,279.58173,2268.766	154.2202,207.20532,2303.4045	188.99895,205.32397,2338.043	209.79498,258.03116,2504.19	158.0297,259.90457,2293.3442	135.43008,315.69965,2257.769	188.29866,406.39862,2317.721	187.731,310.49493,2308.7988	0.0,0.0,0.0	179.46275,414.34372,2316.4365	135.43008,315.69965,2257.769	171.88693,516.6448,2302.2847	235.09921,315.33447,2385.7842	118.377914,350.01935,2268.7634	
0.0,0.0,0.0	166.09569,203.59871,2309.686	130.47987,205.78577,2267.9822	130.48006,276.24768,2267.9822	166.09569,203.59871,2309.686	200.44818,201.48924,2351.39	220.32031,247.85408,2516.3936	170.81436,256.15515,2300.5588	149.81584,312.12976,2261.2166	195.47336,401.2292,2368.338	200.65498,306.20895,2321.6467	0.0,0.0,0.0	197.99895,413.3294,2293.7869	149.81584,312.12976,2261.2166	0.0,0.0,0.0	247.02332,302.4571,2384.4934	130.47836,346.70966,2267.9797	
171.5661,148.40738,2324.2397	176.84714,199.22472,2314.1492	141.692,201.28525,2262.6301	141.69217,271.91385,2262.6301	176.84714,199.22472,2314.1492	210.47108,197.25394,2365.6682	229.74997,239.57411,2523.6553	182.2055,251.62225,2303.5469	162.52641,307.70773,2256.03	193.25656,397.22034,2376.555	211.90543,301.40247,2329.8591	171.61111,493.25775,2359.4524	206.2963,409.7362,2265.9395	162.52641,307.70773,2256.03	0.0,0.0,0.0	256.49615,290.0514,2380.8044	141.69055,342.54245,2262.628	
0.0,0.0,0.0	184.0308,194.38,2319.4792	148.9908,196.26637,2269.1677	148.99098,266.6915,2269.1677	184.0308,194.38,2319.4792	217.58298,192.57375,2369.7908	242.26901,233.9883,2521.2185	189.3548,246.59615,2305.3428	169.70743,302.48972,2255.2341	194.54675,393.10837,2387.829	219.00757,296.5173,2327.1785	158.06209,483.42978,2375.162	211.06073,405.45044,2238.885	169.70743,302.48972,2255.2341	0.0,0.0,0.0	267.77316,272.6145,2331.7253	148.9894,337.1166,2269.1658	
186.19286,142.84857,2334.7412	191.67427,193.15382,2318.339	156.83649,194.92776,2265.2178	156.83665,265.47568,2265.2178	191.67427,193.15382,2318.339	224.95131,191.45935,2371.4604	250.45976,233.41948,2510.124	197.26991,245.30777,2301.3232	177.9898,301.2984,2246.2788	206.9312,391.90344,2381.134	227.09065,295.27924,2322.336	161.304,476.44296,2386.6245	222.07831,404.5727,2227.8152	177.9898,301.2984,2246.2788	0.0,0.0,0.0	277.05682,264.9611,2302.3213	156.83511,336.0236,2265.216	
0.0,0.0,0.0	199.97511,193.72012,2314.783	165.22542,194.3027,2260.7126	159.9891,261.9933,2262.4937	199.97511,193.72012,2314.783	233.13843,193.16412,2368.8533	258.66916,233.2443,2502.5852	204.12756,245.89914,2290.5635	183.24464,301.45154,2227.5999	217.93304,389.6077,2376.1926	232.64828,297.01117,2305.0881	165.38326,470.03094,2388.6426	227.36508,407.31232,2204.716	183.24464,301.45154,2227.5999	0.0,0.0,0.0	287.56616,257.51782,2280.7773	162.61926,323.81366,2193.0605	
202.9404,145.74173,2339.5586	206.58038,195.62144,2312.3801	171.9734,195.73416,2256.9338	161.39954,253.70813,2254.524	206.58038,195.62144,2312.3801	239.56659,195.514,2367.8264	267.34695,235.90979,2490.7944	210.30255,247.83257,2284.688	190.34567,303.19598,2219.3445	224.92532,397.7734,2326.9473	237.10641,299.5152,2294.6472	175.78696,480.92294,2360.6445	238.64682,409.83215,2219.1672	190.34567,303.19598,2219.3445	0.0,0.0,0.0	298.4566,251.48048,2261.4678	167.43239,312.75345,2154.0168	
210.78763,148.83261,2340.1694	213.95956,198.44698,2307.2495	179.60188,197.83748,2248.8464	163.02277,252.20912,2240.0215	213.95956,198.44698,2307.2495	246.62082,199.02637,2365.6526	275.4787,238.97487,2467.911	217.2009,250.64581,2273.6882	197.18376,305.87234,2201.075	228.75058,405.8429,2275.2083	243.09459,302.99527,2279.179	183.86362,491.11038,2324.415	250.34799,412.86792,2230.24	197.18376,305.87234,2201.075	0.0,0.0,0.0	310.52216,246.58597,2242.701	172.09874,311.41656,2124.019	
223.65646,155.6272,2348.7954	225.25813,204.97311,2311.0122	191.90982,202.7161,2245.3533	167.9226,256.1126,2226.9429	225.25813,204.97311,2311.0122	256.76385,207.10542,2376.6711	282.82663,243.81163,2451.2615	226.87495,257.116,2272.7537	202.77435,311.6992,2184.9731	252.58063,395.5213,2412.0637	253.20236,310.41812,2284.017	185.80498,467.05023,2399.1587	252.70197,419.18683,2248.8577	202.77435,311.6992,2184.9731	248.62425,524.8078,2238.4097	322.47025,244.72179,2230.953	178.77602,315.5686,2104.7693	
235.07347,152.36432,2358.4421	235.69397,202.21101,2327.505	204.73128,198.85963,2248.0088	171.69066,257.47412,2213.6921	235.69397,202.21101,2327.505	264.61145,205.34103,2407.001	291.5671,249.17313,2438.803	236.72302,254.17671,2294.5298	216.33281,307.91995,2207.3508	261.76016,392.78018,2355.3726	258.22723,307.4079,2315.7585	198.10646,466.9355,2373.6018	259.4859,415.854,2268.4734	216.33281,307.91995,2207.3508	0.0,0.0,0.0	332.8042,245.61174,2222.9463	182.68344,318.2213,2087.8318	
243.44946,150.30597,2364.1038	243.97868,200.43933,2336.5647	213.96669,197.0086,2252.1843	170.0994,251.69745,2167.4749	243.97868,200.43933,2336.5647	271.8986,203.63089,2420.945	297.40765,253.0362,2427.8767	245.18181,252.2943,2306.562	225.24756,305.8741,2217.7717	267.08005,398.03964,2319.9414	266.51996,305.17603,2335.347	208.28725,474.0901,2362.2434	260.1941,414.19586,2272.155	225.24756,305.8741,2217.7717	252.16646,521.3165,2232.052	342.33948,250.33116,2219.2346	175.03374,313.8583,2023.1123	
249.92418,148.46982,2374.4114	250.28995,198.31255,2343.3657	220.96275,194.15474,2256.4163	180.72913,252.3874,2162.7202	250.28995,198.31255,2343.3657	277.51865,202.17284,2430.3152	301.72043,253.74345,2428.42	251.12413,249.91733,2310.484	230.91284,302.92337,2216.1138	257.98767,391.1353,2384.862	271.94424,303.09625,2339.0903	225.9195,473.15448,2376.9536	281.06613,411.41998,2237.083	230.91284,302.92337,2216.1138	0.0,0.0,0.0	349.08774,256.41605,2226.8804	182.94753,313.61865,1999.9143	
256.439,145.48862,2371.567	256.0407,196.04681,2340.8337	227.17035,191.41406,2252.1658	190.34311,252.32397,2160.8438	256.0407,196.04681,2340.8337	282.8037,200.3414,2429.5017	306.5546,254.73938,2421.676	256.25394,247.73434,2308.8667	235.57483,300.50696,2213.7727	267.79834,398.00647,2301.212	276.2439,301.21976,2340.0266	0.0,0.0,0.0	305.18164,405.28363,2250.5916	235.57483,300.50696,2213.7727	0.0,0.0,0.0	355.19275,264.97314,2229.2473	193.60956,311.1015,1982.1104	
262.0716,141.14589,2378.6777	261.96393,191.20859,2344.0146	232.91385,186.38461,2257.8032	198.81613,250.67487,2163.414	261.96393,191.20859,2344.0146	288.95294,195.69029,2430.226	311.73346,253.30324,2424.3333	262.3463,242.6716,2309.7354	240.39131,295.0424,2210.4563	274.08295,395.98383,2264.1677	283.84775,296.29224,2340.4558	0.0,0.0,0.0	308.73264,400.84302,2275.0693	240.39131,295.0424,2210.4563	307.21997,505.18802,2265.7656	359.59375,273.57437,2238.7798	205.54501,305.01648,1972.9094	
267.4393,136.21037,2373.7817	267.0936,186.11493,2340.6433	237.307,181.24823,2260.1375	207.68152,248.11426,2171.7688	267.0936,186.11493,2340.6433	294.89935,190.658,2421.1492	316.11462,251.14622,2426.738	266.91748,237.6301,2307.3286	244.36151,289.79645,2214.7795	272.96802,394.057,2246.1934	287.97482,291.46933,2333.2483	0.0,0.0,0.0	319.77438,393.7038,2245.0164	244.36151,289.79645,2214.7795	315.97803,481.09512,2340.1995	362.25812,281.0652,2257.132	219.00305,296.13815,1969.0569	
273.2683,131.561,2364.9128	272.24756,181.8666,2334.0923	241.26776,177.37166,2263.8242	218.08679,244.20294,2181.9849	272.24756,181.8666,2334.0923	301.4166,186.09879,2404.3604	321.94257,247.85687,2428.8232	271.4796,233.57208,2303.3533	247.65744,285.75458,2221.4282	269.87976,391.78607,2236.1182	292.7096,287.55746,2323.8003	257.39368,489.4411,2273.0718	333.44003,383.74814,2215.5334	247.65744,285.75458,2221.4282	315.17822,467.97867,2333.758	357.8427,291.7674,2283.9053	232.6589,287.46393,1972.7493	
277.8179,126.139435,2352.719	276.97192,176.61635,2326.996	244.89761,172.85495,2267.884	226.39018,240.4188,2185.9785	276.97192,176.61635,2326.996	307.4571,180.19138,2386.1082	327.2366,245.1204,2429.8005	276.09888,228.57294,2300.528	251.5914,280.98807,2231.3035	271.04745,388.16388,2234.3022	297.94794,282.46216,2316.8167	254.17424,483.37762,2290.0356	342.66302,372.14145,2201.4602	251.5914,280.98807,2231.3035	323.2857,459.69934,2315.576	353.3934,297.74112,2299.3762	247.37547,280.02084,1979.4141	
282.104,121.36956,2354.3362	281.70767,171.58255,2325.7524	248.89104,168.4591,2277.1667	233.24026,237.16736,2188.4087	281.70767,171.58255,2325.7524	313.18124,174.57816,2374.3381	332.5196,239.00174,2431.4353	281.17957,223.4647,2297.939	256.56207,275.97125,2235.1616	273.64374,384.20355,2226.569	303.98456,277.24548,2305.0894	255.30896,478.94122,2290.5376	349.97614,362.73978,2173.4746	256.56207,275.97125,2235.1616	333.946,452.23016,2293.6436	351.62326,296.04642,2306.8167	262.22186,273.21115,1987.8513	
287.0157,119.305565,2354.9478	287.5541,169.47621,2323.6946	254.31522,167.32567,2282.0984	242.14818,234.37253,2196.0823	287.5541,169.47621,2323.6946	319.62393,171.55112,2365.2908	337.61285,234.04678,2424.9712	288.11548,221.29578,2294.2632	264.3761,274.2887,2235.012	281.28772,383.17224,2216.8901	312.37482,274.63107,2294.6516	261.78876,475.66943,2298.2783	351.47406,369.97305,2192.9377	264.3761,274.2887,2235.012	350.83514,464.08948,2277.3503	352.92395,293.43304,2302.8674	275.56915,268.54843,2000.061	
291.6508,119.32791,2355.2842	293.0637,169.1211,2322.0916	259.46527,167.94672,2290.4524	248.40167,233.9199,2207.9404	293.0637,169.1211,2322.0916	325.75882,170.26389,2353.7307	342.88318,231.5984,2411.892	294.27716,220.86952,2290.629	270.8535,274.2616,2236.4587	285.93826,383.86694,2208.6318	319.70438,273.86108,2281.8738	264.7398,472.04333,2315.3796	352.69363,375.23236,2196.2566	270.8535,274.2616,2236.4587	362.29364,472.0876,2258.8953	355.4884,292.0045,2285.4905	287.1535,264.09232,2012.8112	
297.44424,120.756836,2347.9622	299.27606,170.97214,2318.1196	265.46954,171.07704,2298.6765	255.47665,236.33783,2218.8098	299.27606,170.97214,2318.1196	332.52017,170.86899,2337.5627	349.42545,229.85162,2409.3196	301.1391,222.94315,2289.582	278.23557,276.95715,2247.0806	292.24115,386.88092,2203.2473	327.55817,275.50388,2275.0083	271.1616,469.60986,2339.8887	356.65717,380.33096,2191.0864	278.23557,276.95715,2247.0806	371.93576,474.64444,2269.4766	359.4911,289.68738,2271.8484	298.8838,261.6015,2020.6543	
303.20096,124.91345,2337.8936	305.01846,175.53995,2311.245	271.1587,176.30038,2304.7085	262.226,240.25781,2229.9104	305.01846,175.53995,2311.245	338.68723,174.78381,2317.7817	360.5949,230.0666,2394.6394	306.64886,227.80177,2284.267	283.46933,282.09125,2252.599	293.72467,392.9535,2181.1987	333.06415,280.5376,2261.979	276.2276,471.27185,2345.455	358.19775,388.3012,2168.5132	283.46933,282.09125,2252.599	374.2121,480.69043,2264.3403	362.27142,290.12558,2254.5874	308.79108,262.9052,2025.9187	
308.77933,128.90572,2338.741	311.3384,179.45328,2309.3296	277.58075,181.4449,2311.5156	268.29694,244.21834,2243.2876	311.3384,179.45328,2309.3296	345.16006,177.45789,2307.1436	365.88354,230.68927,2383.4602	314.15103,231.69626,2280.9368	292.28476,286.64288,2254.1067	301.1271,398.13266,2156.4414	341.81866,283.86777,2250.9812	288.55728,471.29163,2349.5962	365.39615,393.2858,2160.4585	292.28476,286.64288,2254.1067	379.0601,484.65924,2266.2024	369.5921,294.23,2324.0625	316.8615,264.2447,2035.4878	
313.79742,132.52014,2331.619	316.85114,183.39236,2304.6282	283.19757,186.05984,2314.3464	273.56952,248.59238,2259.5708	316.85114,183.39236,2304.6282	350.78973,180.70229,2294.91	370.70758,235.28435,2368.0286	320.14148,235.7999,2276.9136	298.8052,291.12888,2256.1487	304.70355,403.44775,2136.139	348.37375,287.85892,2242.2493	293.1452,471.56085,2352.0862	365.8494,399.174,2150.2935	298.8052,291.12888,2256.1487	377.42868,488.52017,2269.828	377.37085,299.60583,2364.041	321.46188,267.94467,2047.2413	
317.92487,135.32776,2321.6719	321.11703,186.72871,2298.6567	287.62057,189.77788,2315.611	279.3627,253.18364,2267.246	321.11703,186.72871,2298.6567	355.1113,183.63425,2281.7024	375.70663,240.02205,2347.7656	324.5833,239.41318,2274.3672	303.54642,294.8977,2262.2124	305.9777,407.17715,2153.8833	352.96896,291.5545,2237.9429	301.53308,476.90234,2363.1274	365.3687,403.794,2155.6235	303.54642,294.8977,2262.2124	376.12527,492.67285,2276.5125	387.17728,303.97653,2374.3403	324.54865,271.69962,2049.482	
321.32346,135.75012,2316.7063	324.72943,187.04129,2295.8684	291.29477,190.32991,2316.4336	284.12662,256.6656,2279.107	324.72943,187.04129,2295.8684	358.7685,183.69322,2275.3032	379.80765,243.69438,2327.703	328.3824,239.8237,2272.7805	307.59344,295.40332,2264.405	310.24417,407.6328,2159.7366	356.94998,291.9531,2234.9802	309.0243,478.73413,2364.1404	367.46875,404.12054,2169.6482	307.59344,295.40332,2264.405	374.4854,493.5521,2286.825	394.71692,308.9088,2347.514	323.7329,276.9715,2054.8804	
324.02725,133.24582,2321.2036	327.24503,184.51529,2296.3245	294.0882,187.9322,2322.4863	285.39343,253.84908,2290.122	327.24503,184.51529,2296.3245	361.16608,181.01962,2270.1626	383.25214,244.25758,2307.775	330.5411,237.19875,2270.4502	309.48444,292.72604,2263.3174	313.73642,404.78357,2164.58	358.75333,289.4402,2225.8345	317.37872,478.63403,2357.6577	367.36108,401.85498,2171.1274	309.48444,292.72604,2263.3174	372.39838,492.06158,2285.635	399.6958,311.2094,2297.337	322.3401,280.30957,2071.5479	
325.95953,129.4826,2323.5664	329.4094,181.05936,2296.5127	296.213,184.49104,2323.0044	286.32474,250.2331,2302.8452	329.4094,181.05936,2296.5127	363.3806,177.54755,2270.021	387.16724,242.50949,2288.419	332.63666,233.69167,2270.1187	311.487,289.19177,2262.6895	320.28604,400.75027,2166.234	360.80963,285.90497,2224.7598	325.7867,476.8091,2350.992	368.40314,397.6885,2185.5632	311.487,289.19177,2262.6895	373.97015,489.7867,2287.216	401.54553,310.92212,2245.8652	319.69763,284.53003,2094.5615	
327.50574,126.20395,2317.6633	331.20786,177.93243,2293.6135	297.98514,181.5286,2320.8372	288.25952,246.30731,2317.3325	331.20786,177.93243,2293.6135	365.22873,174.24988,2266.39	389.95825,239.95602,2270.673	334.7169,230.66422,2269.749	313.8608,286.23804,2265.3838	327.45923,396.8315,2178.4133	363.16827,282.76505,2226.3853	335.1067,476.79367,2343.5771	369.58264,394.11133,2195.7725	313.8608,286.23804,2265.3838	374.98254,489.339,2276.8198	401.86993,309.13174,2204.2178	316.5895,287.35764,2117.6736	
329.03473,121.794846,2321.7441	332.43704,173.46436,2295.551	299.15097,176.8881,2321.8806	289.81213,244.28754,2328.0642	332.43704,173.46436,2295.551	366.49554,169.96117,2269.2214	392.3094,236.86601,2251.0142	335.6089,226.07623,2270.269	314.33948,281.50223,2263.851	334.15158,390.5313,2193.105	363.78033,278.2163,2226.123	338.92096,475.5896,2332.6797	367.47128,390.00305,2187.4836	314.33948,281.50223,2263.851	375.38766,485.7156,2267.7764	401.95435,306.21088,2164.2756	314.69308,289.97928,2136.179	
330.35504,118.42317,2330.8044	333.0849,169.30225,2300.6416	299.8971,172.58398,2327.876	291.07776,240.4172,2339.5864	333.0849,169.30225,2300.6416	367.06784,165.94186,2273.4072	395.758,229.80005,2232.3162	335.70502,221.61746,2271.5928	313.8751,276.7936,2262.0583	339.1847,384.09344,2207.5847	363.34146,273.756,2223.0295	343.4284,473.83527,2320.2668	366.94482,385.89368,2179.1047	313.8751,276.7936,2262.0583	376.37213,482.9471,2253.4773	402.9462,298.3198,2125.4363	311.81903,291.29218,2162.6592	
332.17648,116.481636,2328.7256	334.43814,167.27527,2300.3625	301.03427,169.9433,2324.5283	290.53027,236.47583,2354.7053	334.43814,167.27527,2300.3625	368.5513,164.5506,2276.1968	399.05505,226.39848,2213.125	336.37347,219.61694,2271.669	313.70288,274.4521,2260.298	343.79828,380.07953,2219.205	363.39758,272.1255,2225.6526	348.32208,474.05197,2304.06	369.4132,384.56335,2161.8694	313.70288,274.4521,2260.298	378.83572,479.62427,2252.9177	404.1598,287.0543,2053.022	304.46445,291.50647,2190.517	
333.19324,116.42971,2334.7751	335.27237,166.96375,2303.365	301.92688,169.68396,2328.1003	289.86636,233.98451,2366.807	335.27237,166.96375,2303.365	369.3418,164.18445,2278.6296	399.75064,225.18736,2201.5647	337.13663,219.12111,2272.104	314.3975,273.9127,2258.5647	345.5498,379.5974,2214.9421	364.10147,271.53595,2223.1213	352.79514,473.24036,2303.1929	374.7082,384.0691,2130.1335	314.3975,273.9127,2258.5647	380.42224,476.2537,2246.1028	401.8951,275.72266,1998.2827	296.55243,292.23956,2216.1423	
335.34143,119.388466,2330.6904	337.21323,170.14374,2300.713	303.60956,172.52557,2321.322	287.56064,235.91515,2377.4001	337.21323,170.14374,2300.713	371.42432,167.71884,2280.1038	400.193,226.65915,2193.2788	339.0498,222.4243,2269.711	316.09814,277.21667,2253.4832	345.72107,383.77423,2209.6921	366.10648,275.07483,2223.9348	354.27493,478.5591,2291.1326	380.77512,387.273,2103.1438	316.09814,277.21667,2253.4832	384.50452,475.42407,2244.9126	400.53003,263.54175,1952.5002	286.9708,296.17075,2230.236	
337.68207,123.18001,2328.2205	338.9591,174.37952,2299.7876	305.29333,176.42816,2320.1692	284.82416,240.1363,2381.1968	338.9591,174.37952,2299.7876	373.22693,172.29425,2279.406	400.63306,229.70552,2176.133	340.4022,226.79338,2269.793	317.0423,281.4335,2254.4004	344.13864,388.87524,2207.0254	367.05154,279.77783,2225.1963	356.26517,480.78247,2302.82	382.95197,391.6145,2077.764	317.0423,281.4335,2254.4004	388.20648,474.95557,2244.2478	399.53778,252.22504,1911.4126	282.04358,303.01587,2238.9702	
339.30197,126.18279,2320.0056	340.3097,177.73027,2297.668	306.6379,179.48888,2319.2131	282.97168,245.62892,2382.6116	340.3097,177.73027,2297.668	374.61896,175.93839,2276.1228	400.36105,230.69322,2163.0603	341.36032,230.3781,2271.3567	317.66675,284.82526,2260.4836	344.1374,392.71884,2197.6633	367.54736,283.68683,2229.6072	358.69885,481.27618,2311.5288	385.4546,394.5106,2049.1729	317.66675,284.82526,2260.4836	391.92233,470.9486,2246.475	399.25357,242.59477,1886.1512	278.76813,311.91318,2250.6165	
341.15762,129.4298,2322.8809	341.94876,181.38058,2298.053	308.27692,182.93181,2320.022	283.94522,248.25606,2381.309	341.94876,181.38058,2298.053	376.2706,179.79944,2276.084	399.56726,233.05113,2152.536	342.66797,234.03001,2270.5977	318.61426,288.36707,2258.884	344.99612,396.8459,2184.1648	368.54565,287.5638,2227.4006	360.74582,484.52844,2304.0168	388.48145,397.9046,2022.1631	318.61426,288.36707,2258.884	396.39642,469.8221,2238.6326	399.76138,236.09781,1872.7384	274.06046,315.99265,2260.9639	
342.4011,130.94205,2317.3137	343.4203,183.23586,2294.4749	309.86447,184.97299,2319.9446	284.90674,250.54695,2379.6475	343.4203,183.23586,2294.4749	377.72943,181.45972,2269.0051	400.95648,236.38261,2149.7634	344.2391,236.05408,2268.8662	320.38852,290.49307,2261.5146	346.3707,398.8607,2193.5415	370.16992,289.6566,2225.0005	363.19974,486.59732,2309.8079	390.36816,397.2698,2012.7821	320.38852,290.49307,2261.5146	400.211,467.36865,2236.6467	401.02338,233.40161,1870.9004	270.9152,318.94284,2264.9792	
343.1588,130.7489,2306.535	344.34097,183.74838,2288.2297	310.84866,185.5846,2316.6902	287.98135,250.7124,2382.3164	344.34097,183.74838,2288.2297	378.6769,181.86592,2259.7693	401.21918,239.38977,2152.8765	345.24606,236.82611,2266.4644	321.60333,291.3139,2265.095	346.24838,399.78314,2199.7766	371.18454,290.54544,2224.303	363.63876,487.804,2312.5627	389.30048,394.94742,2013.3943	321.60333,291.3139,2265.095	402.2685,465.56934,2234.3374	402.28784,236.65634,1874.3497	268.90668,317.88678,2268.2446	
344.18835,129.06247,2301.6826	345.04068,181.68417,2285.0493	311.93872,183.5974,2320.0706	290.67227,250.32677,2379.6917	345.04068,181.68417,2285.0493	379.1731,179.71138,2250.028	400.75745,241.69284,2159.4724	345.5763,234.85817,2264.5205	321.83118,289.22015,2269.1138	345.9065,397.58035,2203.5415	370.9623,288.78513,2218.8696	362.6861,485.69974,2316.3481	387.2134,388.7802,2016.121	321.83118,289.22015,2269.1138	403.9015,464.27457,2217.3892	403.08383,246.31212,1882.0524	266.9101,315.84042,2262.1929	
344.47852,126.279655,2298.7163	345.4738,179.12544,2281.7117	312.60236,181.3032,2320.6963	293.6038,248.30963,2379.8381	345.4738,179.12544,2281.7117	379.488,176.87198,2242.727	399.16003,241.77179,2167.2336	346.093,232.37161,2261.667	322.62738,286.84314,2269.5518	346.567,395.08096,2206.331	371.4272,286.29,2213.6929	362.9118,485.4229,2306.8806	386.89316,384.3562,2020.5417	322.62738,286.84314,2269.5518	406.6733,463.44034,2205.592	403.6681,256.74677,1895.7461	266.9356,311.87848,2263.399	
345.10892,122.744064,2305.1885	346.48557,174.97217,2281.4343	313.8836,178.0974,2323.5823	296.938,247.42657,2374.9163	346.48557,174.97217,2281.4343	380.31476,171.72928,2239.2864	397.0165,241.02647,2171.047	347.8981,227.96307,2255.5835	325.28455,283.0525,2259.9363	349.25256,391.6914,2196.8616	374.06302,281.28903,2199.529	364.19656,483.73505,2291.974	387.9488,378.3823,2016.2224	325.28455,283.0525,2259.9363	409.9609,461.61163,2184.3499	406.3858,269.1877,1920.0347	267.43872,309.10297,2258.0823	
345.6624,119.95195,2308.458	347.1355,171.87204,2279.8367	314.88693,175.5772,2326.1091	299.58057,245.16296,2372.469	347.1355,171.87204,2279.8367	380.72025,168.01335,2233.5642	397.1149,239.33127,2170.0051	348.67932,224.68217,2249.5166	326.35254,280.1013,2252.3564	346.98962,389.51422,2194.37	374.9037,277.73407,2186.0366	363.72168,481.07947,2291.7603	388.0392,384.24588,2046.7053	326.35254,280.1013,2252.3564	411.79114,475.39728,2165.2498	411.904,279.70377,1948.3782	268.10724,304.59793,2252.1252	
346.03076,118.559105,2310.07	348.13388,169.70427,2277.8596	316.23648,174.28453,2327.6467	302.21188,243.67372,2367.2195	348.13388,169.70427,2277.8596	381.4568,164.9193,2228.0725	400.25952,237.55217,2171.9463	350.3508,222.30974,2243.2603	328.85794,278.26883,2244.3406	348.59384,388.37347,2182.494	377.19727,274.8019,2172.9812	365.30206,480.06305,2282.3718	391.45392,386.1297,2054.3677	328.85794,278.26883,2244.3406	413.1893,480.88635,2157.0735	415.90668,288.69464,1979.209	269.87454,302.10376,2249.806	
346.88757,118.549675,2303.3735	349.26657,170.18312,2271.5498	317.61188,175.083,2324.6494	306.4423,243.67682,2359.0867	349.26657,170.18312,2271.5498	382.4366,165.0487,2218.4502	404.82922,234.20901,2177.1484	351.82275,223.01384,2238.3694	330.86584,279.25342,2243.232	346.87494,390.2614,2170.9204	378.8741,275.55148,2167.146	366.51157,479.45502,2283.2402	391.6383,389.50696,2063.4263	330.86584,279.25342,2243.232	412.6956,485.28772,2160.3374	417.6938,295.674,2034.268	273.42746,300.7487,2236.5186	
347.91876,120.30185,2293.5486	351.0552,171.64897,2263.8398	319.38577,176.91972,2317.9282	310.1221,245.28252,2347.5227	351.0552,171.64897,2263.8398	384.27502,166.1202,2209.7515	408.76056,235.28833,2179.2576	354.3335,224.70943,2231.8262	334.10193,281.36023,2238.5576	346.20654,393.41205,2146.0537	382.15887,277.1949,2161.0674	370.3752,479.5632,2272.355	393.51846,392.7138,2066.3486	334.10193,281.36023,2238.5576	416.7912,488.89893,2157.4814	419.41788,302.38678,2067.8235	276.58945,301.7341,2221.0461	
348.71213,123.568924,2288.0781	352.36975,175.2605,2257.5515	320.9447,180.8512,2314.522	312.34476,248.42738,2341.7375	352.36975,175.2605,2257.5515	385.4219,169.38034,2200.581	412.7533,234.85812,2179.5947	356.10864,228.51802,2225.8716	336.49542,285.48865,2235.0188	342.4384,398.40375,2129.171	384.3052,281.05573,2153.3645	372.47275,481.63684,2262.983	392.40692,397.89337,2060.6646	336.49542,285.48865,2235.0188	416.43613,493.45428,2154.8374	421.2644,305.08923,2092.8545	279.38782,304.1057,2203.2905	
349.76154,127.69869,2272.45	353.16937,180.24002,2248.6226	322.44727,185.48218,2312.4485	313.70117,251.344,2334.6843	353.16937,180.24002,2248.6226	385.68646,174.69157,2184.7966	415.6159,237.32097,2176.2441	356.60312,234.01399,2223.212	337.2525,290.68768,2243.6013	338.08264,403.5943,2127.3796	383.95322,287.3047,2152.0012	374.178,482.5866,2269.2632	389.34573,404.7102,2066.7056	337.2525,290.68768,2243.6013	414.109,499.33878,2162.1013	424.9367,309.28644,2107.8179	284.4171,307.02454,2180.5647	
350.64905,131.60773,2264.0632	354.38333,184.34857,2242.8743	323.90042,189.54015,2309.5007	315.2454,255.94885,2329.3257	354.38333,184.34857,2242.8743	386.7327,178.83911,2176.2478	418.92755,241.76678,2167.2285	358.09686,238.39012,2220.4666	339.2782,295.0371,2245.7705	333.00748,408.00507,2102.6172	385.49728,291.9632,2150.3472	377.6562,478.9099,2263.207	390.9101,409.8343,2065.1777	339.2782,295.0371,2245.7705	417.8695,504.70856,2155.3691	428.0202,314.9273,2121.765	288.00385,311.85175,2161.0264	
350.49847,134.49738,2259.3398	354.80923,187.58632,2239.375	324.53055,193.03276,2307.7185	316.75162,259.64325,2323.6323	354.80923,187.58632,2239.375	386.99423,181.797,2171.0315	421.47925,245.17276,2162.1018	359.2546,241.73874,2218.5088	341.31067,298.54443,2246.596	327.37875,409.80856,2091.9966	387.28214,295.2205,2148.6892	377.74866,477.02856,2257.1882	390.411,413.473,2061.3215	341.31067,298.54443,2246.596	418.95526,507.16086,2155.2273	430.42093,318.91995,2128.7063	291.02148,315.98816,2138.9824	
350.2067,136.38554,2258.0403	354.3433,189.44516,2239.0203	324.23804,194.76698,2308.6692	316.76794,260.83878,2324.8186	354.3433,189.44516,2239.0203	386.38165,183.78162,2169.3713	423.86145,247.15392,2159.3975	358.67072,243.65627,2218.871	340.74072,300.34738,2248.6174	319.79922,408.12262,2092.1177	386.45145,297.3055,2148.8264	371.03177,475.19977,2259.1382	387.47665,415.70337,2059.9036	340.74072,300.34738,2248.6174	416.4993,507.26483,2163.284	432.22412,321.3154,2127.4749	293.54666,315.93494,2121.347	
349.49942,136.56119,2258.8723	353.265,189.91989,2240.2734	322.97696,194.93507,2308.593	315.2966,259.6688,2329.3982	353.265,189.91989,2240.2734	385.45853,184.58919,2171.9539	426.74573,247.64787,2158.6082	357.17996,244.14502,2220.566	338.72382,300.64783,2249.8113	314.2019,404.86,2097.737	384.6272,297.97525,2151.9055	363.75702,474.51913,2260.145	387.87454,416.22794,2064.0073	338.72382,300.64783,2249.8113	414.5187,507.0546,2173.305	432.21985,322.13577,2121.3894	296.3829,312.05493,2109.072	
348.32855,134.81534,2257.8137	352.04648,187.97415,2241.3691	321.5112,192.77087,2307.779	308.77457,258.56262,2335.1934	352.04648,187.97415,2241.3691	384.44647,182.88449,2174.9592	428.31866,247.25961,2158.153	355.73822,242.19894,2222.9966	336.91223,298.53903,2252.2144	310.40546,399.43884,2109.6853	383.06708,296.06253,2157.0337	355.85956,471.52975,2271.7507	390.03027,413.8612,2068.0298	336.91223,298.53903,2252.2144	412.48846,503.42786,2188.009	429.5791,321.73395,2112.4014	297.90027,306.26077,2097.284	
346.4231,132.58408,2256.2776	349.73395,186.14696,2243.8713	319.04416,190.44368,2308.8083	300.16583,254.15141,2345.088	349.73395,186.14696,2243.8713	382.25302,181.59413,2178.9343	428.9481,243.73029,2160.0427	352.84033,240.37761,2228.2415	333.3845,296.27133,2259.1484	304.93832,396.11703,2129.5857	379.568,294.43896,2166.0747	342.67725,469.6891,2298.5024	388.07996,411.35736,2085.317	333.3845,296.27133,2259.1484	410.32135,503.63028,2189.5493	425.4057,317.6148,2106.077	297.84976,298.1238,2097.9397	
344.14502,129.97348,2269.509	347.14362,182.83554,2252.6008	316.64783,187.40378,2317.4883	292.53317,248.38716,2356.0513	347.14362,182.83554,2252.6008	379.44843,177.99634,2187.7134	428.40646,240.98686,2161.1096	350.10947,236.75226,2233.2935	330.6027,292.72784,2260.478	301.22665,390.79028,2144.1768	376.61768,290.44284,2167.4941	330.628,467.01337,2314.0552	388.38348,406.89612,2086.4717	330.6027,292.72784,2260.478	410.718,501.0088,2182.3794	418.90463,313.72604,2101.424	294.76224,287.74854,2099.7524	
341.39148,127.81797,2283.075	343.7754,180.21242,2261.4524	313.34763,184.68803,2325.4019	285.40488,240.89232,2366.5115	343.7754,180.21242,2261.4524	375.97412,175.4763,2197.503	425.85846,235.70827,2166.3208	346.09558,233.82942,2238.9756	325.95618,289.6363,2262.3232	295.05573,386.5749,2163.2627	371.91974,287.38486,2170.6743	314.97745,463.75708,2337.9941	385.80002,403.1682,2095.2925	325.95618,289.6363,2262.3232	407.32742,500.0514,2176.199	413.40543,307.6931,2105.5525	289.37396,276.5332,2109.8335	
337.865,125.894485,2290.4539	340.66843,178.45404,2268.438	309.98206,182.99377,2328.8865	278.76526,235.59468,2375.2754	340.66843,178.45404,2268.438	373.03497,173.66574,2207.9895	422.73102,231.14494,2173.673	343.3253,231.88626,2246.2385	323.3379,287.66507,2267.3723	291.78088,383.3108,2183.7642	369.63452,285.05438,2180.7058	304.9305,461.5348,2357.6309	384.8578,399.76624,2113.72	323.3379,287.66507,2267.3723	409.73315,497.8059,2179.0457	406.47296,302.0478,2116.592	282.5667,266.25894,2119.9595	
334.22565,124.665474,2301.6096	337.30942,176.27727,2277.7085	306.14142,180.99792,2331.8418	271.67416,231.30876,2388.6863	337.30942,176.27727,2277.7085	369.99503,171.32675,2223.5752	420.7473,224.50749,2187.1218	340.38464,229.34929,2252.6475	320.4179,285.26053,2266.4204	289.1743,385.66934,2210.2617	367.46033,281.91205,2188.7524	289.045,463.95792,2378.7527	382.023,396.03412,2126.1016	320.4179,285.26053,2266.4204	409.0075,496.04703,2173.192	398.99652,293.17242,2134.722	274.71616,256.32376,2130.0972	
330.4452,124.16449,2314.2024	333.73874,175.26239,2287.758	302.37125,180.21233,2337.8435	263.58414,225.4549,2395.3782	333.73874,175.26239,2287.758	366.51038,170.09091,2237.6726	419.15063,215.64346,2205.512	337.225,227.95702,2259.913	317.52032,283.93378,2267.9524	284.8358,385.11707,2241.3743	364.83685,279.93466,2196.1838	277.36325,464.29837,2399.4917	377.01703,393.67365,2138.1003	317.52032,283.93378,2267.9524	407.28165,494.20135,2172.6277	391.74722,281.1145,2153.8098	268.3712,245.96394,2135.1985	
326.693,124.23431,2327.4692	329.99298,174.63373,2298.0571	298.39417,179.56938,2343.6074	256.99542,220.64554,2401.7024	329.99298,174.63373,2298.0571	362.86978,169.49847,2252.5068	420.41824,207.79825,2225.1162	333.55832,226.95654,2267.3416	313.73224,282.8433,2269.267	279.35327,383.448,2265.2217	361.40665,278.5266,2203.9849	266.872,462.8412,2416.5776	372.1245,391.7829,2150.329	313.73224,282.8433,2269.267	405.11105,493.3811,2167.6572	385.74945,268.26477,2174.6235	260.7844,236.12054,2137.77	
322.67694,125.80273,2333.5784	325.40335,176.30817,2305.8838	293.80997,180.66168,2350.2288	251.7128,217.46054,2410.8462	325.40335,176.30817,2305.8838	358.2357,171.7839,2261.5388	417.07883,202.85962,2247.2932	328.33182,228.61052,2277.7769	307.93912,283.95755,2281.433	273.7414,383.84744,2291.1584	355.39795,280.43222,2217.9067	257.34732,461.92075,2441.5713	364.99112,393.11932,2163.6577	307.93912,283.95755,2281.433	401.07224,493.22253,2179.653	380.48404,261.70657,2198.3628	251.7084,228.6504,2142.9	
318.36102,127.85062,2343.738	319.9718,178.08868,2317.2324	288.45068,181.55408,2360.4429	245.98714,214.08928,2415.4033	319.9718,178.08868,2317.2324	352.69086,174.49161,2274.022	411.92734,202.67305,2269.4163	321.72302,230.27977,2291.5151	300.2529,284.7845,2296.7612	267.82916,384.8249,2308.1577	347.41968,282.49548,2234.8345	249.86426,462.67773,2455.142	358.52863,394.22882,2179.877	300.2529,284.7845,2296.7612	400.32312,493.07523,2181.3638	373.79596,259.55292,2215.2861	243.10957,220.95885,2147.127	
313.70764,130.58537,2349.194	314.416,181.33984,2326.8577	282.72006,183.6623,2366.1282	240.32071,211.86844,2423.164	314.416,181.33984,2326.8577	347.2001,178.93764,2287.5872	406.77527,205.55188,2288.085	315.05127,233.51138,2306.199	292.4416,287.04773,2313.697	263.99762,388.1149,2318.3867	339.53467,286.19394,2257.3835	246.41713,466.0782,2462.8108	355.1199,396.3593,2198.7756	292.4416,287.04773,2313.697	399.74106,494.4834,2188.9849	366.12122,260.43582,2239.0266	234.02623,214.69043,2155.7966	
308.49637,134.65472,2352.9832	308.2981,185.38199,2336.93	276.56894,186.91092,2373.4827	232.45139,211.76784,2431.5803	308.2981,185.38199,2336.93	341.0356,183.80447,2300.3772	399.50214,209.88684,2300.6726	308.27005,237.47878,2321.2656	285.10315,290.22028,2331.7898	260.75885,392.4399,2323.4587	331.91183,290.34805,2279.4128	245.63013,468.95535,2475.9802	352.20807,398.85394,2214.6267	285.10315,290.22028,2331.7898	399.44992,495.96304,2196.5906	358.3031,264.57208,2258.5789	226.15317,211.06364,2163.3022	
303.9498,137.34622,2369.3381	302.77252,187.46806,2350.6602	271.003,188.49402,2383.6658	224.02151,211.95293,2434.7478	302.77252,187.46806,2350.6602	335.4469,186.41287,2317.6545	391.53793,215.54451,2317.258	302.06247,239.24861,2333.2808	278.1626,291.5006,2339.5515	256.53574,394.58643,2323.2234	324.9992,292.11835,2292.2512	245.78822,471.80225,2475.3528	351.11026,398.79114,2222.237	278.1626,291.5006,2339.5515	397.66412,497.0592,2194.092	350.56952,270.04944,2274.656	218.20367,208.51854,2168.6042	
299.23172,139.63364,2385.0479	297.5846,189.29082,2363.776	265.76535,190.02164,2393.0923	217.51477,210.40839,2437.858	297.5846,189.29082,2363.776	330.20303,188.54166,2334.4595	384.62555,218.85245,2334.1167	296.5722,240.77435,2345.0508	272.31683,292.69168,2347.3328	255.60797,396.5423,2327.2395	319.19354,293.48892,2305.3186	245.08469,473.1615,2481.693	348.45465,398.5827,2240.1965	272.31683,292.69168,2347.3328	394.80698,496.76648,2205.0974	347.98044,269.2412,2299.9817	210.2045,205.72342,2170.7754	
295.304,141.49461,2392.9033	293.2081,191.04063,2375.1606	261.43,191.25426,2402.383	211.04132,209.06541,2441.4292	293.2081,191.04063,2375.1606	325.7231,190.82205,2347.9382	377.42218,221.68027,2346.3735	291.76825,242.3501,2360.5454	267.211,293.60294,2365.4338	254.2079,396.9759,2349.3423	313.7972,295.00653,2326.4265	245.66295,474.8484,2494.9006	344.06726,398.3853,2272.9143	267.211,293.60294,2365.4338	390.6029,496.061,2223.701	340.6903,275.42145,2321.929	202.66641,203.97104,2175.139	
291.4394,142.16553,2404.3413	289.19815,191.55708,2386.8406	257.51288,191.59534,2412.7087	205.60034,205.76569,2448.7112	289.19815,191.55708,2386.8406	321.57776,191.51797,2360.9724	371.5869,225.40204,2357.3909	287.62592,242.64009,2373.4468	263.03464,293.53018,2378.5857	253.79626,397.04584,2356.9172	309.40106,295.0879,2341.5203	244.4909,475.29276,2498.7512	341.0907,397.52557,2282.1018	263.03464,293.53018,2378.5857	386.33704,494.46466,2241.5889	334.07663,280.11304,2344.6384	194.49765,202.00085,2184.7898	
288.45618,142.79375,2410.04	285.80328,192.13841,2397.136	254.05188,191.67815,2419.3542	201.69075,203.16333,2459.3486	285.80328,192.13841,2397.136	318.14877,192.6073,2374.9177	367.72162,226.95367,2369.027	283.89288,243.03546,2388.313	259.00696,293.29745,2395.416	252.05344,396.39032,2372.1309	305.2391,295.33612,2363.564	245.8284,475.91443,2506.3103	337.4316,396.28247,2311.3916	259.00696,293.29745,2395.416	380.18964,492.50955,2274.1323	330.9332,282.55356,2366.676	185.9557,198.18541,2201.784	
286.5813,141.84122,2420.4065	283.71155,191.10248,2409.5715	252.03648,190.44533,2430.2234	197.42975,197.4867,2474.1692	283.71155,191.10248,2409.5715	315.93423,191.77098,2388.9197	365.08777,227.00604,2384.4988	281.62378,241.74422,2402.1516	256.66043,291.60107,2409.5276	251.74701,393.98117,2390.4297	302.67,293.81216,2379.9358	248.63867,477.2563,2499.9526	335.8508,393.75125,2323.788	256.66043,291.60107,2409.5276	377.05872,489.52905,2291.4783	328.6476,282.77188,2384.1204	177.8425,191.68687,2225.1858	
284.75797,142.08243,2433.597	281.66074,191.04753,2422.2102	250.1304,190.31372,2442.353	195.43082,196.95767,2486.0837	281.66074,191.04753,2422.2102	313.7199,191.79364,2402.0674	363.62817,226.46342,2398.414	279.427,241.41582,2413.8813	254.40485,290.99942,2419.9844	251.39645,393.10657,2399.1199	300.22562,293.28003,2391.1206	248.77487,477.3634,2501.9885	331.87946,393.2564,2332.5112	254.40485,290.99942,2419.9844	372.44333,487.81653,2310.5112	326.74564,281.7317,2396.654	171.11314,182.99701,2245.5732	
283.36578,142.10474,2448.6973	280.40753,190.8284,2435.2764	249.05138,190.12413,2455.4248	196.61668,193.59822,2487.0454	280.40753,190.8284,2435.2764	312.28693,191.54443,2415.128	363.27505,225.84456,2407.9683	278.11746,240.90474,2424.9988	253.12425,290.29947,2429.1584	252.30627,392.1463,2406.2761	298.76437,292.52856,2400.284	249.13557,476.18817,2509.5957	329.92047,392.33136,2337.761	253.12425,290.29947,2429.1584	369.3611,485.44183,2331.0232	326.17593,280.64355,2412.6304	165.66129,170.98204,2274.3516	
282.1934,142.90448,2456.7593	279.75928,191.5253,2445.1897	248.37677,190.82109,2462.7388	197.83003,191.3114,2486.027	279.75928,191.5253,2445.1897	311.5955,192.23967,2427.6406	361.74023,227.62927,2418.3325	277.61212,241.40811,2434.8643	252.74023,290.68872,2437.1165	252.52203,392.55167,2407.2114	298.38992,292.7536,2411.9612	249.76129,476.05826,2514.0693	328.05356,392.63074,2343.476	252.74023,290.68872,2437.1165	366.99716,483.34155,2356.498	324.3352,281.58557,2434.022	161.09364,160.04532,2302.2903	
281.6462,143.6342,2460.7178	279.57605,192.27136,2453.4956	248.23274,191.53613,2469.9277	197.22758,188.75551,2484.5112	279.57605,192.27136,2453.4956	311.34204,193.01651,2437.0635	361.28027,229.04242,2433.0786	277.51233,242.00398,2444.5854	252.78792,291.08853,2447.4497	251.92741,392.88742,2409.3254	298.29913,293.12225,2423.901	248.76776,475.60065,2520.5723	325.95685,393.2637,2342.3594	252.78792,291.08853,2447.4497	365.7613,480.87982,2376.7715	324.5341,283.01038,2449.221	157.4514,149.96008,2329.7324	
281.82,145.62732,2463.2417	279.6935,194.6313,2460.367	248.30792,193.62724,2474.2517	195.02756,184.95702,2485.249	279.6935,194.6313,2460.367	311.43536,195.64674,2446.4822	361.18488,230.42746,2451.402	277.4447,244.23718,2453.7158	252.54993,292.98517,2457.016	251.42407,394.86023,2406.908	298.00217,295.2495,2437.1133	248.92441,478.28162,2513.9888	323.60516,395.5675,2342.0967	252.54993,292.98517,2457.016	362.5371,479.62338,2403.7407	325.26706,284.55563,2461.2263	154.82184,139.39008,2361.0442	
282.27365,148.4508,2479.9932	279.76068,196.86401,2471.6597	248.45227,195.7567,2484.2766	193.38626,180.30518,2481.618	279.76068,196.86401,2471.6597	311.39038,197.98268,2459.0427	360.11865,232.23273,2464.98	277.24808,246.19647,2460.4219	252.05908,294.81528,2458.2249	251.17065,397.20267,2388.1643	297.53357,297.15668,2440.1433	249.3517,479.4392,2505.7898	322.8253,397.5628,2332.6687	252.05908,294.81528,2458.2249	359.25244,480.66986,2410.2986	325.8732,286.94324,2476.8342	154.06319,130.34262,2392.384	
283.30798,150.71112,2496.8677	280.6751,198.82394,2482.8801	249.38678,197.6528,2492.9902	192.70032,176.41838,2473.3057	280.6751,198.82394,2482.8801	312.2193,200.00467,2472.77	360.01254,235.88326,2479.5999	278.03482,247.87132,2466.602	252.62839,296.4278,2457.5696	252.26434,399.06897,2382.6738	298.22528,298.7197,2443.0784	250.18619,481.72354,2498.423	323.29965,399.10745,2323.5344	252.62839,296.4278,2457.5696	357.92276,478.9878,2426.6235	325.1492,289.85477,2487.8376	154.30653,124.30108,2419.8867	
284.36234,152.65324,2497.3289	282.0302,200.99414,2487.236	250.6724,199.78915,2494.5085	193.92276,172.91208,2468.1577	282.0302,200.99414,2487.236	313.57193,202.20619,2479.9636	360.85995,238.76253,2490.8752	279.56284,250.00676,2472.6987	254.31923,298.51596,2463.3733	253.65779,400.8711,2393.9927	299.91,300.68683,2452.9495	251.94498,485.77924,2492.638	324.00003,400.9914,2327.0437	254.31923,298.51596,2463.3733	357.7638,479.16473,2441.362	325.85986,292.40512,2495.2715	156.66481,120.23972,2442.0764	
285.70508,153.2966,2514.0557	283.74475,201.06084,2496.9626	252.37407,199.95387,2500.6658	196.51611,170.13817,2458.1035	283.74475,201.06084,2496.9626	315.20865,202.17108,2493.2595	361.62036,240.30336,2504.6416	281.5128,249.80698,2477.2026	256.39417,298.4245,2460.097	254.13675,400.99335,2388.6072	302.1451,300.25153,2454.7883	253.00092,486.23877,2486.7483	325.368,400.57217,2319.1885	256.39417,298.4245,2460.097	358.33673,478.7576,2437.3826	327.28708,294.09543,2501.3154	162.79503,116.729454,2459.9165	
287.25488,153.81323,2522.9224	285.62213,201.24173,2502.5596	254.20192,200.27048,2502.2913	199.81876,165.8273,2446.0845	285.62213,201.24173,2502.5596	317.03558,202.21277,2502.828	362.52884,239.57587,2520.5522	283.81458,249.84927,2480.148	259.04346,298.64215,2457.544	255.73251,401.30664,2386.9348	304.90112,300.04434,2457.9287	253.67946,484.85425,2495.5916	327.09845,400.55695,2324.324	259.04346,298.64215,2457.544	357.91077,478.25146,2448.608	331.0678,294.55255,2498.6863	167.73889,113.09269,2475.0012	
289.38144,153.62917,2535.492	288.23074,200.6315,2508.7705	256.81976,200.02786,2506.0464	203.84068,163.34152,2437.5857	288.23074,200.6315,2508.7705	319.57358,201.23383,2511.4946	365.3501,237.63821,2531.4226	287.1416,249.02765,2482.269	263.04086,298.10443,2453.8157	259.86993,400.67038,2391.2854	308.98053,298.83167,2457.7195	253.70767,483.82846,2499.4822	330.71954,399.51978,2328.9336	263.04086,298.10443,2453.8157	359.00385,478.72968,2448.711	333.75534,291.9848,2492.961	174.91933,108.99547,2470.5408	
291.34973,152.18103,2542.1692	290.87958,198.79425,2512.175	259.44614,198.22606,2503.4387	209.22783,161.92818,2431.845	290.87958,198.79425,2512.175	322.09515,199.35852,2520.9114	368.18134,236.1811,2532.7014	290.30908,247.06041,2483.6328	266.67862,296.2821,2448.8257	262.7932,398.61993,2396.75	312.65472,296.6147,2461.3555	252.45753,481.73987,2501.43	332.44342,397.52176,2343.682	266.67862,296.2821,2448.8257	358.51334,479.0664,2451.1365	335.5652,289.61325,2484.217	185.70995,104.32744,2459.4006	
293.0833,151.63644,2547.9946	292.8967,197.92583,2514.583	261.4709,197.30045,2502.337	213.68336,158.70914,2428.4375	292.8967,197.92583,2514.583	324.0179,198.54515,2526.829	372.57123,233.98015,2537.9482	292.55573,246.05714,2483.3438	269.1466,295.30603,2443.3313	263.56055,397.58362,2396.7473	315.10117,295.52283,2460.8777	252.1537,479.8086,2506.591	332.4527,396.89694,2348.7043	269.1466,295.30603,2443.3313	358.3488,481.35248,2437.4077	338.15277,285.0382,2472.2957	196.37059,98.08618,2439.1455	
294.7923,150.48157,2556.887	294.39908,196.15204,2518.847	263.02542,195.278,2504.623	219.38951,154.05632,2424.708	294.39908,196.15204,2518.847	325.42035,197.01627,2533.0708	376.52097,230.56935,2536.6387	293.9131,244.05626,2484.1157	270.3315,293.08197,2439.195	264.84213,395.53687,2392.2607	316.30383,293.55405,2459.574	251.61774,475.88623,2512.8577	333.3079,394.83478,2364.7605	270.3315,293.08197,2439.195	357.92502,483.30057,2423.9417	341.37753,280.58063,2462.6963	207.84476,91.2146,2427.5947	
296.08472,150.51547,2561.8545	296.79813,195.8418,2522.8352	265.48416,195.62654,2507.519	225.37297,148.90924,2423.8792	296.79813,195.8418,2522.8352	327.73413,196.05444,2538.1514	378.9748,228.51793,2531.0427	297.4907,243.59058,2486.6357	275.14468,293.02756,2439.461	270.86108,395.6095,2390.1418	321.05713,292.47513,2461.4116	256.39874,475.69098,2511.9497	339.3362,393.47894,2368.6353	275.14468,293.02756,2439.461	360.38293,483.00116,2426.4204	343.0444,277.6632,2451.5012	219.15973,84.36502,2410.123	
297.34555,151.32118,2564.3162	298.37408,196.20175,2525.8381	267.09988,196.37184,2511.6062	228.99553,145.77579,2424.4314	298.37408,196.20175,2525.8381	329.29782,196.0336,2540.07	380.28925,227.95084,2524.159	299.5907,243.87987,2489.2983	277.81302,293.50784,2442.5615	270.8223,395.85098,2392.1687	323.6834,292.45358,2462.9556	256.1813,476.64706,2509.2583	339.29047,393.8664,2369.496	277.81302,293.50784,2442.5615	358.609,483.98972,2426.1902	343.6224,276.3851,2440.3462	232.82268,80.67099,2395.9138	
298.24,153.37009,2565.5571	299.6211,198.0007,2528.0334	268.383,198.5098,2516.135	232.45084,144.30843,2424.2048	299.6211,198.0007,2528.0334	330.56653,197.49638,2539.932	380.94733,228.10687,2514.8174	301.15854,245.65543,2491.416	279.72772,295.44424,2446.272	272.35165,398.0358,2384.188	325.59668,294.02438,2463.3252	258.7232,476.27393,2517.6196	340.07108,395.67926,2371.1343	279.72772,295.44424,2446.272	358.18524,487.34277,2417.7244	342.9253,275.9133,2432.748	245.93625,80.26631,2399.0037	
299.24155,156.11017,2557.1665	300.05084,201.01294,2527.1172	268.81473,201.46355,2518.5334	236.31784,142.40176,2427.1323	300.05084,201.01294,2527.1172	331.0755,200.5654,2535.701	383.1034,229.54822,2503.549	301.16193,248.90808,2495.698	279.37,298.5982,2458.127	273.25803,401.23212,2379.5095	325.11847,297.45374,2470.4307	259.15155,474.83707,2536.33	338.92435,399.008,2380.65	279.37,298.5982,2458.127	356.43118,492.24622,2412.6267	342.64273,276.2493,2429.885	257.82343,80.29445,2392.5981	
299.73453,158.20291,2552.9656	300.1883,203.38412,2528.1836	268.97168,203.8576,2521.2007	238.33797,141.8002,2431.5698	300.1883,203.38412,2528.1836	331.23297,202.91325,2535.1665	384.4188,230.18558,2500.9148	301.18954,251.39314,2500.225	279.36218,301.0316,2467.2634	275.54776,403.68854,2368.4626	324.97232,299.94666,2477.2698	263.06622,475.0362,2539.4797	340.76373,401.0901,2378.4731	279.36218,301.0316,2467.2634	356.94147,494.53583,2411.5364	342.93033,276.42276,2431.6736	267.1016,82.68283,2389.5396	
299.78482,158.96588,2551.3677	300.1194,204.88768,2530.3843	268.9477,205.4556,2525.2478	239.1406,141.8002,2438.283	300.1194,204.88768,2530.3843	331.16476,204.32207,2535.5208	383.48544,230.78079,2500.6729	301.13098,252.95528,2505.8967	279.40045,302.53055,2477.7285	276.12238,404.92554,2378.315	324.8572,301.41425,2485.0898	264.94165,477.29324,2544.0308	341.93338,402.1265,2381.038	279.40045,302.53055,2477.7285	355.9119,495.56067,2416.098	342.94028,277.94757,2431.2769	272.46915,85.23454,2402.4324	
300.01108,159.43304,2550.5808	300.09567,205.75937,2533.401	269.0222,206.33014,2531.9717	237.3093,142.97206,2459.1567	300.09567,205.75937,2533.401	331.1341,205.18924,2534.83	382.24097,229.00781,2503.8906	300.8991,253.85147,2512.4797	279.07294,303.20703,2490.5342	275.2713,405.12646,2391.1875	324.34055,302.29578,2492.583	264.52292,478.91873,2548.1304	341.47775,402.72687,2389.0288	279.07294,303.20703,2490.5342	355.60257,497.06818,2414.168	345.2156,278.92804,2436.4724	276.64835,91.23488,2417.665	
299.50296,158.42343,2558.672	299.66895,204.6066,2538.5864	268.69086,205.31808,2538.94	234.98062,145.18842,2476.0793	299.66895,204.6066,2538.5864	330.65564,203.8949,2538.233	379.36618,229.37012,2506.1716	300.56412,252.5377,2514.8994	278.85724,301.88998,2491.4656	272.71652,403.66275,2389.8906	324.10007,300.8705,2490.9592	263.56628,479.00745,2540.5823	341.10938,401.35547,2385.3362	278.85724,301.88998,2491.4656	356.41693,496.5059,2403.7458	346.50824,282.24597,2441.3606	276.04913,95.01343,2426.5366	
298.8949,156.568,2571.2273	298.6102,202.32649,2545.8792	267.7326,202.8756,2547.112	233.17767,148.21225,2499.0374	298.6102,202.32649,2545.8792	329.51773,201.77686,2544.6462	374.50937,227.52461,2514.4993	299.14392,250.00282,2518.145	277.06897,299.1091,2491.2942	268.92114,400.58673,2396.3552	322.3261,298.37268,2489.5276	261.8323,475.97595,2548.1272	338.3446,398.75345,2398.7104	277.06897,299.1091,2491.2942	353.67,495.3319,2399.3506	350.08643,284.181,2449.6985	270.73917,96.1472,2433.6526	
297.7634,154.1639,2586.5217	297.1314,199.37274,2554.0488	266.40268,199.82118,2557.3396	230.45407,150.28012,2523.5232	297.1314,199.37274,2554.0488	327.93942,198.92314,2550.758	370.96802,230.47818,2514.7651	297.2792,246.72983,2521.8694	274.8324,295.55008,2492.0483	265.4117,396.6175,2406.9517	320.07208,295.07166,2487.3315	261.6499,473.4823,2551.582	334.51794,395.54626,2404.182	274.8324,295.55008,2492.0483	353.41788,491.69403,2400.656	351.1153,289.55273,2456.1455	261.43094,94.704605,2438.994	
297.03613,152.53418,2594.6628	296.41486,197.45282,2559.2554	265.76273,197.88254,2563.1658	226.61778,151.86157,2538.7659	296.41486,197.45282,2559.2554	327.1608,197.02179,2555.345	368.47125,233.69075,2515.424	296.44525,244.6397,2525.392	273.90668,293.31818,2494.3308	264.81964,394.03235,2419.764	319.09708,292.8998,2488.7268	263.008,472.90216,2552.0605	332.1673,393.3756,2409.6877	273.90668,293.31818,2494.3308	354.49396,488.58344,2405.8535	344.2583,290.93433,2449.4783	250.7952,92.40909,2456.867	
295.6654,151.64139,2598.2222	295.39673,196.5065,2561.6172	264.82693,197.2265,2567.1333	224.11214,153.71843,2551.3796	295.39673,196.5065,2561.6172	326.09848,195.78339,2556.101	369.80594,234.19603,2515.8452	295.70953,243.59685,2526.6245	273.49423,292.38937,2495.585	264.0879,392.86963,2427.2114	318.63968,291.62915,2487.6787	263.98413,473.03656,2551.2798	329.46704,392.4939,2399.2603	273.49423,292.38937,2495.585	354.44543,486.13852,2407.6396	336.9095,286.45096,2457.4893	241.09123,91.279175,2476.1956	
294.4929,151.6671,2600.499	294.23273,196.53175,2563.33	263.73364,197.45724,2570.2178	221.09183,155.20726,2561.1873	294.23273,196.53175,2563.33	324.89615,195.60129,2556.4424	371.6118,235.2064,2511.502	294.73184,243.58528,2528.1917	272.75525,292.45905,2497.989	262.92117,392.69675,2434.2026	317.8241,291.46942,2488.1174	263.64862,473.25055,2555.013	324.55334,392.69122,2390.0107	272.75525,292.45905,2497.989	354.4864,482.60617,2419.2446	331.32053,282.41293,2467.974	232.4137,91.46573,2512.295	
293.89383,152.12846,2610.148	293.23843,196.42079,2568.53	262.80597,197.10052,2575.6902	218.25717,158.89694,2563.5862	293.23843,196.42079,2568.53	323.84103,195.73726,2561.3699	372.79907,235.38649,2521.8545	293.23712,243.23828,2529.8677	270.735,291.81607,2496.3362	260.20007,392.01868,2433.9546	315.8294,291.20056,2486.0745	261.9748,473.21597,2551.2302	319.42398,392.65518,2373.6177	270.735,291.81607,2496.3362	353.60272,480.13477,2415.9792	330.6255,281.13144,2474.635	221.75235,94.87573,2539.6863	
293.06625,154.18044,2606.0452	291.92264,198.8392,2569.1238	261.74203,199.23926,2581.906	215.98553,161.78165,2565.3765	291.92264,198.8392,2569.1238	322.40506,198.43515,2556.3416	370.7683,235.25372,2518.9648	291.10165,245.81801,2534.33	267.98553,294.05188,2508.704	258.28943,393.8451,2447.6821	312.69403,294.15796,2490.3687	260.24268,474.45685,2565.514	314.79144,395.6256,2368.2754	267.98553,294.05188,2508.704	350.75757,481.84753,2417.4092	334.02933,285.83438,2484.6987	209.96667,100.12685,2570.2305	
292.0722,156.61203,2604.4326	291.04086,201.67145,2570.2273	260.9511,202.02968,2584.9014	214.78362,165.72102,2567.6926	291.04086,201.67145,2570.2273	321.4762,201.30911,2555.5532	367.109,236.96402,2517.9873	290.11142,248.76416,2538.1958	267.0273,296.9258,2516.6758	258.3075,396.87463,2441.4263	311.47552,297.19666,2495.6528	261.29166,476.84625,2563.594	315.1404,398.2378,2354.8638	267.0273,296.9258,2516.6758	352.63593,482.88934,2414.6162	334.83536,290.8782,2496.888	201.1452,107.43353,2597.2285	
291.9941,158.53131,2612.6143	290.92633,203.26184,2575.3945	260.91885,203.55237,2590.7104	213.77182,167.48886,2569.8516	290.92633,203.26184,2575.3945	321.29288,202.96783,2560.0786	364.53174,239.26398,2513.0918	289.79218,250.2268,2541.62	266.526,298.25616,2518.8184	257.23203,398.35248,2432.0781	310.92313,298.65915,2496.873	262.47156,477.22305,2561.874	314.83185,399.46948,2343.1982	266.526,298.25616,2518.8184	354.01892,482.23456,2413.896	334.1868,294.57956,2509.3083	192.8435,112.91954,2615.874	
291.66858,160.40436,2616.7202	290.6992,204.72975,2578.966	260.73105,205.00677,2594.3108	212.9194,167.61664,2567.944	290.6992,204.72975,2578.966	321.0261,204.4494,2563.6213	362.98596,241.69435,2514.0623	289.53555,251.63637,2544.6875	266.25714,299.61353,2521.4036	256.7683,399.7565,2429.1965	310.61743,300.03625,2499.4143	262.72345,477.59973,2565.1123	314.24402,400.6639,2337.9153	266.25714,299.61353,2521.4036	355.02844,482.58463,2410.9558	332.5151,296.48187,2517.62	184.9004,118.05472,2630.3762	
291.79883,161.73068,2619.2637	290.92758,205.93773,2581.4866	260.9972,206.20146,2597.0881	213.53271,168.74602,2564.9927	290.92758,205.93773,2581.4866	321.22195,205.6708,2565.885	363.30597,242.1491,2520.3518	289.7336,252.81165,2547.0696	266.44812,300.7432,2523.8323	257.19684,400.95996,2421.5608	310.76294,301.19818,2501.473	263.68298,476.23096,2572.595	315.41638,401.367,2329.047	266.44812,300.7432,2523.8323	354.57678,482.37177,2414.458	333.67416,297.638,2524.8977	181.80832,120.96788,2630.9062	
292.74966,161.6496,2620.0322	291.79364,206.10886,2583.5095	261.81714,206.31708,2597.7288	214.93875,168.95999,2562.9934	291.79364,206.10886,2583.5095	322.10196,205.89835,2569.2903	363.26697,242.51373,2527.3604	290.6533,252.96591,2549.608	267.39862,300.85617,2525.8962	259.46237,401.08676,2424.4758	311.74536,301.3174,2505.5164	263.35812,477.4802,2568.9954	318.01794,401.32245,2334.619	267.39862,300.85617,2525.8962	356.77798,482.36472,2419.5962	334.60925,298.58502,2529.626	178.23906,121.9002,2607.987	
293.32596,161.1607,2612.3933	292.42163,206.18663,2582.2969	262.45706,206.27567,2597.1692	217.72797,168.09949,2563.5005	292.42163,206.18663,2582.2969	322.73337,206.09656,2567.4246	364.03085,244.2693,2535.9792	291.16693,253.15392,2551.597	267.8632,300.93033,2531.5544	259.30542,400.83328,2435.715	312.08707,301.60278,2510.2395	264.61545,480.13348,2560.6711	318.95087,401.22113,2334.8728	267.8632,300.93033,2531.5544	355.82523,480.2575,2436.2483	334.88345,300.07333,2531.6343	181.0557,118.77504,2588.1487	
293.78452,160.47882,2617.0962	292.7531,205.47804,2583.538	262.6393,205.2901,2594.2886	219.9758,166.7898,2568.233	292.7531,205.47804,2583.538	323.1186,205.66754,2572.7876	365.6571,244.65427,2543.0908	291.30377,252.35335,2550.8667	267.65143,300.01685,2525.9028	260.0229,400.1128,2434.929	312.11832,300.8758,2510.4878	264.04926,482.04868,2544.1846	318.21625,394.34073,2329.3208	267.65143,300.01685,2525.9028	354.38516,474.5431,2428.9534	334.4176,299.15424,2524.907	186.28525,114.076965,2570.665	
294.8283,158.73294,2618.942	294.1112,203.98135,2585.572	263.95676,203.93625,2594.9705	220.74709,164.38963,2564.6223	294.1112,203.98135,2585.572	324.4857,204.02676,2576.1736	368.62143,243.25175,2551.2644	292.9808,250.78801,2552.2622	269.62897,298.5465,2525.6863	264.24603,398.4478,2446.4075	314.13098,299.1202,2512.2185	266.14905,482.23328,2541.824	324.30643,395.36346,2342.0925	269.62897,298.5465,2525.6863	358.12888,477.41772,2432.137	333.95868,295.06918,2518.9705	193.74023,108.03027,2562.3975	
295.90982,157.5329,2619.8274	295.23972,202.50554,2584.5894	264.9135,202.4985,2588.517	223.88422,162.21843,2563.855	295.23972,202.50554,2584.5894	325.6582,202.51259,2580.6616	371.23572,241.9464,2553.0347	294.54208,249.18712,2547.7144	271.4315,297.12854,2513.6558	264.99472,397.47424,2433.6802	316.2667,297.35147,2508.023	265.9422,482.31915,2525.525	328.05014,395.03094,2338.8052	271.4315,297.12854,2513.6558	357.8554,478.07855,2431.9797	333.2403,290.82236,2507.9448	204.77501,102.93234,2545.7954	
297.01324,155.69301,2629.9482	296.33334,200.11855,2588.8213	265.97937,200.01016,2590.0764	227.52898,158.39862,2558.9282	296.33334,200.11855,2588.8213	326.71677,200.22704,2587.5662	376.1942,238.73878,2560.2878	295.67163,246.53015,2548.01	272.53223,294.33868,2508.098	266.672,394.85065,2428.9758	317.46057,294.56677,2506.2996	264.52747,477.62888,2534.9468	330.17834,393.1494,2348.0747	272.53223,294.33868,2508.098	357.1573,478.5471,2429.9377	336.58444,285.3877,2501.751	215.7508,97.38202,2532.5676	
297.71402,156.15724,2625.2437	297.08423,200.56146,2586.1477	266.70367,200.57324,2588.0566	229.31183,154.64247,2555.4634	297.08423,200.56146,2586.1477	327.50967,200.54967,2584.2388	378.8561,237.32776,2563.8047	296.5657,247.05237,2545.7197	273.56,295.0009,2506.6592	269.37698,395.79233,2416.236	318.5254,295.0866,2503.9243	264.14923,476.002,2538.7437	331.44623,394.4964,2358.0806	273.56,295.0009,2506.6592	357.76727,482.15436,2423.0198	338.00894,282.1471,2495.3696	225.93976,92.40007,2515.0996	
299.55396,156.41022,2623.5066	298.7308,200.85872,2584.7095	268.297,200.70477,2585.148	234.4642,150.24117,2546.2258	298.7308,200.85872,2584.7095	329.17496,201.01273,2584.271	380.5065,237.71625,2565.4238	298.1133,247.37723,2544.126	274.96094,295.27814,2503.8567	270.51108,396.288,2399.3716	319.99628,295.5297,2503.2283	265.6485,473.6834,2541.2852	335.16373,395.01,2363.6763	274.96094,295.27814,2503.8567	357.48114,483.83667,2426.111	338.5762,280.38452,2484.6235	236.69394,87.01875,2500.0435	
300.28696,156.84906,2622.5925	299.59412,201.1345,2584.0278	269.13837,200.9253,2583.9385	238.62662,146.84677,2534.104	299.59412,201.1345,2584.0278	330.04776,201.34372,2584.1172	381.1151,238.35847,2563.4006	298.95404,247.6791,2543.6282	275.7665,295.5737,2503.1646	270.8609,396.6675,2393.361	320.819,295.87836,2503.2925	265.99817,474.1892,2536.1804	336.9582,395.44415,2369.6038	275.7665,295.5737,2503.1646	356.79926,486.54816,2417.7395	338.9985,280.586,2477.5767	247.0399,83.58078,2488.365	
301.5649,157.39726,2621.1938	300.6406,201.78273,2583.5159	270.1531,201.5268,2582.0054	240.5964,145.32988,2524.0498	300.6406,201.78273,2583.5159	331.09247,202.03838,2585.0264	381.72873,237.93698,2564.512	300.07465,248.36491,2543.5303	276.94806,296.28677,2502.4622	272.5717,397.36224,2377.5942	322.0137,296.58325,2504.6272	266.91855,472.9776,2532.8325	339.62558,396.02563,2379.2112	276.94806,296.28677,2502.4622	357.08603,489.20508,2411.8618	340.33365,280.1446,2471.526	257.68942,83.79999,2471.9697	
302.50473,158.54105,2622.4797	301.8851,202.6207,2583.5442	271.3859,202.50407,2581.3418	243.7597,143.7687,2519.0315	301.8851,202.6207,2583.5442	332.33237,202.7371,2585.7466	381.95422,237.44463,2565.3152	301.60992,249.1542,2542.0703	278.7498,297.2047,2499.018	274.44342,398.46277,2368.4048	323.87296,297.2578,2502.1748	267.31628,474.26147,2523.278	341.56888,396.91937,2380.275	278.7498,297.2047,2499.018	358.40546,491.51694,2402.4038	341.62613,280.21008,2467.8142	267.73053,85.393555,2462.0286	
303.41705,159.86395,2621.611	302.7642,203.81813,2583.4062	272.25665,203.59865,2580.7278	244.70511,144.18388,2518.0068	302.7642,203.81813,2583.4062	333.20853,204.03717,2586.0847	381.82074,238.04544,2562.3894	302.38647,250.38809,2542.2593	279.42102,298.40063,2499.1929	274.91458,399.73853,2368.104	324.5371,298.5799,2503.0317	266.03183,474.80627,2525.3735	341.21396,398.47186,2390.775	279.42102,298.40063,2499.1929	357.93054,494.25958,2399.3132	342.813,282.21085,2464.8015	274.93588,88.92464,2457.4985	
303.96255,160.46494,2621.1833	303.04422,204.65973,2582.8137	272.53375,204.43697,2580.4475	244.45267,145.17294,2520.0017	303.04422,204.65973,2582.8137	333.49884,204.88208,2585.18	381.55075,237.77512,2561.057	302.63763,251.26974,2542.0403	279.64603,299.2988,2499.5713	275.49097,400.72626,2372.6018	324.75903,299.49973,2502.9624	265.01642,476.8247,2522.213	341.2345,399.48138,2395.9731	279.64603,299.2988,2499.5713	357.6033,495.50964,2401.519	345.31805,284.37076,2463.9524	280.88046,93.53993,2465.084	
304.36905,159.89517,2621.4749	303.4195,204.61282,2582.9397	272.91464,204.52287,2580.8765	243.67584,146.42514,2525.997	303.4195,204.61282,2582.9397	333.87564,204.70262,2585.003	379.51895,234.18103,2562.9575	303.19913,251.23964,2542.664	280.41217,299.35687,2500.91	274.33508,400.68103,2381.0696	325.5045,299.37787,2503.867	266.45065,476.04395,2535.035	342.00708,399.27557,2403.7844	280.41217,299.35687,2500.91	358.05542,496.6206,2394.3467	350.8667,285.5111,2468.641	284.05853,97.647064,2473.457	
304.48013,158.92395,2612.1257	303.21423,204.23242,2579.7412	272.703,204.09311,2579.4514	241.92902,148.58871,2540.0068	303.21423,204.23242,2579.7412	333.7186,204.3717,2580.031	376.50513,234.85075,2561.5461	302.7843,251.06107,2543.7869	279.84915,299.13763,2507.625	272.03162,400.04956,2397.8564	324.83124,299.32727,2508.04	265.48834,476.57196,2543.8088	340.39706,399.1482,2412.9006	279.84915,299.13763,2507.625	356.32562,496.8529,2396.741	352.6483,289.11295,2468.5017	283.28537,101.46837,2475.6824	
304.53326,156.85977,2608.4565	302.56995,202.38078,2579.102	272.07913,201.92848,2580.0325	240.97736,149.69505,2548.0217	302.56995,202.38078,2579.102	333.0828,202.83342,2578.1716	374.40164,237.2186,2560.0999	301.56778,249.28069,2545.9282	278.10928,297.061,2513.4211	269.92487,397.6228,2408.7002	322.98096,297.7771,2512.0876	263.9664,474.91193,2549.7275	338.36426,397.4085,2415.8718	278.10928,297.061,2513.4211	354.59045,494.84152,2400.8738	353.93915,293.39493,2467.6926	278.1687,99.779526,2473.8599	
303.64944,155.82098,2605.1125	301.70752,201.37292,2577.7983	271.22662,200.77026,2579.8037	237.76357,148.64209,2554.519	301.70752,201.37292,2577.7983	332.23584,201.97653,2575.793	371.63257,239.9634,2559.2588	300.40338,248.36415,2547.3599	276.6938,295.99527,2518.3584	269.19366,396.33817,2417.8064	321.46722,296.9892,2515.4844	264.3817,475.36783,2548.0618	337.02036,396.4014,2420.7195	276.6938,295.99527,2518.3584	355.22205,493.40396,2404.341	356.10318,298.21313,2470.1162	270.9018,95.075226,2480.9614	
302.99884,154.60281,2612.4583	300.62073,199.7195,2580.8809	270.2521,199.03685,2585.6177	235.39842,148.25989,2558.7717	300.62073,199.7195,2580.8809	331.101,200.40466,2576.144	371.20627,240.39586,2560.463	298.91995,246.51309,2547.0222	274.81482,293.9369,2516.5586	267.6332,394.26672,2420.1926	319.59244,295.1999,2509.7686	262.14914,474.07947,2545.7505	333.98126,394.94452,2415.3364	274.81482,293.9369,2516.5586	355.01935,491.45685,2399.9683	348.05786,295.72064,2475.165	261.44104,90.321976,2490.0913	
302.05008,153.30118,2617.1218	299.692,198.10689,2582.8508	269.39078,197.46695,2589.1624	232.86472,148.51714,2563.891	299.692,198.10689,2582.8508	330.14166,198.74995,2576.5393	376.11194,237.79321,2566.5173	297.88696,244.79721,2547.611	273.70154,292.15546,2516.894	266.85233,392.2504,2432.1672	318.44165,293.44153,2507.8486	263.18558,473.342,2548.924	332.22345,393.29108,2412.5312	273.70154,292.15546,2516.894	355.14322,488.76575,2404.2207	343.27954,286.7439,2486.1423	252.07306,87.19609,2497.0308	
300.93814,153.09628,2620.4597	298.63562,197.74806,2584.555	268.37332,197.19301,2591.5393	228.86351,149.72034,2571.4524	298.63562,197.74806,2584.555	329.06192,198.3061,2577.5706	374.87708,239.26173,2565.7776	296.88486,244.39787,2549.0273	272.7782,291.76917,2518.5044	265.613,391.68442,2439.5806	317.48004,292.9661,2508.495	262.8732,473.51843,2550.7969	329.67474,392.9972,2406.787	272.7782,291.76917,2518.5044	354.83722,487.2547,2406.8213	337.9588,286.45538,2492.7556	242.0026,86.54144,2507.827	
300.05737,153.86292,2623.6328	297.941,198.14815,2585.9666	267.66733,197.60922,2592.0425	225.16193,152.31729,2568.2292	297.941,198.14815,2585.9666	328.35733,198.68964,2579.8906	374.05933,239.25075,2564.8315	296.25684,244.72466,2548.9282	272.18152,292.11334,2516.244	264.73355,391.9555,2444.9685	316.94208,293.23807,2507.536	263.35132,475.1818,2546.2366	327.3644,393.41473,2388.453	272.18152,292.11334,2516.244	355.042,485.20844,2409.6252	336.09695,286.8813,2504.0417	230.11884,88.253265,2531.5957	
299.28482,155.02406,2624.7136	297.29944,199.35544,2587.693	267.07095,198.86371,2594.5767	223.01,154.64801,2570.6113	297.29944,199.35544,2587.693	327.68915,199.8498,2580.8096	373.5366,238.0649,2566.9072	295.64554,245.97557,2552.1895	271.66306,293.36353,2521.6187	264.21762,392.82666,2457.9727	316.31448,294.46075,2511.753	263.5679,476.56085,2553.0552	324.13306,394.62543,2380.402	271.66306,293.36353,2521.6187	355.02536,483.608,2418.2896	338.04843,288.18048,2518.0967	218.56891,90.97775,2544.8962	
298.56128,156.63336,2622.7612	296.66016,201.0814,2587.6257	266.44427,200.47699,2594.815	220.40265,155.85768,2569.8052	296.66016,201.0814,2587.6257	327.04443,201.68918,2580.4365	370.0628,239.41927,2567.514	294.84244,247.78442,2553.98	270.73645,295.09628,2525.486	262.63617,394.60126,2454.543	315.30698,296.3751,2515.1824	263.6208,477.72455,2554.307	321.25385,396.045,2361.3813	270.73645,295.09628,2525.486	353.95065,482.80316,2416.9163	338.88052,292.62445,2527.6746	206.8204,94.985886,2569.6528	
298.01886,158.8739,2614.2822	296.06827,203.29326,2584.387	265.80038,202.62776,2591.059	217.88159,157.43721,2561.4019	296.06827,203.29326,2584.387	326.49283,203.9622,2577.7148	366.9099,238.70102,2566.7534	294.27182,250.19092,2554.4482	270.21973,297.53296,2529.2908	261.13177,397.07178,2449.9788	314.73016,298.8714,2519.7283	264.99164,479.4439,2554.8164	320.25406,397.8843,2347.1936	270.21973,297.53296,2529.2908	353.38455,481.42285,2426.613	339.49277,292.7698,2538.8296	196.69354,100.55643,2584.9736	
297.4901,160.45346,2609.1025	295.8638,205.13962,2583.3564	265.5708,204.39954,2589.5498	217.05719,159.37483,2554.201	295.8638,205.13962,2583.3564	326.30237,205.88324,2577.163	365.46277,238.11655,2565.3723	294.062,252.16728,2557.0984	270.05612,299.46274,2535.2786	261.08517,398.9622,2449.7217	314.46738,300.88135,2526.402	264.11618,480.49384,2559.723	319.76462,398.96014,2336.6877	270.05612,299.46274,2535.2786	353.3419,481.72888,2423.2717	340.17776,292.43604,2545.1675	187.98497,106.987045,2588.4338	
297.21912,162.21848,2605.9014	295.6122,207.04318,2581.3457	265.293,206.18652,2587.3347	216.65659,162.30344,2548.094	295.6122,207.04318,2581.3457	326.07248,207.90381,2575.3567	364.5937,237.82542,2566.679	293.66876,254.15375,2556.295	269.5224,301.4093,2535.536	260.10577,401.07343,2440.958	313.92657,302.98694,2526.9524	263.97873,482.0812,2555.484	316.10208,396.75403,2325.5579	269.5224,301.4093,2535.536	353.16177,479.84143,2405.1	341.1634,292.56943,2545.4792	181.88722,112.600876,2580.3945	
297.25092,161.78142,2605.3367	295.84366,206.95097,2581.2952	265.46347,206.08517,2585.1262	217.29901,163.16284,2543.549	295.84366,206.95097,2581.2952	326.31415,207.81934,2577.464	364.2615,237.79259,2567.8455	294.02817,254.07767,2556.6538	269.97516,301.38568,2534.758	260.4334,401.0351,2443.6477	314.4277,302.85916,2529.2668	266.8312,483.30576,2548.8281	319.66315,398.84027,2335.0193	269.97516,301.38568,2534.758	356.3904,481.2337,2417.1458	341.67328,292.6304,2544.7095	174.97264,116.3687,2551.8738	
297.29007,161.57257,2603.5479	296.15472,206.92415,2580.3025	265.71313,206.17068,2582.3352	217.35881,163.28482,2534.7793	296.15472,206.92415,2580.3025	326.64432,207.67879,2578.2698	364.25143,241.70822,2568.9753	294.62952,254.08221,2555.836	270.83453,301.54657,2532.8262	262.15042,401.1824,2449.9731	315.3407,302.75784,2529.9126	266.1169,485.42004,2540.9922	321.74158,399.3543,2330.317	270.83453,301.54657,2532.8262	356.46478,481.2491,2421.4102	341.03345,297.95215,2542.1372	170.70978,118.1755,2538.8826	
297.49692,160.55185,2603.1575	296.47632,206.05832,2579.0315	265.99847,205.4124,2580.3728	219.5557,162.86938,2533.3918	296.47632,206.05832,2579.0315	326.98587,206.70493,2577.6902	364.8084,246.26518,2572.2869	295.15686,253.2261,2554.026	271.53772,300.81836,2529.9814	263.40945,400.38086,2455.7935	316.10184,301.83527,2528.059	265.3993,485.96732,2536.6516	323.5514,399.2387,2334.3247	271.53772,300.81836,2529.9814	357.59116,481.37372,2424.7402	338.55786,301.74634,2536.2107	171.77176,115.775795,2512.3762	
298.25546,158.99887,2612.502	297.0738,204.19463,2581.473	266.5945,203.4003,2581.255	221.03197,162.64769,2524.686	297.0738,204.19463,2581.473	327.54788,204.9888,2581.691	367.02716,246.69673,2575.4907	295.58264,251.1494,2551.2212	271.68936,298.6541,2520.8132	263.5497,398.33286,2454.0122	316.41934,299.808,2521.1257	264.54083,485.26196,2526.3909	325.7981,397.5785,2330.1482	271.68936,298.6541,2520.8132	355.35126,479.38257,2432.7483	336.36536,299.3649,2521.8528	177.31052,110.78627,2493.1475	
298.49228,157.46289,2616.6462	297.65573,202.47498,2582.6147	267.203,201.92805,2583.2861	224.03058,159.90665,2516.847	297.65573,202.47498,2582.6147	328.1243,203.02219,2581.9434	370.2566,247.01778,2578.2205	296.4672,249.32314,2549.849	272.85574,296.97067,2517.5645	266.6256,396.70154,2455.6638	317.6482,297.81143,2516.6025	265.0621,482.79688,2533.5466	329.82303,395.85828,2334.4368	272.85574,296.97067,2517.5645	355.85394,478.5975,2437.3792	334.45663,294.96805,2506.2722	183.83435,104.738144,2478.1943	
299.31723,156.62161,2621.7156	298.64984,201.22691,2583.8403	268.26007,200.94833,2586.6636	226.77936,156.01692,2506.4277	298.64984,201.22691,2583.8403	329.1061,201.50612,2581.017	371.91226,248.80095,2575.5862	297.6681,247.88882,2546.8123	274.22995,295.6457,2511.8076	269.62308,395.78296,2445.0452	319.121,296.20996,2507.7607	265.07013,478.30865,2547.3025	331.9893,395.3421,2350.0479	274.22995,295.6457,2511.8076	357.36993,482.64752,2419.388	330.9168,290.60352,2486.9495	191.12453,97.26167,2469.791	
299.93918,155.42468,2621.3726	300.18402,199.93944,2583.0242	269.7375,200.30359,2583.3267	228.93744,153.56369,2503.2593	300.18402,199.93944,2583.0242	330.63766,199.5752,2582.7217	373.05847,250.6186,2570.6516	300.42398,246.54344,2544.743	278.17856,294.83185,2506.6785	273.6924,395.34915,2432.2695	323.16794,294.31012,2506.2449	270.05524,475.50928,2552.859	336.84656,393.8426,2369.4058	278.17856,294.83185,2506.6785	360.6633,484.00244,2416.3777	327.19217,285.70276,2472.7598	201.61197,90.21155,2449.2502	
300.21057,155.22585,2622.0706	300.917,199.71172,2582.0427	270.4486,200.42497,2581.7783	233.31769,152.64114,2500.6357	300.917,199.71172,2582.0427	331.37915,198.99861,2582.3071	372.557,254.07858,2555.5225	301.7521,246.29543,2542.9304	280.10184,294.86865,2503.6287	273.08218,395.44006,2426.4817	325.1213,293.80045,2504.0076	267.96918,476.4064,2543.2283	337.0669,393.8718,2374.842	280.10184,294.86865,2503.6287	357.91885,485.57812,2414.8157	321.4382,281.12924,2458.045	215.64713,86.28044,2432.1655	
300.16214,155.51253,2621.9207	301.2405,200.03807,2580.5815	270.76178,201.07211,2580.38	236.27937,150.6252,2491.3142	301.2405,200.03807,2580.5815	331.71448,199.00418,2580.7832	372.7173,255.61964,2545.8208	302.57367,246.6539,2541.6924	281.4311,295.4878,2502.6587	273.164,396.20306,2416.5996	326.46283,293.94907,2502.9478	267.11124,475.91797,2542.3179	338.08673,394.26807,2385.683	281.4311,295.4878,2502.6587	357.4955,487.8392,2410.0066	318.22403,277.40036,2452.7036	229.9394,82.96205,2414.4263	
300.81912,156.47604,2620.8672	302.16428,200.79292,2579.027	271.62988,201.86557,2576.239	238.21585,149.59363,2486.1665	302.16428,200.79292,2579.027	332.63272,199.72258,2581.8152	370.43378,259.0268,2530.368	303.79852,247.45102,2540.3481	282.93268,296.41992,2499.6711	275.1453,397.46545,2401.57	327.998,294.68524,2503.6672	266.92322,475.9182,2535.6965	340.36942,394.99716,2392.8354	282.93268,296.41992,2499.6711	357.91595,489.94934,2406.4287	313.3812,276.941,2442.135	245.11322,83.16492,2407.6382	
301.31964,157.09561,2611.3362	302.90646,201.78119,2575.9158	272.32446,203.00989,2571.9475	241.2268,148.77306,2478.578	302.90646,201.78119,2575.9158	333.3944,200.55626,2579.884	368.12448,263.08173,2514.1726	304.8988,248.6611,2542.0762	284.45386,297.81763,2505.393	276.46692,398.73782,2401.4224	329.38507,295.7966,2511.08	266.19418,476.756,2536.3252	342.32962,395.80853,2404.5269	284.45386,297.81763,2505.393	357.18442,491.48932,2411.728	308.66006,277.1821,2436.9968	260.09265,85.70137,2406.1038	
301.50528,158.01132,2607.5608	303.12402,202.544,2574.596	272.5204,203.88997,2569.764	242.57875,148.07468,2473.2847	303.12402,202.544,2574.596	333.61298,201.20308,2579.428	366.3897,266.64856,2503.7053	305.366,249.51622,2542.7542	285.1966,298.7996,2507.45	277.0537,399.68793,2392.5078	330.0712,296.56305,2514.3748	265.56915,478.63306,2522.6018	342.85687,396.50964,2400.0862	285.1966,298.7996,2507.45	356.0692,492.4119,2409.5073	305.32663,277.68417,2435.5083	272.7689,90.4234,2410.9055	
301.856,157.88982,2605.6704	303.40515,202.77805,2573.9731	272.77414,204.00632,2567.0422	243.32709,149.0672,2469.1394	303.40515,202.77805,2573.9731	333.87167,201.55637,2580.904	364.34756,270.5194,2493.1714	305.6221,249.79655,2542.9565	285.42468,299.06616,2506.973	276.9287,399.98608,2395.2231	330.2742,296.89056,2516.907	265.9753,480.0673,2518.7021	343.92474,396.63422,2398.1475	285.42468,299.06616,2506.973	355.68097,492.42566,2411.1418	301.8938,277.289,2435.6372	282.80344,97.28349,2419.9348	
302.0837,158.76161,2606.2314	303.61407,203.5792,2573.3032	272.9918,204.87956,2568.109	243.31453,150.55145,2462.0723	303.61407,203.5792,2573.3032	334.113,202.28407,2578.4976	360.80124,277.175,2483.4653	305.8153,250.61362,2541.9453	285.5978,299.919,2506.865	276.9322,400.8313,2402.7354	330.47867,297.73016,2514.3098	265.92575,481.06836,2523.7085	344.05322,397.643,2393.411	285.5978,299.919,2506.865	356.16913,494.31613,2400.0076	298.0898,273.5999,2440.0073	289.1134,103.701996,2426.7783	
302.3842,158.1543,2605.0122	303.93787,203.26604,2572.642	273.30084,204.67961,2565.7805	241.62613,152.40726,2453.5403	303.93787,203.26604,2572.642	334.41187,201.85999,2579.5037	365.86932,264.9088,2504.185	306.44193,250.30421,2541.6472	286.53674,299.72797,2505.7354	277.66263,400.64362,2405.2588	331.39108,297.28442,2515.5693	266.24826,479.7365,2532.1357	344.30884,397.22443,2401.5164	286.53674,299.72797,2505.7354	357.1794,494.37042,2399.841	306.5137,275.51974,2441.437	292.6928,110.77081,2436.9675	
302.35214,157.7506,2603.787	301.7199,204.45224,2567.415	271.16782,206.85646,2565.6797	239.04214,155.60315,2453.666	301.7199,204.45224,2567.415	332.2307,202.05125,2569.1504	372.9515,257.7962,2531.7822	305.36267,251.5104,2536.4805	286.64435,301.54495,2504.301	276.7391,402.50604,2404.962	331.52408,297.918,2506.7908	265.03598,479.16895,2544.5	342.59784,398.4702,2394.8093	286.64435,301.54495,2504.301	356.63275,496.12653,2389.5708	317.07333,275.77444,2447.4004	292.60226,116.83931,2445.3386	
302.0865,156.96664,2600.7815	301.23407,205.40892,2564.913	270.70584,207.97188,2566.1484	234.86469,161.11679,2458.8376	301.23407,205.40892,2564.913	331.7917,202.8435,2563.6777	373.92444,254.92136,2544.0166	304.8535,252.37581,2529.347	286.07803,302.53717,2494.6658	274.02374,403.36908,2411.503	331.0902,298.8263,2492.8958	263.69003,482.13892,2538.653	341.0116,399.9726,2396.0232	286.07803,302.53717,2494.6658	356.76526,497.97665,2384.4368	320.72946,277.43982,2443.03	287.55627,121.06861,2442.14	
302.2707,156.07314,2610.755	302.2376,202.38808,2571.0264	271.70706,204.189,2571.3577	229.76984,166.73288,2455.3713	302.2376,202.38808,2571.0264	332.77603,200.58669,2570.695	373.92096,253.44504,2549.0393	304.73355,249.17154,2532.7634	284.75732,298.71124,2494.7378	271.58618,398.8022,2428.935	329.85907,296.06894,2494.2632	263.00897,478.28525,2551.4429	339.8258,396.85608,2410.3364	284.75732,298.71124,2494.7378	355.0812,493.63135,2405.5264	322.6264,279.85928,2442.1445	278.7817,122.61026,2435.6438	
301.5654,153.63686,2606.758	301.85587,199.62978,2571.4185	271.29636,200.9967,2571.6008	226.23798,171.39713,2452.6882	301.85587,199.62978,2571.4185	332.41974,198.26265,2571.236	374.01648,252.56017,2557.1472	303.70206,246.47977,2535.132	283.07196,295.69318,2498.9763	270.0746,395.67377,2431.5735	328.13412,293.6875,2498.715	264.30377,473.98773,2563.077	337.92212,394.24216,2416.076	283.07196,295.69318,2498.9763	353.8963,491.18478,2406.1897	324.9444,282.2439,2444.7712	272.25653,124.40689,2438.3042	
300.85254,153.38045,2613.774	301.54196,198.72661,2575.373	271.06274,200.0827,2577.4453	223.40631,177.73108,2442.3499	301.54196,198.72661,2575.373	332.07028,197.36835,2573.3008	373.1975,252.05095,2558.6152	303.17856,245.40823,2536.588	282.34225,294.4853,2499.2876	269.94058,394.43643,2435.0557	327.41653,292.59274,2496.3179	265.14484,475.3745,2550.6772	335.9853,393.43646,2404.5562	282.34225,294.4853,2499.2876	354.83356,489.70117,2400.4502	324.63486,283.26077,2447.095	265.99887,127.44171,2430.1934	
300.3986,152.86893,2617.2915	300.96295,197.87772,2579.4973	270.6114,198.9559,2584.9358	221.92377,184.95528,2432.7097	300.96295,197.87772,2579.4973	331.4428,196.79497,2574.0588	372.61877,251.37993,2561.5347	301.85938,244.49265,2540.6328	280.33786,293.20584,2505.6665	268.5797,392.77002,2447.2832	325.2995,291.9039,2497.87	262.34793,474.72174,2553.8667	331.02307,392.88354,2399.1318	280.33786,293.20584,2505.6665	352.97934,487.31006,2407.3901	324.41415,283.625,2451.704	256.62894,129.5972,2426.8196	
299.86578,153.19083,2620.0579	299.91263,198.12541,2581.9094	269.77936,199.09099,2592.7585	221.85356,196.62314,2432.9072	299.91263,198.12541,2581.9094	330.30023,197.1517,2571.0603	369.21466,257.15833,2556.6697	300.12823,244.69698,2542.6387	278.0413,293.15146,2511.147	267.2226,392.6577,2451.037	322.79904,292.3053,2495.5889	261.59723,475.62915,2550.7585	328.0876,393.40784,2381.282	278.0413,293.15146,2511.147	352.32312,486.14594,2405.3716	318.51706,286.13892,2449.1472	247.29471,136.86014,2415.4915	
299.4101,153.63301,2620.4446	299.28177,198.85347,2584.3896	269.35892,199.67654,2599.7122	222.12433,208.39772,2434.4934	299.28177,198.85347,2584.3896	329.56155,198.02057,2569.0671	367.22046,263.19394,2550.5918	298.9385,245.47153,2547.0955	276.47278,293.67117,2520.782	266.09738,392.98138,2456.0876	320.8916,293.27716,2498.8206	262.39374,474.58264,2564.5198	326.0156,394.06577,2365.688	276.47278,293.67117,2520.782	352.63287,482.1792,2422.9033	313.2376,287.4809,2452.8862	235.50912,145.12991,2404.4944	
298.48032,154.6818,2611.6113	298.58963,200.55211,2582.476	268.7431,201.3722,2600.0964	223.58408,220.17468,2447.7478	298.58963,200.55211,2582.476	328.84625,199.72076,2564.8557	361.75632,252.6203,2565.2434	298.2664,247.4116,2550.8098	275.9814,295.57938,2531.7656	265.88104,394.543,2466.5728	320.1097,295.3177,2506.5215	263.07367,477.61603,2562.9316	324.66623,395.67212,2359.4836	275.9814,295.57938,2531.7656	354.56433,481.86633,2425.5728	0.0,0.0,0.0	223.99008,156.72023,2385.4973	
298.45218,155.81097,2617.2024	298.34692,201.58525,2585.7993	268.64923,202.34222,2605.733	226.65894,230.466,2454.8853	298.34692,201.58525,2585.7993	328.50604,200.81653,2565.8657	361.32623,251.87267,2659.152	297.68344,248.34727,2552.3608	275.12305,296.37442,2533.2043	264.35437,395.43613,2460.0083	319.13116,296.32693,2504.6404	262.96786,478.01184,2561.4802	323.12552,396.28616,2340.1265	275.12305,296.37442,2533.2043	354.12308,480.6942,2421.2444	334.9065,278.61417,2501.049	213.84888,170.8497,2355.715	
298.2358,157.2754,2610.9834	298.1891,203.25166,2583.7373	268.443,203.74918,2603.3486	229.67981,240.27307,2473.4453	298.1891,203.25166,2583.7373	328.3902,202.74654,2564.126	360.00677,245.82498,2631.5347	297.2859,250.16495,2553.37	274.5021,298.04742,2537.0537	264.07742,396.83197,2471.344	318.46454,298.36945,2508.9521	263.39258,482.62195,2546.6458	322.41895,398.06805,2336.8345	274.5021,298.04742,2537.0537	353.67285,480.03644,2433.3574	344.72375,288.86713,2503.994	204.73795,189.78122,2329.5486	
298.77267,158.99422,2608.374	298.22217,204.57681,2582.3015	268.46472,204.79085,2602.0881	232.7354,247.08899,2484.223	298.22217,204.57681,2582.3015	328.43915,204.35948,2562.515	357.7245,253.5722,2601.2625	296.91367,251.55588,2552.9087	273.72583,299.25552,2537.6938	263.6498,398.17865,2468.9219	317.67044,300.00735,2509.338	263.27985,484.73718,2539.8308	322.84244,399.33362,2327.687	273.72583,299.25552,2537.6938	352.63147,480.74426,2432.7131	350.20383,303.10986,2460.235	199.57393,205.88493,2309.6667	
299.241,158.55388,2614.0752	298.63904,204.22173,2583.7583	268.93265,204.51144,2604.3025	236.15782,250.88431,2501.617	298.63904,204.22173,2583.7583	328.82166,203.92737,2563.214	356.2192,259.0695,2586.631	297.25827,251.07393,2551.138	273.97424,298.80164,2533.2388	264.538,397.88422,2466.9072	317.96628,299.48193,2503.7964	264.3105,485.2024,2533.232	325.30676,399.13968,2327.7517	273.97424,298.80164,2533.2388	355.37057,480.964,2430.0012	355.73242,312.6532,2438.5107	198.33536,223.13179,2303.548	
299.33865,158.09303,2608.4194	298.67996,204.06537,2580.8464	268.87244,204.29639,2600.1023	239.89314,253.98727,2516.8074	298.67996,204.06537,2580.8464	328.9356,203.83086,2561.5906	356.04608,261.97028,2577.3152	297.38763,251.035,2550.3018	274.15674,298.79544,2533.556	264.82083,397.9146,2465.964	318.21243,299.49515,2505.9583	264.0311,484.28003,2539.5322	327.04718,399.07886,2332.5737	274.15674,298.79544,2533.556	353.81223,478.68976,2452.0576	360.68158,317.93402,2429.2766	198.32854,240.89595,2299.095	
300.38525,157.07751,2606.0842	299.1345,203.13847,2578.823	269.28113,203.039,2597.6467	241.55476,253.9958,2532.8972	299.1345,203.13847,2578.823	329.42688,203.23941,2559.9993	354.51398,265.2231,2572.1519	297.36133,250.13393,2548.685	273.61676,297.67426,2532.0366	266.05423,397.09784,2457.738	317.7109,298.8402,2505.0576	261.96698,481.03488,2548.3835	327.26892,398.833,2346.4187	273.61676,297.67426,2532.0366	354.86044,481.92975,2440.079	364.1874,323.39377,2434.5383	201.79318,257.94205,2303.4036	
301.5319,155.45908,2604.4084	299.882,201.60132,2577.7114	269.90042,201.18163,2594.041	243.39615,252.82964,2548.4324	299.882,201.60132,2577.7114	330.24582,202.02638,2561.3818	352.72415,265.49896,2570.563	297.78122,248.58876,2547.562	273.6095,295.95303,2529.1167	267.85553,395.57358,2453.3054	317.85654,297.4573,2505.7085	263.1898,479.15088,2548.0752	330.1515,397.38416,2365.4197	273.6095,295.95303,2529.1167	355.8073,485.47717,2423.2583	369.03397,323.4308,2443.588	207.08968,270.61017,2317.8154	
302.53674,154.64725,2605.5732	300.27942,200.54468,2576.761	270.23575,199.88287,2591.9255	245.0887,252.23605,2559.7058	300.27942,200.54468,2576.761	330.6788,201.21431,2561.5964	351.71198,265.40765,2570.2815	297.8317,247.47783,2545.142	273.23947,294.69574,2524.3896	267.62213,394.484,2449.0642	317.59705,296.4956,2502.6567	265.21893,478.45605,2543.4705	332.11993,396.39307,2373.6777	273.23947,294.69574,2524.3896	355.54178,487.97736,2408.2246	371.31198,323.1574,2456.799	214.88895,282.5717,2337.6501	
304.0001,153.06967,2604.6597	301.20514,199.21484,2575.7986	271.1167,198.2561,2590.0996	246.04048,252.83784,2565.3438	301.20514,199.21484,2575.7986	331.62958,200.1843,2561.4976	351.06824,265.34332,2572.136	298.35736,246.12778,2544.1445	273.32434,293.13147,2522.7385	269.87793,393.12775,2438.1814	317.73233,295.32303,2502.2424	265.4683,475.02734,2547.6692	333.95532,395.02277,2386.056	273.32434,293.13147,2522.7385	356.08463,488.5022,2405.0718	372.26718,322.81067,2469.8477	223.23175,292.66425,2352.6526	
305.7324,153.04457,2595.203	302.32318,199.42377,2571.4575	272.14758,198.03421,2584.5208	247.02875,255.72293,2566.6711	302.32318,199.42377,2571.4575	332.80698,200.82753,2558.3943	350.5415,264.0492,2568.3706	299.00906,246.48422,2543.231	273.50467,293.2285,2524.3662	270.34332,393.29126,2428.327	317.90167,295.9838,2505.6426	266.15768,474.2278,2546.2065	335.75452,395.33762,2396.4707	273.50467,293.2285,2524.3662	355.6834,490.1033,2405.796	370.13297,322.84085,2480.5464	228.53557,303.082,2368.0015	
306.3309,152.80183,2598.4854	302.98563,198.98227,2572.2017	272.74887,197.55908,2583.5386	249.81914,254.95898,2571.515	302.98563,198.98227,2572.2017	333.4901,200.41805,2560.8647	350.81342,265.20685,2562.7712	299.69678,245.96516,2541.7886	274.13144,292.73358,2519.4995	272.38947,393.03625,2416.293	318.66925,295.4472,2503.2515	265.69156,474.2461,2533.7305	337.69928,394.7063,2392.766	274.13144,292.73358,2519.4995	356.3263,489.94513,2402.4949	368.59225,324.85904,2475.0999	236.10022,308.29797,2395.558	
307.12735,153.09631,2601.6167	303.46783,198.95717,2573.1921	273.1918,197.28151,2582.7732	252.81903,255.72247,2571.6882	303.46783,198.95717,2573.1921	333.97012,200.64534,2563.611	350.8352,264.98218,2559.0183	299.8753,245.82594,2540.406	273.92282,292.42755,2514.4858	272.2473,392.95343,2404.6465	318.57712,295.42123,2500.754	264.68262,473.41864,2528.4375	338.04102,394.68445,2398.6013	273.92282,292.42755,2514.4858	355.78616,490.80405,2400.005	365.83783,324.9837,2461.9172	240.83022,312.93268,2415.2844	
308.37247,153.94882,2602.6929	304.34738,199.7515,2572.5789	274.0653,197.92685,2582.1023	254.6778,256.58002,2573.4143	304.34738,199.7515,2572.5789	334.85452,201.58969,2563.0554	350.9499,265.38547,2553.296	300.5248,246.59944,2538.9485	274.31766,293.10333,2512.142	274.11813,393.7135,2395.083	319.00327,296.31567,2498.4941	265.4574,472.56573,2529.0688	339.7713,395.3823,2404.1416	274.31766,293.10333,2512.142	356.71295,492.06458,2399.747	364.69852,325.5061,2449.1228	243.97372,316.5997,2437.5862	
309.08258,154.5356,2602.243	304.64383,200.18945,2572.9058	274.4651,198.2166,2584.8247	257.0451,257.13187,2574.7375	304.64383,200.18945,2572.9058	335.1035,202.18066,2560.9868	351.09094,266.3827,2545.4817	300.40488,247.01517,2539.6223	273.8518,293.30893,2514.881	274.55328,393.73465,2390.3352	318.40668,296.87225,2497.7966	265.43304,471.0948,2533.287	340.44223,395.6396,2409.2598	273.8518,293.30893,2514.881	355.41183,492.9389,2400.0044	363.4054,326.58124,2433.7607	247.80936,319.16592,2459.1194	
309.82318,154.63272,2593.5212	305.0542,200.7611,2569.49	274.95364,198.60283,2583.977	258.53595,257.5569,2574.62	305.0542,200.7611,2569.49	335.49612,202.94382,2555.003	351.3847,267.20056,2537.2808	300.43652,247.73732,2540.255	273.6418,293.83087,2521.4023	276.16052,393.8649,2391.4724	317.96402,297.80038,2500.6372	265.94943,471.88223,2529.846	342.57935,395.7774,2415.5168	273.6418,293.83087,2521.4023	354.68066,493.47833,2403.5137	362.17557,327.5492,2420.0728	251.30711,321.09662,2480.0227	
310.60666,154.43411,2597.642	305.6247,200.51326,2571.6265	275.4996,198.20735,2584.7747	259.3168,257.903,2577.004	305.6247,200.51326,2571.6265	336.05942,202.84286,2558.4783	351.14954,268.07053,2528.1255	300.84622,247.39499,2540.9722	273.84415,293.37192,2519.739	277.5908,393.31555,2385.1433	318.2245,297.48694,2500.8967	266.3909,472.80707,2515.6682	344.38638,395.05118,2415.8235	273.84415,293.37192,2519.739	355.8328,493.4779,2397.2913	361.98364,328.78168,2411.4958	253.91783,322.2938,2499.1958	
310.86328,154.25569,2590.2048	306.01187,200.93698,2568.4463	275.825,198.69603,2581.246	259.7743,260.21524,2579.4976	306.01187,200.93698,2568.4463	336.5011,203.20036,2555.6465	351.2973,268.05618,2520.6846	301.44852,247.98544,2540.809	274.683,294.07956,2522.3435	279.62363,393.98053,2394.8142	319.04852,298.07242,2504.0002	266.46988,473.2572,2522.839	345.04874,395.62695,2417.036	274.683,294.07956,2522.3435	356.23825,493.76746,2401.5176	361.8683,329.25296,2407.354	254.96094,325.1548,2506.5935	
310.9083,154.51733,2588.5054	306.5977,201.2818,2566.8657	276.2824,199.21637,2577.0132	260.94897,258.1511,2584.914	306.5977,201.2818,2566.8657	337.15363,203.36362,2556.7183	351.06833,267.69058,2514.9321	302.52066,248.41898,2539.6606	276.15723,294.78787,2519.7288	280.72055,394.8965,2392.7258	320.6823,298.37643,2505.1824	266.75006,474.4295,2518.707	345.9613,396.20496,2408.3118	276.15723,294.78787,2519.7288	357.76883,493.4974,2403.7776	362.3499,329.06772,2403.8484	259.4389,323.2287,2518.7363	
310.58875,154.97302,2587.6775	307.45953,201.72237,2565.5967	277.0142,200.3891,2573.3335	262.37024,257.6529,2592.6548	307.45953,201.72237,2565.5967	338.08902,203.0637,2557.8599	350.61975,267.75333,2508.2544	304.706,248.9571,2538.1338	279.58398,296.03723,2516.2173	282.906,396.49585,2397.5708	324.29922,298.41843,2505.1245	268.71286,476.03357,2522.0952	348.49844,396.57034,2409.268	279.58398,296.03723,2516.2173	359.68945,494.17194,2402.3171	363.71896,329.4765,2406.3489	262.72702,322.55157,2523.9426	
310.37628,155.37506,2586.2139	307.87473,202.19638,2563.7434	277.40668,201.28206,2572.2615	263.8623,258.80295,2593.9485	307.87473,202.19638,2563.7434	338.5459,203.1168,2555.2253	351.39578,267.84735,2504.886	305.7216,249.49858,2535.9556	281.19833,296.9465,2514.2708	281.09747,397.6059,2404.4033	325.95212,298.75568,2502.0647	266.31116,476.94724,2527.7341	346.83102,397.7848,2406.7441	281.19833,296.9465,2514.2708	357.47708,495.35855,2401.7834	364.35773,329.88605,2405.7722	264.59933,323.80594,2526.5786	
310.2456,154.8356,2594.4854	308.05594,201.29025,2567.2808	277.63794,200.642,2576.4841	263.79773,259.97137,2598.968	308.05594,201.29025,2567.2808	338.6928,201.9432,2558.0774	353.68326,268.4215,2505.8254	306.1945,248.4198,2535.7483	281.9314,296.0089,2510.81	279.8817,396.82062,2401.627	326.75894,297.46738,2497.6216	265.4203,474.9399,2532.9453	346.3698,396.76584,2412.1326	281.9314,296.0089,2510.81	356.64667,495.13348,2397.3625	365.58337,330.63312,2405.802	265.86093,324.32217,2516.8203	
310.2784,154.52333,2589.1206	308.1981,201.30612,2565.0364	277.81512,200.80728,2576.213	264.18698,259.53015,2597.5283	308.1981,201.30612,2565.0364	338.847,201.80931,2553.8599	354.78024,267.12134,2507.9875	306.48706,248.57089,2536.435	282.4529,296.24335,2515.843	280.02585,396.83954,2414.4976	327.1639,297.58847,2499.8245	265.28275,475.29492,2541.241	345.8831,396.97046,2416.383	282.4529,296.24335,2515.843	356.2799,494.97278,2403.5784	365.02365,329.4806,2407.907	266.068,324.02606,2516.2075	
310.3303,153.5996,2586.938	308.36407,200.5548,2565.1748	278.00183,200.14928,2577.0498	264.99686,260.01892,2593.4812	308.36407,200.5548,2565.1748	339.00873,200.9641,2553.2998	355.32495,267.58826,2505.239	306.78464,247.86067,2538.1853	282.93106,295.5633,2519.7048	279.30783,395.98514,2416.218	327.56274,296.80774,2502.6868	265.4734,475.8148,2535.6658	345.709,396.1804,2418.7158	282.93106,295.5633,2519.7048	355.96198,494.51477,2401.7263	365.42645,330.12817,2406.005	265.33203,324.8199,2515.1782	
