245.96063,136.44333,2466.5386	243.5248,185.03642,2439.305	206.57942,183.66743,2441.9612	189.93921,243.94705,2475.737	243.5248,185.03642,2439.305	280.55072,186.40839,2436.6487	298.7484,247.84634,2411.6746	240.48499,235.19531,2409.185	213.4433,285.66602,2380.7424	208.3247,387.484,2409.1536	261.32687,287.5839,2377.388	196.03009,483.30472,2428.3323	281.779,390.5948,2361.653	213.4433,285.66602,2380.7424	318.22647,486.45248,2342.5647	319.2442,312.36542,2243.5632	154.2293,304.8401,2322.1174	
246.81842,136.56456,2467.8333	243.87407,185.0376,2439.6929	206.94022,183.43857,2442.27	190.3191,243.83345,2475.8677	243.87407,185.0376,2439.6929	280.88605,186.64003,2437.1157	299.1989,247.87428,2408.3384	240.51526,235.16013,2409.1826	213.14523,285.46298,2380.2998	207.55693,386.99316,2412.172	261.02805,287.6754,2377.045	196.58835,483.22046,2428.538	281.3898,390.55963,2364.3699	213.14523,285.46298,2380.2998	318.69366,485.89163,2345.9956	319.142,312.63916,2244.7183	154.33751,304.7606,2322.595	
246.63708,135.66985,2465.9788	243.68881,184.4241,2439.6262	206.77577,182.93553,2442.717	190.33931,243.77916,2474.9316	243.68881,184.4241,2439.6262	280.69553,185.91644,2436.5354	299.2103,248.23563,2409.6648	240.46283,234.57053,2409.8003	213.25745,284.92667,2381.926	208.16574,386.15305,2417.1755	261.0937,287.0227,2378.0227	196.75543,483.68787,2419.3083	282.05682,389.7034,2365.9773	213.25745,284.92667,2381.926	319.5398,485.2959,2343.101	319.04272,312.83624,2244.0862	154.40927,304.82516,2321.08	
246.84634,135.48575,2465.5542	243.78552,184.37933,2438.969	206.84561,182.74649,2441.6128	189.8431,242.94016,2471.4631	243.78552,184.37933,2438.969	280.8056,186.01572,2436.3252	298.74753,247.57796,2411.3315	240.40608,234.54085,2409.4019	213.03271,284.8205,2381.5042	207.81683,385.9327,2418.3	260.8862,287.07867,2378.1653	196.01025,483.90692,2415.787	281.4473,389.6754,2369.0696	213.03271,284.8205,2381.5042	318.89285,485.5443,2341.561	318.96942,312.65417,2249.3633	154.36374,304.82916,2326.336	
247.09544,135.37512,2465.3438	243.9812,184.29346,2439.6355	207.15222,182.67699,2444.1677	189.06529,243.1025,2470.7356	243.9812,184.29346,2439.6355	280.94727,185.91595,2435.1033	298.30957,246.88062,2415.6667	240.49944,234.45175,2410.5671	213.10036,284.6662,2384.3608	208.14867,385.70862,2420.8271	260.82236,287.0056,2378.6367	195.42789,483.16913,2421.2402	281.99844,389.60263,2366.7422	213.10036,284.6662,2384.3608	318.65643,485.48257,2343.8613	318.84067,312.22186,2258.4973	154.27376,304.92944,2319.8113	
247.14914,135.54233,2465.2385	244.05557,184.52386,2439.7458	207.15659,182.85829,2442.8875	189.58559,243.41066,2474.3674	244.05557,184.52386,2439.7458	281.0497,186.19373,2436.6042	298.08127,246.65509,2416.8352	240.61539,234.68584,2410.7021	213.21782,284.90884,2383.642	208.36829,386.4065,2414.893	261.00458,287.23553,2379.6748	195.4766,482.94336,2425.497	282.5713,389.94843,2362.9727	213.21782,284.90884,2383.642	318.50427,485.58972,2347.5508	319.22754,312.33203,2264.198	154.26602,304.91794,2318.6365	
247.34927,135.4282,2465.184	244.1962,184.46082,2439.9685	207.23727,182.66528,2441.7483	190.03647,243.4522,2473.1812	244.1962,184.46082,2439.9685	281.2091,186.25897,2438.1887	297.71982,246.426,2416.4172	240.68503,234.6154,2410.972	213.1793,284.7815,2383.0994	208.41702,386.55817,2411.26	261.02,287.20184,2380.8513	194.58926,481.81458,2432.741	282.55402,389.9414,2362.7876	213.1793,284.7815,2383.0994	318.271,485.90247,2345.0732	318.9575,311.94873,2265.9297	154.2423,304.90305,2321.0686	
247.40042,136.045,2466.1616	244.23611,184.87311,2440.102	207.30725,183.07697,2442.463	189.89774,243.12666,2470.0957	244.23611,184.87311,2440.102	281.23654,186.67271,2437.7412	298.01532,246.78847,2416.2107	240.6435,234.98907,2410.032	213.04898,285.1447,2381.4526	208.37627,387.11298,2408.123	260.90115,287.59973,2378.4712	194.76733,482.08844,2433.4531	282.32596,390.62085,2357.4204	213.04898,285.1447,2381.4526	318.33105,486.03546,2346.849	318.85257,311.88727,2259.009	154.22458,304.96768,2319.061	
248.01971,135.94958,2466.6523	244.51013,184.85693,2440.5337	207.67374,182.87595,2444.3423	190.23196,243.42949,2469.556	244.51013,184.85693,2440.5337	281.46167,186.8441,2436.725	297.27682,245.52328,2423.1091	240.57404,234.96144,2411.002	212.69682,284.92358,2383.8752	207.4247,386.63608,2412.0452	260.432,287.69644,2379.0652	196.68259,482.3352,2433.0461	281.94443,390.5536,2360.4539	212.69682,284.92358,2383.8752	318.2943,485.80536,2348.8518	320.63406,308.50092,2266.7793	154.2031,305.0887,2319.744	
247.8873,136.5896,2466.3916	244.52084,185.32596,2439.4707	207.73041,183.45253,2444.546	190.43546,243.46577,2467.7812	244.52084,185.32596,2439.4707	281.46466,187.20718,2434.3955	296.6222,246.92488,2421.552	240.61635,235.44469,2409.4497	212.78882,285.47787,2382.6333	207.76457,387.28552,2410.4104	260.5021,288.182,2376.224	197.52835,483.39944,2429.1833	282.3934,391.00488,2359.339	212.78882,285.47787,2382.6333	319.28665,486.56128,2342.905	321.89554,309.37137,2273.7837	154.18951,305.1612,2319.478	
247.73077,136.77264,2465.7622	244.3013,185.51665,2438.7424	207.51654,183.62056,2444.1143	189.63206,243.94963,2467.398	244.3013,185.51665,2438.7424	281.24844,187.42111,2433.3706	297.4763,248.10603,2419.7698	240.33937,235.64978,2408.706	212.45654,285.67596,2382.0615	207.69154,387.57394,2409.1814	260.1663,288.42593,2375.2778	195.52023,482.19122,2438.3882	282.16983,391.05786,2362.4014	212.45654,285.67596,2382.0615	318.25323,486.8644,2345.174	323.78442,310.65314,2275.4395	154.10896,305.2378,2316.4575	
247.4744,136.38455,2465.9448	244.20337,185.25197,2439.326	207.55832,183.56271,2447.108	188.93216,243.7244,2468.196	244.20337,185.25197,2439.326	281.08298,186.95204,2431.544	298.247,248.70123,2417.3818	240.35208,235.38911,2409.6733	212.67532,285.47174,2384.9353	208.16336,387.27844,2411.8916	260.23254,288.0848,2375.1062	195.29344,481.97546,2439.1155	282.7795,390.5855,2362.5886	212.67532,285.47174,2384.9353	318.47803,486.78442,2342.6418	326.23148,311.39832,2279.8945	154.07425,305.22693,2320.557	
247.75407,136.23294,2466.0388	244.3039,185.07225,2439.2336	207.67981,183.37573,2447.4365	188.7367,243.49663,2467.108	244.3039,185.07225,2439.2336	281.1751,186.78023,2431.0308	298.30228,247.91817,2419.187	240.40298,235.2007,2409.4119	212.68881,285.26575,2384.7695	208.16931,387.27118,2409.2776	260.22327,287.9112,2374.4106	194.73184,481.68768,2439.072	282.1647,390.56818,2362.051	212.68881,285.26575,2384.7695	318.67767,486.26102,2344.419	329.03552,309.4627,2285.1616	154.15825,305.2907,2320.7039	
248.00339,135.9018,2466.0845	244.31462,184.75601,2439.1042	207.61087,182.92758,2445.8513	189.63983,241.97946,2470.051	244.31462,184.75601,2439.1042	281.22202,186.59457,2432.3572	299.2558,248.13135,2417.0945	240.33359,234.86954,2409.016	212.47978,284.88434,2383.1885	207.48923,386.72668,2410.3157	260.10925,287.622,2374.6675	194.89078,481.9826,2433.9243	281.76572,390.1101,2366.2676	212.47978,284.88434,2383.1885	318.8492,485.7799,2344.1982	333.75964,307.96613,2287.534	154.95825,303.0569,2321.6057	
248.19824,136.08188,2465.6067	244.37254,184.79308,2438.3645	207.56946,182.8099,2443.3748	190.91974,241.56984,2474.0225	244.37254,184.79308,2438.3645	281.3272,186.78441,2433.3542	301.1432,248.9625,2413.5461	240.31718,234.91954,2408.3198	212.32568,284.89276,2381.439	207.20834,386.45193,2412.8865	260.05655,287.73605,2375.1113	195.78831,482.8883,2426.682	282.3165,390.25677,2363.2896	212.32568,284.89276,2381.439	318.64758,486.01883,2344.9707	338.96265,307.15448,2284.7542	154.71,300.8996,2321.988	
248.24286,136.22353,2464.8704	244.70367,185.00467,2437.461	207.78879,182.88895,2440.4805	190.77084,241.13322,2476.5098	244.70367,185.00467,2437.461	281.71014,187.12563,2434.4414	303.1464,249.02989,2409.2734	240.61516,235.13994,2407.1084	212.51215,285.10358,2378.6626	207.42258,386.7884,2410.0488	260.3707,288.0102,2374.849	196.36865,483.07538,2426.7366	282.35727,390.5374,2364.343	212.51215,285.10358,2378.6626	319.21646,486.49402,2341.1187	344.10074,305.49338,2285.2769	155.41946,300.40173,2322.7856	
248.3737,136.2695,2464.998	244.7909,184.94098,2436.8828	207.80788,182.70041,2438.6157	189.95418,241.85027,2470.2522	244.7909,184.94098,2436.8828	281.82654,187.18474,2435.15	304.86826,247.86777,2407.1377	240.62039,235.06944,2406.1562	212.38327,284.99625,2376.524	207.11386,386.67136,2409.0278	260.3228,287.99463,2374.3354	196.343,483.07727,2425.4756	282.14157,390.43347,2366.5327	212.38327,284.99625,2376.524	318.80463,486.55554,2341.2285	348.11163,302.5882,2283.441	154.42162,301.77618,2324.0315	
248.7512,136.03209,2466.5679	245.07071,184.64499,2437.9333	208.12099,182.33311,2439.9614	189.23203,243.0283,2465.6304	245.07071,184.64499,2437.9333	282.08197,186.96071,2435.9053	305.16306,246.6746,2411.07	240.77023,234.72588,2406.832	212.41289,284.5649,2377.0112	207.5232,386.13428,2410.922	260.32727,287.6728,2374.4502	196.15819,482.42084,2427.2078	281.7484,390.16632,2367.1067	212.41289,284.5649,2377.0112	319.16275,486.41034,2336.5261	351.54584,296.77637,2283.7927	153.80309,303.19928,2323.3787	
249.10635,136.9786,2465.3489	245.30441,185.3372,2437.1604	208.31075,182.81291,2438.2607	190.57518,242.67538,2471.3108	245.30441,185.3372,2437.1604	282.3315,187.86377,2436.06	307.421,245.49837,2406.034	240.78703,235.42508,2405.9746	212.17632,285.1627,2375.4836	207.01544,386.74295,2409.737	260.1397,288.49524,2374.094	195.88947,483.287,2424.4553	280.6234,391.3142,2364.6477	212.17632,285.1627,2375.4836	319.25928,486.80878,2338.3164	356.4297,292.95715,2282.7058	153.84633,301.40274,2321.3616	
249.38739,136.07101,2456.2407	245.26718,185.065,2433.7249	208.23071,182.40445,2434.8425	191.34709,242.15285,2471.6592	245.26718,185.065,2433.7249	282.33768,187.728,2432.6072	309.17212,244.18166,2408.0103	240.68857,235.33733,2406.5156	212.08276,285.0106,2380.0122	206.78136,386.64478,2411.1692	259.94193,288.50934,2378.6006	197.16605,482.08792,2436.0254	281.10544,391.10654,2366.8953	212.08276,285.0106,2380.0122	319.28653,485.99048,2348.1233	359.56924,287.83044,2280.8916	154.07404,300.0945,2320.9045	
249.6355,136.46011,2452.685	245.35497,185.32915,2431.4126	208.27806,182.485,2432.152	190.8411,241.42355,2474.829	245.35497,185.32915,2431.4126	282.45444,188.17503,2430.673	311.58444,243.89029,2404.501	240.5937,235.68065,2405.5046	211.80585,285.27332,2380.0637	207.10437,387.44016,2404.7375	259.66107,288.98453,2379.1296	195.60999,482.33435,2434.175	281.54562,391.69574,2361.6877	211.80585,285.27332,2380.0637	319.3881,487.0258,2342.4683	363.20752,285.30365,2275.9368	154.22118,299.36557,2320.7861	
249.5875,136.38895,2458.4143	245.00735,184.99416,2433.3726	208.06842,182.10434,2436.1252	190.89378,242.57127,2473.4185	245.00735,184.99416,2433.3726	282.02997,187.89052,2430.6199	314.7029,243.14987,2401.2593	239.93419,235.18764,2404.5933	210.8439,284.65298,2377.5522	206.30156,386.83563,2403.6895	258.66733,288.54416,2374.0757	194.67236,482.458,2427.5166	281.29553,391.39267,2355.2104	210.8439,284.65298,2377.5522	318.76825,486.83853,2339.5889	367.08322,282.80923,2269.2607	153.88008,301.49118,2324.0315	
249.7558,136.51442,2461.2776	245.04816,184.99203,2434.3923	208.16562,182.0465,2437.8652	190.52173,241.63531,2471.7114	245.04816,184.99203,2434.3923	282.03607,187.94598,2430.9194	317.10718,241.6978,2398.1328	239.78836,235.1005,2404.0632	210.50797,284.48737,2375.927	206.99854,386.42313,2406.6902	258.3245,288.4952,2371.5413	195.15161,482.12897,2428.7493	281.76538,390.96643,2358.5413	210.50797,284.48737,2375.927	318.61374,486.5716,2342.2278	369.64856,281.12057,2268.3152	154.85649,301.1576,2319.666	
249.84436,136.11748,2455.2056	245.38663,185.00224,2432.7107	208.43388,182.07814,2435.3875	190.82426,240.58443,2466.8545	245.38663,185.00224,2432.7107	282.42078,187.9328,2430.034	319.5112,240.37054,2393.568	240.3263,235.25493,2405.363	211.27715,284.70163,2379.7056	207.88913,386.28592,2412.9473	259.0559,288.62808,2376.3252	196.69724,481.64014,2436.6494	282.74152,390.83942,2363.2192	211.27715,284.70163,2379.7056	319.56927,485.8974,2350.4504	374.43463,277.18896,2268.5437	154.63423,300.0,2325.336	
250.25269,136.6774,2452.1697	245.6222,185.68114,2430.7102	208.67474,182.61894,2433.87	189.75723,241.92902,2463.4292	245.6222,185.68114,2430.7102	282.6658,188.75131,2427.5503	321.08124,237.65504,2389.2822	240.37784,236.00285,2404.4673	211.17026,285.37262,2380.2197	207.0656,387.5602,2404.8313	258.90536,289.5011,2376.229	196.27896,481.81708,2440.1057	282.26837,392.1521,2355.9485	211.17026,285.37262,2380.2197	319.11646,487.35858,2345.146	377.21027,271.42804,2265.0664	154.08794,301.8213,2327.897	
250.43268,136.38474,2451.1538	245.80748,185.3884,2430.2578	208.93349,182.41035,2435.0273	188.65869,242.7248,2457.7148	245.80748,185.3884,2430.2578	282.82648,188.37816,2425.4883	322.8332,235.32909,2387.6401	240.5951,235.74559,2404.8857	211.48654,285.12598,2382.5256	207.7703,387.22516,2407.4497	259.11688,289.23254,2376.5017	195.53416,481.24103,2442.3933	283.0268,391.7392,2356.4077	211.48654,285.12598,2382.5256	319.60138,487.253,2343.3345	380.47775,263.92673,2255.7832	153.64745,303.1251,2323.8325	
251.03873,136.69391,2451.138	246.33963,185.89722,2429.8127	209.38739,182.6821,2432.8555	188.33968,242.88739,2454.8538	246.33963,185.89722,2429.8127	283.3845,189.1204,2426.77	325.27234,232.36185,2388.3137	240.96672,236.28188,2405.4517	211.66986,285.54266,2383.012	207.20758,387.79944,2405.1099	259.33636,289.85583,2379.1692	195.5811,482.09592,2439.2754	282.85004,392.36246,2358.7192	211.66986,285.54266,2383.012	319.73285,487.68768,2345.2825	383.18594,254.41963,2245.652	153.32101,303.4935,2316.5273	
252.06822,137.10828,2453.12	246.90063,186.13477,2430.275	209.89688,182.42702,2431.1646	188.29237,242.6238,2448.9062	246.90063,186.13477,2430.275	283.93152,189.84525,2429.3853	325.88852,230.15952,2390.1453	240.97519,236.42984,2404.9082	211.05594,285.38144,2380.1033	206.44193,387.58417,2404.4705	258.80212,290.21417,2378.9797	194.79561,482.20026,2436.3425	282.04712,392.96667,2354.9338	211.05594,285.38144,2380.1033	319.30234,488.1634,2343.143	384.91034,243.24086,2239.1208	153.1983,303.63617,2311.4277	
253.03903,137.08362,2452.1235	247.57452,186.10956,2429.4956	210.54517,182.08833,2429.476	189.52495,241.07724,2447.4475	247.57452,186.10956,2429.4956	284.6033,190.13074,2429.5151	325.94858,229.19055,2393.0679	241.28888,236.38199,2404.0798	210.98822,285.13593,2378.6516	207.44028,387.30377,2404.9636	258.7494,290.3215,2378.6765	194.49228,481.18918,2440.9429	282.8493,392.6826,2358.7542	210.98822,285.13593,2378.6516	319.77097,488.39896,2340.9758	385.18793,231.20264,2239.5015	153.55048,300.8742,2308.444	
253.51782,137.00623,2449.6265	247.98994,186.13724,2428.3408	210.9634,182.11264,2428.8027	189.94485,240.42151,2445.2231	247.98994,186.13724,2428.3408	285.03058,190.16336,2427.879	328.15662,228.92883,2390.5305	241.69214,236.45364,2403.6702	211.39975,285.2071,2379.291	207.74522,387.5816,2402.5337	259.1335,290.42078,2378.708	195.43076,480.90942,2444.294	283.2212,392.59854,2362.5212	211.39975,285.2071,2379.291	319.98904,488.53308,2341.1956	386.05408,219.57568,2234.5642	153.94684,298.99734,2302.261	
254.07227,137.19823,2449.384	248.3705,186.27788,2427.8435	211.36783,182.14163,2428.7295	190.1936,240.21066,2442.6143	248.3705,186.27788,2427.8435	285.40018,190.41714,2426.9575	329.61792,229.16682,2390.766	241.88647,236.58005,2402.9468	211.41257,285.24475,2378.6096	207.32146,387.30573,2405.9412	259.13205,290.62747,2377.4905	195.05615,482.2301,2433.7202	283.02237,392.84454,2362.635	211.41257,285.24475,2378.6096	320.0676,488.9795,2337.8977	383.96844,208.83818,2228.9614	154.15854,297.98264,2302.4038	
255.36357,135.87753,2456.7568	249.13242,184.67305,2431.2207	212.19809,180.22913,2431.697	190.21147,240.10568,2439.3	249.13242,184.67305,2431.2207	286.08124,189.11871,2430.7444	329.00348,230.0305,2396.3853	242.22147,234.79524,2404.9014	211.31879,283.14536,2378.8828	207.51521,385.3422,2404.859	259.00244,288.9087,2378.2812	194.7579,479.04443,2442.4067	282.43402,391.00116,2366.9219	211.31879,283.14536,2378.8828	320.09024,486.78384,2340.8823	379.84348,200.6085,2235.967	154.2598,297.48584,2301.571	
255.91132,136.30577,2460.4468	249.49545,184.79161,2431.8293	212.57388,180.41376,2432.5647	190.31119,239.69807,2437.1519	249.49545,184.79161,2431.8293	286.43936,189.1721,2431.094	327.2348,231.92488,2406.1907	242.58597,234.82555,2402.985	211.62851,283.2236,2374.6052	208.04712,385.10126,2406.9512	259.398,288.92798,2373.6765	194.60492,481.04077,2423.9695	281.74982,391.3205,2365.056	211.62851,283.2236,2374.6052	319.61072,487.58606,2333.4797	375.5489,196.53903,2254.3406	154.46555,296.96338,2301.0808	
256.70108,136.45238,2463.287	250.1112,184.7231,2431.7864	213.13643,180.15393,2430.87	189.95558,239.25966,2435.0703	250.1112,184.7231,2431.7864	287.0581,189.28882,2432.7026	323.48758,234.42606,2415.0957	243.0235,234.67407,2401.0403	211.79674,282.9858,2369.7156	207.72589,384.9937,2402.818	259.69543,288.8546,2370.8728	194.80734,480.61816,2425.1516	281.8923,391.4364,2361.8643	211.79674,282.9858,2369.7156	319.68466,487.10727,2338.8992	370.48532,197.22403,2269.2305	155.84482,296.36072,2301.5537	
257.88077,135.81485,2463.704	250.68716,183.76186,2431.3362	213.73761,178.66534,2429.5488	190.22206,239.51137,2433.521	250.68716,183.76186,2431.3362	287.58246,188.85086,2433.1235	320.31244,237.58305,2428.042	242.9346,233.59427,2399.791	211.01886,281.49905,2367.1172	207.3129,383.786,2398.6448	258.9093,288.00632,2369.3745	192.96707,477.28754,2437.2407	281.5178,390.49194,2361.6628	211.01886,281.49905,2367.1172	318.1326,486.42767,2340.9792	367.86536,201.77544,2281.868	156.93741,296.60358,2299.71	
258.79413,136.39316,2465.9167	251.16553,183.91483,2431.3792	214.24358,178.45715,2429.0527	190.38226,239.1642,2433.253	251.16553,183.91483,2431.3792	288.01688,189.36206,2433.7056	316.3781,239.03261,2438.52	242.94577,233.6499,2398.8743	210.5433,281.27426,2364.9004	207.44687,383.5377,2398.3027	258.4274,288.2241,2367.8384	193.84808,477.09265,2438.1362	281.29218,390.939,2356.111	210.5433,281.27426,2364.9004	318.19058,486.22235,2343.8516	367.19113,212.06808,2288.3965	157.83195,296.36194,2295.04	
259.18274,136.26906,2466.0232	251.40454,183.76212,2430.747	214.44696,178.04872,2426.9102	190.00084,240.05594,2431.12	251.40454,183.76212,2430.747	288.2456,189.45752,2434.584	315.00992,241.99207,2442.2573	242.94814,233.45045,2397.5312	210.25693,280.93118,2361.8926	207.21475,383.27264,2396.0376	258.2022,288.13123,2366.7383	194.45546,476.33984,2441.571	282.33246,390.92816,2348.2837	210.25693,280.93118,2361.8926	318.08072,485.8529,2347.317	368.62668,225.89847,2289.6294	159.23132,299.42355,2296.4365	
260.17273,136.49112,2457.0532	252.01715,184.48622,2427.0217	214.94006,178.23637,2418.9695	190.64114,239.18726,2432.5513	252.01715,184.48622,2427.0217	288.84903,190.69473,2435.074	315.13757,245.12363,2444.5857	243.23718,234.33537,2397.7627	210.23029,281.5926,2363.4172	207.1555,383.79846,2398.3079	258.14737,289.2233,2373.59	194.93944,476.71973,2445.013	282.6114,391.87912,2350.112	210.23029,281.5926,2363.4172	318.0603,486.02545,2356.8767	371.01535,239.5613,2288.941	158.90314,298.51254,2300.108	
261.26117,138.21674,2453.0818	252.84058,186.18422,2423.215	215.66217,179.54015,2411.667	191.3506,238.28854,2433.7666	252.84058,186.18422,2423.215	289.66632,192.76527,2434.7632	315.21625,247.26361,2448.273	243.79697,236.13847,2395.4126	210.49614,283.29135,2360.3176	207.27216,385.7234,2393.6868	258.43814,291.21613,2374.9026	195.66212,479.32535,2437.0256	283.6698,394.16583,2338.4614	210.49614,283.29135,2360.3176	318.99103,487.80884,2354.7446	371.4056,255.91644,2307.9504	159.99744,297.5228,2301.487	
262.16464,137.18187,2451.1196	254.09024,185.39706,2422.8264	216.82039,178.74901,2407.901	191.12701,239.02243,2432.3914	254.09024,185.39706,2422.8264	290.90372,191.96373,2437.752	317.60367,249.04407,2448.1465	245.31125,235.4357,2396.552	212.26416,282.70612,2360.853	209.26013,384.15103,2405.4678	260.22046,290.4305,2379.7021	195.81354,478.9995,2432.768	286.2749,393.12598,2338.9573	212.26416,282.70612,2360.853	321.28146,487.20764,2352.4487	372.9134,269.98962,2312.2583	160.83408,299.1745,2307.475	
263.54395,137.39697,2442.1318	254.99976,186.03465,2418.895	217.65842,179.16434,2401.7878	191.30098,240.0975,2428.1936	254.99976,186.03465,2418.895	291.81662,192.80847,2436.0022	321.26642,248.88782,2445.0596	246.07413,236.22383,2396.2769	212.9314,283.42355,2362.858	208.0361,385.4758,2397.76	260.8075,291.27972,2384.4595	195.21596,477.6231,2448.1724	285.2249,394.35785,2339.3245	212.9314,283.42355,2362.858	320.17368,488.6277,2351.2874	375.25037,279.64017,2322.716	160.67093,301.1123,2315.4597	
264.3695,137.43341,2445.1333	255.92157,185.94421,2420.1702	218.61444,178.94241,2402.5745	192.17209,239.81195,2429.5957	255.92157,185.94421,2420.1702	292.69016,192.84492,2437.7659	325.142,248.74022,2429.0325	246.8568,236.06119,2396.4922	213.56342,283.15747,2361.705	208.0033,385.22498,2396.8462	261.4347,291.1618,2383.9233	195.61691,478.69247,2438.6492	286.36017,394.4176,2330.1006	213.56342,283.15747,2361.705	320.62573,489.20642,2343.3726	377.8065,286.0603,2322.866	161.34262,299.44336,2306.0234	
265.8357,137.57114,2447.1328	257.17365,185.80058,2421.032	219.95059,178.43367,2403.2078	193.79504,239.66832,2425.7942	257.17365,185.80058,2421.032	293.85257,193.05981,2438.8562	330.936,247.14056,2414.0164	247.63676,235.7982,2396.6401	213.88794,282.5707,2360.9937	208.16582,384.4538,2398.8076	261.6928,291.0371,2383.503	195.26822,478.23895,2437.5261	286.92633,394.2701,2329.1328	213.88794,282.5707,2360.9937	320.2463,489.06384,2345.587	383.22647,288.8902,2327.879	161.9597,298.05945,2300.6428	
267.40485,138.10732,2450.6365	258.33322,186.0344,2422.4734	221.22511,178.27078,2404.956	194.6084,239.83377,2423.8962	258.33322,186.0344,2422.4734	294.9085,193.68654,2439.9907	336.33398,244.92242,2394.5117	248.24179,235.87814,2397.204	213.97021,282.26205,2360.8735	208.15259,383.75156,2403.3274	261.67798,291.2638,2382.996	196.28531,478.59778,2433.427	287.07364,394.39374,2331.7974	213.97021,282.26205,2360.8735	319.7889,489.5152,2346.1921	390.5116,287.52557,2330.7263	162.22308,297.2339,2295.4958	
268.14185,138.28535,2449.3904	259.094,185.9487,2421.7148	222.01907,178.07468,2405.1887	193.90872,239.20279,2419.952	259.094,185.9487,2421.7148	295.66632,193.71597,2438.241	340.48425,241.26993,2374.2576	248.79361,235.76396,2396.2236	214.32413,282.02924,2360.2974	209.1178,383.84595,2399.8254	262.00943,291.23126,2381.1675	196.8215,477.99152,2436.3416	287.92136,394.22424,2332.7815	214.32413,282.02924,2360.2974	320.461,490.03638,2341.1724	398.2143,280.23004,2318.9573	162.39278,296.81372,2286.2913	
268.8991,137.83447,2449.2715	259.56274,185.559,2422.2393	222.57112,177.64029,2408.3833	194.00894,238.76834,2417.485	259.56274,185.559,2422.2393	296.13358,193.38763,2436.0952	343.19562,236.25328,2364.1367	249.02786,235.32193,2397.0845	214.38272,281.41626,2363.1792	210.10773,383.39102,2400.173	261.98068,290.82968,2380.6802	195.70541,475.5041,2449.235	287.77432,393.80988,2334.145	214.38272,281.41626,2363.1792	320.68643,489.21954,2344.5117	404.3062,267.43948,2299.2317	162.45795,296.61456,2282.8628	
270.0531,137.32886,2456.707	260.44598,184.84955,2425.0085	223.547,176.76755,2411.6797	194.73068,237.71593,2417.7385	260.44598,184.84955,2425.0085	296.94153,192.8432,2438.3374	344.17618,231.41669,2360.577	249.6568,234.38728,2396.2498	214.70976,280.2694,2359.075	211.1255,382.8684,2391.1716	262.33194,289.9532,2375.907	196.65202,474.7826,2444.675	288.0054,393.09814,2331.5925	214.70976,280.2694,2359.075	321.18134,488.5838,2341.5837	408.07275,252.14227,2284.1836	163.24486,294.54495,2272.5278	
270.96838,137.00261,2451.9343	260.89847,184.75728,2423.895	224.07922,176.55818,2413.078	195.0718,237.196,2417.3872	260.89847,184.75728,2423.895	297.39053,192.88353,2434.7122	345.35944,228.1574,2363.2952	249.78699,234.33008,2398.0576	214.64807,279.99,2365.389	211.47629,381.88913,2403.0786	262.08224,289.94684,2379.0515	196.82309,473.3238,2456.8984	287.22186,392.79517,2341.931	214.64807,279.99,2365.389	319.67737,488.2824,2349.9084	409.83197,238.1894,2264.695	163.6436,293.22308,2261.5273	
271.13123,137.07516,2442.5825	261.62732,185.43404,2421.3486	224.59427,177.5655,2405.1396	194.83217,237.49966,2409.717	261.62732,185.43404,2421.3486	298.16785,193.19792,2437.5576	344.353,226.84515,2374.7188	251.33792,235.3413,2401.019	217.04251,281.49158,2370.4482	213.39713,383.31738,2405.96	264.499,290.67075,2390.9307	199.93542,475.98544,2450.8435	289.69977,393.0227,2352.795	217.04251,281.49158,2370.4482	322.06296,488.49127,2356.692	407.2858,223.36421,2258.7957	164.22578,294.81256,2254.424	
271.40088,136.15129,2444.389	262.4298,184.84366,2423.112	225.31961,177.19296,2402.708	194.96796,238.26904,2405.8884	262.4298,184.84366,2423.112	298.92023,192.3666,2443.516	345.2561,226.27733,2375.8882	252.6961,234.83185,2403.2612	218.94165,281.3039,2370.5261	212.69424,383.115,2403.9177	266.40237,289.95477,2396.2947	198.8584,476.14658,2446.3474	290.06384,392.76422,2348.3406	218.94165,281.3039,2370.5261	322.42874,488.50183,2351.6465	404.40158,209.58972,2246.1636	166.64328,295.58795,2245.3777	
270.97324,137.02405,2446.2798	262.39246,185.64198,2423.9382	225.241,178.07657,2399.6616	195.0104,238.77469,2403.4622	262.39246,185.64198,2423.9382	298.8071,193.05736,2448.2148	344.28925,226.5255,2384.9592	252.98575,235.68787,2404.2168	219.54086,282.37613,2369.1667	211.20131,383.81726,2405.2844	267.00098,290.69354,2399.824	197.60568,478.07797,2437.6462	288.58047,393.78534,2353.4622	219.54086,282.37613,2369.1667	320.89047,490.02255,2349.928	397.92038,199.76419,2243.034	168.67294,295.67743,2239.641	
270.67175,137.65746,2447.2131	262.05344,186.2374,2423.9636	224.89726,178.60199,2396.2368	195.2814,237.95158,2404.7356	262.05344,186.2374,2423.9636	298.3692,193.7001,2451.6904	342.68243,229.07867,2393.984	252.73433,236.30508,2404.079	219.36774,283.07367,2366.6882	209.6594,384.04578,2407.7085	266.80347,291.2819,2401.701	198.28934,478.90436,2436.913	288.02866,394.60657,2348.7595	219.36774,283.07367,2366.6882	320.47922,490.57574,2349.3708	389.91937,192.3529,2249.0166	170.19275,293.8073,2235.8079	
270.6118,136.88208,2447.1726	261.8025,185.43188,2423.9546	224.6617,177.64873,2394.5054	195.53574,237.89842,2405.365	261.8025,185.43188,2423.9546	298.05164,193.0282,2453.4038	340.4297,231.67413,2399.9902	252.38303,235.48198,2404.268	218.92882,282.17874,2365.99	209.83408,383.00677,2410.096	266.31775,290.47354,2403.173	196.40799,476.95392,2443.6182	287.88876,393.72974,2347.5464	218.92882,282.17874,2365.99	319.685,489.61652,2351.475	381.26892,187.21649,2262.0217	170.98833,292.7901,2234.5225	
270.4212,136.69745,2447.6565	261.466,185.06537,2424.3684	224.32716,177.26425,2393.7883	195.80887,238.23207,2406.1829	261.466,185.06537,2424.3684	297.67957,192.67215,2454.9485	335.7875,234.8984,2409.9983	252.09875,235.10553,2404.2314	218.6835,281.82928,2364.7874	209.99803,382.52002,2411.6543	266.0792,290.08588,2403.4016	196.57031,477.08514,2439.871	287.84415,393.36807,2344.8665	218.6835,281.82928,2364.7874	319.6951,489.4508,2348.0037	373.35437,187.22748,2277.4934	171.57672,292.35526,2231.593	
270.03873,137.24702,2448.8984	261.0879,185.54361,2424.0066	223.92474,177.79016,2393.9968	195.73126,238.15948,2407.0964	261.0879,185.54361,2424.0066	297.34207,193.1074,2454.0164	330.20227,239.01001,2428.998	251.75427,235.59363,2403.4219	218.34494,282.35983,2363.8892	210.49731,383.17023,2410.7073	265.7965,290.5915,2401.7852	195.27908,476.573,2446.0212	287.33572,394.03802,2342.474	218.34494,282.35983,2363.8892	319.57077,489.51758,2350.8657	367.0526,192.34099,2297.1042	171.88629,292.18796,2229.9175	
269.4755,137.59183,2448.521	260.7199,185.7812,2423.2312	223.53873,178.05438,2391.9277	195.77956,237.52954,2411.5493	260.7199,185.7812,2423.2312	296.95273,193.31094,2454.5347	323.89,241.62775,2445.002	251.48822,235.8693,2402.685	218.16983,282.7267,2362.3723	210.08005,383.2356,2412.8582	265.63092,290.8487,2401.9055	196.99567,477.52527,2443.0713	287.5136,394.15686,2344.804	218.16983,282.7267,2362.3723	319.78406,489.692,2351.6829	364.20346,201.08806,2311.8643	172.07553,291.966,2237.4644	
269.66083,137.10202,2440.3323	260.91183,185.7958,2420.079	223.65622,178.25485,2387.3088	195.98006,237.5731,2417.269	260.91183,185.7958,2420.079	297.172,193.13525,2452.8494	320.4075,243.74458,2455.0115	251.92474,236.05446,2403.413	218.9167,283.0956,2366.0537	210.3929,382.94043,2421.3967	266.29678,290.86703,2407.4404	199.12823,478.1232,2443.3457	288.20035,394.00183,2347.3901	218.9167,283.0956,2366.0537	320.98953,488.93143,2357.079	364.72412,212.08534,2313.241	172.12735,291.81674,2244.5115	
269.845,136.46649,2444.2349	261.1854,184.88263,2421.6792	223.98425,177.21417,2388.277	195.49622,238.4292,2415.633	261.1854,184.88263,2421.6792	297.37427,192.3424,2455.0813	319.5021,245.61537,2459.0103	252.13544,235.04878,2402.6147	219.03114,282.0253,2362.4592	209.97238,382.12347,2416.4048	266.4309,289.9395,2404.6414	197.88495,478.0278,2433.2095	288.0512,393.39175,2338.3206	219.03114,282.0253,2362.4592	319.94263,488.38635,2353.614	368.19656,226.92168,2299.1282	171.44037,293.66116,2249.8818	
269.5626,136.76167,2437.6863	260.93872,185.4986,2417.8223	223.62312,178.04047,2386.619	195.8538,237.555,2421.811	260.93872,185.4986,2417.8223	297.30344,192.7667,2449.0256	321.62787,247.48929,2459.004	252.00641,235.80783,2400.6416	219.00226,282.93176,2363.7556	209.5881,382.77185,2419.2341	266.4957,290.6888,2403.1663	197.96231,476.88455,2450.4563	287.2503,394.3289,2340.597	219.00226,282.93176,2363.7556	320.3697,489.3465,2351.061	373.39844,242.72417,2291.7024	171.68204,292.8837,2261.095	
269.9964,136.21317,2434.92	261.0724,185.1468,2417.134	223.7799,177.48285,2387.3396	196.24379,238.06888,2424.4197	261.0724,185.1468,2417.134	297.4567,192.62413,2446.9285	322.80463,247.95018,2461.5037	251.74188,235.4331,2402.32	218.41275,282.2697,2368.6924	209.09805,381.93994,2424.0903	265.805,290.35345,2406.3198	198.00749,476.9149,2447.2832	287.3357,393.6491,2344.488	218.41275,282.2697,2368.6924	319.0876,489.20703,2352.7036	375.7327,257.87595,2304.3447	171.22665,293.99548,2269.445	
270.18787,136.33342,2433.54	261.07367,185.30711,2416.1396	223.77625,177.67282,2390.4636	196.93747,238.4433,2426.22	261.07367,185.30711,2416.1396	297.5867,192.78088,2441.8157	326.33606,248.79758,2453.7607	251.5752,235.59447,2401.6863	218.07918,282.32117,2371.015	210.21378,382.44995,2421.919	265.5219,290.60406,2403.451	196.31824,477.23846,2443.985	287.658,393.88428,2342.34	218.07918,282.32117,2371.015	319.65082,489.77444,2347.782	379.84366,270.0363,2314.107	170.85408,295.01907,2275.9988	
269.91852,137.03055,2434.833	260.9764,185.68219,2415.879	223.67557,178.28424,2394.7334	196.13605,240.16862,2425.6038	260.9764,185.68219,2415.879	297.62994,192.95177,2437.0244	329.42972,248.66609,2441.8728	251.57896,235.98851,2400.7485	218.17352,282.7862,2372.2627	210.84943,383.40747,2417.5864	265.68515,291.03354,2398.9736	197.90585,477.71124,2446.4512	288.63776,394.36264,2337.0889	218.17352,282.7862,2372.2627	320.41922,490.0258,2347.3071	383.10046,278.68787,2321.4524	170.24464,298.35986,2277.3882	
269.37677,137.78052,2433.4797	260.53964,186.49545,2415.079	223.26627,179.3733,2399.1843	195.57086,241.03807,2424.2932	260.53964,186.49545,2415.079	297.32562,193.52448,2430.9739	333.66278,247.56982,2423.9333	251.24109,236.8567,2401.03	217.99118,283.69812,2376.9417	211.10886,384.03806,2423.587	265.47525,291.88898,2397.0203	197.83603,478.58627,2448.1587	289.03214,395.07025,2339.1814	217.99118,283.69812,2376.9417	319.62534,490.77063,2351.5605	387.94547,282.82983,2323.3245	169.76349,300.8427,2281.616	
269.8767,137.29898,2432.806	261.30624,186.16963,2415.3223	224.02405,179.24548,2401.013	195.46524,241.58702,2427.141	261.30624,186.16963,2415.3223	298.1493,193.01222,2429.6316	337.91516,245.13513,2402.9631	252.21436,236.5714,2402.3037	219.2157,283.49826,2380.253	212.68817,383.99182,2424.0347	266.65173,291.51624,2398.3174	199.30368,479.21365,2442.6477	290.95697,394.42392,2341.435	219.2157,283.49826,2380.253	321.691,489.85492,2354.966	392.60855,283.8612,2320.9475	169.47247,302.25226,2283.123	
270.20428,136.6864,2431.9705	261.71045,185.64407,2415.5696	224.45024,178.74263,2402.5105	196.28448,241.74318,2427.0715	261.71045,185.64407,2415.5696	298.56992,192.4713,2428.6287	341.3616,241.50166,2382.4788	252.60034,236.04321,2403.3164	219.6161,282.91644,2382.8188	212.82806,383.7229,2421.5623	267.01422,290.9736,2399.3076	196.74655,477.97183,2445.2007	290.26657,393.9952,2345.2307	219.6161,282.91644,2382.8188	320.4004,490.05286,2353.352	398.25946,278.8261,2306.9102	169.36777,302.84012,2282.0833	
270.51227,136.32166,2431.5547	261.9964,185.2614,2415.9028	224.76816,178.37766,2404.1562	197.23639,241.347,2426.0376	261.9964,185.2614,2415.9028	298.86438,192.07852,2427.6494	344.53998,237.34503,2362.7383	252.85402,235.64987,2404.0093	219.86623,282.4726,2384.699	212.74384,383.41443,2420.6826	267.22836,290.5811,2399.5325	196.22046,478.0063,2441.3528	290.14264,393.74695,2342.8315	219.86623,282.4726,2384.699	319.756,489.66806,2354.578	404.2782,271.33646,2290.42	169.3166,303.21045,2282.5454	
270.6192,135.06277,2447.846	262.44934,183.53699,2423.4565	225.31653,176.78432,2411.7402	197.80568,240.79231,2425.0276	262.44934,183.53699,2423.4565	299.22482,190.2247,2435.1729	346.54376,233.0308,2350.3608	253.45343,233.63853,2404.378	220.4777,280.53143,2377.9016	212.63736,382.01166,2410.3901	268.00214,288.5269,2392.697	197.85445,477.1192,2432.8372	290.21194,392.08197,2337.6257	220.4777,280.53143,2377.9016	320.69925,488.11795,2348.1145	408.7617,259.9584,2267.6973	169.26418,303.4271,2280.7185	
270.0869,135.6576,2447.4888	262.17065,184.01163,2423.6096	225.00745,177.48996,2412.2402	196.35123,240.15932,2423.0093	262.17065,184.01163,2423.6096	298.98685,190.4724,2434.979	346.66565,228.9027,2346.6787	253.47008,234.1956,2405.5093	220.80269,281.2721,2380.2297	212.49995,381.7774,2422.2373	268.32953,288.98572,2394.5881	198.5492,477.21027,2438.9863	289.34915,392.35956,2349.7175	220.80269,281.2721,2380.2297	319.43115,488.76398,2352.9612	410.51068,244.4482,2249.4417	169.24808,303.54584,2277.4102	
270.3588,135.83762,2447.8132	262.15817,184.19199,2423.8948	224.98135,177.56024,2411.0288	195.29242,240.6737,2422.5015	262.15817,184.19199,2423.8948	298.9424,190.75371,2436.7607	346.56415,227.09938,2348.3394	253.39206,234.37051,2405.8916	220.64908,281.4081,2379.764	212.0617,382.1557,2418.985	268.17673,289.1768,2396.013	198.38383,477.60822,2437.161	288.69824,392.51575,2353.794	220.64908,281.4081,2379.764	319.3715,489.2771,2350.099	410.60425,230.28384,2240.0554	168.8911,304.01105,2274.8171	
270.1782,136.47128,2448.975	261.9173,184.70126,2424.9731	224.72672,177.97081,2409.8904	195.57913,239.38675,2424.2493	261.9173,184.70126,2424.9731	298.64813,191.34853,2440.056	347.2666,224.22742,2347.6707	253.13638,234.8594,2406.7988	220.36127,281.88022,2379.0996	211.93002,382.42627,2421.16	267.89285,289.65045,2398.1494	197.07468,477.58447,2439.5244	287.82788,393.00452,2356.6423	220.36127,281.88022,2379.0996	319.5583,489.64398,2349.575	409.98337,215.87352,2222.4666	169.5195,300.8907,2269.868	
269.87,136.6333,2448.5515	261.69745,184.93234,2424.987	224.51753,177.99675,2408.7302	197.10388,238.98114,2426.6191	261.69745,184.93234,2424.987	298.38214,191.77557,2441.244	346.57977,223.1952,2352.332	252.6983,235.06401,2407.1953	219.71806,281.94418,2379.1384	211.22041,381.7496,2429.2551	267.2082,289.9061,2399.6687	195.43384,477.65286,2436.59	287.2494,393.28186,2355.3157	219.71806,281.94418,2379.1384	319.27734,489.7386,2349.772	406.2291,205.03082,2216.9255	170.08052,298.56195,2261.458	
269.73273,137.02524,2448.3425	261.44345,185.33038,2425.4202	224.27872,178.23337,2408.1465	197.52748,238.42181,2425.8044	261.44345,185.33038,2425.4202	298.08255,192.32703,2442.6938	346.32086,224.65971,2358.1655	252.27382,235.42914,2407.7024	219.12943,282.19736,2379.0771	210.8649,382.0217,2429.3452	266.59045,290.307,2400.892	194.84464,477.97748,2436.0034	287.221,393.45758,2358.0146	219.12943,282.19736,2379.0771	319.83575,490.1218,2347.2075	400.08206,194.4688,2220.1177	169.74931,297.10812,2258.1873	
268.77448,137.00864,2440.7483	260.57202,185.77034,2422.546	223.28824,178.90427,2403.5894	197.57584,236.83722,2426.9053	260.57202,185.77034,2422.546	297.27686,192.52982,2441.5024	344.99103,226.29861,2370.5942	251.79729,236.02577,2406.4404	219.02151,283.08588,2378.3643	210.87976,382.81085,2430.0347	266.5491,290.79233,2402.3057	196.99487,479.4547,2432.9866	287.38995,393.84833,2359.3628	219.02151,283.08588,2378.3643	320.46948,490.62524,2345.236	390.69922,187.87433,2223.0728	169.97798,293.71326,2255.0535	
268.52902,137.16089,2443.9497	260.39966,185.75665,2424.1396	223.11018,178.88574,2402.658	196.4249,237.70439,2422.9573	260.39966,185.75665,2424.1396	297.03403,192.50687,2445.6213	341.6612,229.53691,2377.8022	251.75314,235.99037,2407.3909	219.08429,283.11966,2377.0764	210.79388,382.83124,2429.3315	266.6169,290.6933,2404.2078	198.0683,479.6359,2432.6877	287.85117,393.71637,2357.2502	219.08429,283.11966,2377.0764	319.97287,490.16434,2350.4841	381.6668,184.54205,2237.7007	170.408,294.28534,2252.3953	
268.37137,137.23615,2445.5454	260.24997,185.90385,2424.4324	222.94867,178.99814,2400.5713	195.84726,238.49506,2420.9805	260.24997,185.90385,2424.4324	296.8242,192.67496,2448.2935	336.53104,233.8412,2393.905	251.68076,236.14153,2407.4043	219.07477,283.3297,2375.3086	210.65561,382.89062,2429.77	266.60455,290.81302,2405.4438	197.24237,479.6723,2432.4119	287.82303,393.82745,2357.3706	219.07477,283.3297,2375.3086	319.98782,490.2032,2351.2612	374.6277,186.54361,2254.76	170.56099,295.03433,2252.7388	
268.1584,137.28868,2438.3398	259.74954,186.27155,2421.1436	222.39508,179.29665,2396.701	195.20938,239.009,2422.489	259.74954,186.27155,2421.1436	296.3573,193.10704,2445.5862	332.62665,237.53972,2410.4487	251.07419,236.60487,2407.216	218.41223,283.74234,2377.8557	210.0596,382.88333,2435.5803	265.87744,291.25723,2408.7214	197.21112,479.94556,2434.0693	286.78433,394.1318,2362.5105	218.41223,283.74234,2377.8557	320.06845,490.505,2350.1428	369.80176,191.47275,2264.2334	169.99983,295.3388,2253.8152	
267.66464,137.4682,2428.7397	259.40887,186.92218,2417.366	221.9619,180.189,2394.4182	194.93666,239.50787,2421.7336	259.40887,186.92218,2417.366	296.1516,193.52875,2440.3137	326.73596,239.96233,2431.7273	250.95663,237.409,2406.961	218.55872,284.6773,2382.0652	210.60147,384.0146,2436.0737	266.0163,291.94714,2411.0466	196.15509,479.7079,2444.5554	287.70505,394.7327,2359.3337	218.55872,284.6773,2382.0652	321.06277,490.8874,2350.4934	367.56085,201.5784,2272.6501	170.29361,295.6816,2255.1042	
267.5372,136.66187,2422.9526	259.15903,186.595,2415.1614	221.66324,179.9549,2392.936	194.61234,240.11212,2422.3633	259.15903,186.595,2415.1614	295.97098,193.11403,2437.3867	322.6425,241.50961,2447.3645	250.78793,237.16122,2407.84	218.52713,284.4283,2386.485	209.6536,383.7614,2437.5837	265.92734,291.6015,2414.5525	196.92697,480.6994,2435.9785	287.3673,394.3615,2360.2454	218.52713,284.4283,2386.485	320.62372,490.80005,2348.558	366.36148,214.99669,2275.9355	170.46759,295.9311,2256.5745	
267.29974,136.65662,2427.0461	259.0589,186.44267,2416.4595	221.56718,179.83516,2393.225	194.55353,240.17589,2424.6846	259.0589,186.44267,2416.4595	295.83652,192.92432,2439.6938	320.85202,243.46002,2447.1846	250.78458,236.99031,2407.5312	218.58005,284.35016,2383.9316	209.49097,384.04388,2432.032	266.02707,291.435,2413.2744	198.1454,481.8553,2426.0156	287.5985,394.38477,2353.0427	218.58005,284.35016,2383.9316	320.87918,491.0664,2342.2224	369.0563,230.25766,2273.0344	169.77235,295.98398,2262.3728	
267.5967,136.12479,2437.0957	259.4718,185.16188,2420.4282	222.05037,178.45364,2395.1267	193.83307,241.52083,2423.8435	259.4718,185.16188,2420.4282	296.119,191.73135,2445.7297	320.43475,245.25069,2449.1006	251.22566,235.55609,2406.212	218.94836,282.9608,2376.0178	209.42688,382.524,2428.826	266.497,290.0902,2407.9734	197.95862,480.59253,2421.6953	287.94833,393.3073,2346.9436	218.94836,282.9608,2376.0178	321.56424,489.52374,2342.1692	370.71924,247.16167,2278.1594	168.61938,298.6634,2267.3196	
267.33057,135.97064,2442.1123	259.51102,184.47334,2422.0068	222.107,177.802,2396.924	194.14769,241.23328,2427.4226	259.51102,184.47334,2422.0068	296.14825,191.00792,2447.0896	322.9273,247.58015,2443.549	251.3498,234.80399,2404.9575	219.0971,282.27368,2372.0703	210.0326,381.61136,2429.7048	266.73105,289.38586,2403.746	197.81831,478.74234,2430.3662	287.3013,392.59085,2354.2373	219.0971,282.27368,2372.0703	321.17004,489.59372,2336.8193	374.3131,264.58258,2286.8513	167.94496,298.2707,2274.8909	
267.29248,136.96161,2437.1313	259.27023,185.79573,2418.9224	221.83582,179.11978,2395.9822	194.66432,240.8569,2429.2188	259.27023,185.79573,2418.9224	296.0013,192.34625,2441.8625	325.61548,248.30002,2433.2793	250.9459,236.21701,2404.2947	218.57065,283.62158,2375.1804	209.17484,382.53528,2435.1643	266.18008,290.84573,2404.1536	197.72615,479.32355,2438.0247	286.43304,394.0324,2358.0046	218.57065,283.62158,2375.1804	319.72458,490.93674,2342.2644	376.75,276.77487,2297.5369	168.43747,297.85623,2279.3813	
267.41583,137.58234,2426.6426	259.30725,186.87326,2414.8616	221.83723,180.30612,2395.253	193.99597,241.86185,2428.1145	259.30725,186.87326,2414.8616	296.17365,193.3346,2434.4702	329.50558,248.93187,2418.148	250.93964,237.4231,2404.788	218.62119,284.75592,2382.3306	210.20355,383.84344,2438.2588	266.1363,292.00305,2407.0986	197.2262,479.32227,2449.8892	287.6341,394.93243,2357.472	218.62119,284.75592,2382.3306	320.23587,491.84625,2344.5	380.55536,285.70258,2309.3691	167.86797,299.94446,2282.1907	
267.23364,136.86728,2428.883	259.48444,186.65355,2415.585	222.02017,180.3026,2397.9	194.97565,240.10025,2432.5518	259.48444,186.65355,2415.585	296.40414,192.91219,2433.27	333.6481,247.729,2403.0676	251.3323,237.22733,2405.3062	219.23843,284.67728,2383.8606	210.89264,384.4131,2432.1467	266.7604,291.76007,2406.194	196.75955,480.098,2442.7734	288.73364,394.7603,2352.5146	219.23843,284.67728,2383.8606	321.32117,491.85007,2340.2373	384.60175,289.43494,2315.6978	166.5357,296.20004,2286.0757	
267.67966,136.67703,2430.517	259.66745,186.22852,2416.447	222.28268,179.84021,2401.656	195.96269,238.03981,2435.282	259.66745,186.22852,2416.447	296.59735,192.53908,2431.238	337.6257,245.58644,2384.0413	251.33722,236.75494,2405.8154	219.10272,284.0664,2385.8433	210.12106,383.91058,2431.506	266.57816,291.36502,2404.5244	196.08223,479.73822,2441.3762	287.86697,394.6246,2349.8147	219.10272,284.0664,2385.8433	320.6853,491.36523,2341.4287	390.78604,288.40756,2312.0735	168.03128,293.71466,2288.8105	
267.66144,136.53937,2431.3286	259.73364,185.87054,2417.0413	222.39523,179.49402,2404.0515	195.44919,239.01842,2433.1423	259.73364,185.87054,2417.0413	296.67285,192.17891,2430.031	340.68246,241.5981,2366.0227	251.33624,236.3689,2405.8447	219.05258,283.6323,2386.4463	210.45659,383.7448,2429.398	266.50546,291.02133,2402.85	196.25684,478.9594,2445.2024	287.37228,394.37292,2350.4556	219.05258,283.6323,2386.4463	321.2206,490.8615,2340.694	396.5926,282.42783,2299.761	167.02267,295.17633,2290.513	
267.9254,136.1404,2431.7349	259.78378,185.39957,2417.408	222.50188,178.91531,2405.7883	195.388,239.0359,2433.5754	259.78378,185.39957,2417.408	296.709,191.82178,2429.0276	341.9894,238.11464,2356.515	251.17526,235.8519,2405.9521	218.70694,282.97238,2387.1594	209.69862,383.00787,2430.3372	266.11652,290.5783,2401.8333	197.28458,479.22208,2438.9517	287.3976,393.9041,2348.6052	218.70694,282.97238,2387.1594	320.44016,490.2165,2344.0635	401.13876,273.4546,2271.1572	165.91534,294.49323,2289.776	
268.6562,136.7099,2431.446	260.13724,185.93365,2417.032	222.94675,179.1735,2407.0898	194.95135,240.10931,2432.7974	260.13724,185.93365,2417.032	297.023,192.63844,2426.974	342.4161,233.6652,2350.268	251.06404,236.31325,2405.2246	218.17242,283.15167,2387.1392	210.07465,383.45953,2428.1858	265.50607,291.20697,2399.6953	195.01074,478.80286,2441.6104	286.87848,394.5635,2348.361	218.17242,283.15167,2387.1392	320.35828,490.55313,2345.6372	404.9821,258.45966,2255.8606	164.40497,295.9545,2290.646	
268.97382,137.40015,2432.2942	260.1557,186.38739,2417.484	223.02087,179.504,2408.4797	194.99493,239.93626,2432.9006	260.1557,186.38739,2417.484	297.01492,193.21971,2426.488	341.72092,230.10515,2352.6372	250.86246,236.71938,2405.4248	217.77913,283.41525,2387.6804	210.61713,383.8008,2428.5144	265.05975,291.6822,2399.051	193.94598,478.75226,2443.0183	287.1795,394.76886,2351.7183	217.77913,283.41525,2387.6804	320.52646,491.3252,2342.3926	405.02908,243.4304,2242.8333	164.38501,294.98566,2289.0518	
268.6467,137.77554,2433.2153	259.961,186.7431,2417.7002	222.80334,179.88516,2408.0562	195.44888,239.02225,2434.4512	259.961,186.7431,2417.7002	296.82346,193.54655,2427.3442	341.25208,228.20528,2353.8188	250.72578,237.07866,2405.1624	217.67236,283.83063,2386.5352	209.72484,383.4462,2435.4736	264.99475,292.032,2398.7139	197.10309,480.5946,2431.1226	287.76385,395.01776,2350.6704	217.67236,283.83063,2386.5352	320.5042,490.84225,2350.6626	403.62122,229.07002,2231.2883	164.0697,293.70142,2289.2954	
268.76965,137.5369,2433.176	259.93494,186.62524,2417.5747	222.75342,179.74234,2407.0603	195.36217,238.68294,2433.7244	259.93494,186.62524,2417.5747	296.7944,193.44855,2428.089	344.0136,226.85582,2348.411	250.70813,236.96405,2404.9448	217.64366,283.73087,2385.6758	210.48274,383.53778,2433.867	264.9928,291.91516,2398.954	195.89037,479.7282,2437.367	287.83032,394.75836,2354.1233	217.64366,283.73087,2385.6758	321.08398,491.14093,2345.4937	404.9872,215.52277,2214.6086	163.98676,292.88205,2288.137	
268.62973,137.5527,2432.657	259.88583,186.71846,2417.0898	222.67146,179.8467,2405.7688	195.25177,238.98701,2434.3618	259.88583,186.71846,2417.0898	296.75323,193.52614,2428.411	344.61023,226.57545,2350.7075	250.71136,237.07535,2404.2378	217.67163,283.8987,2384.237	210.6423,383.70026,2433.3416	265.06323,292.024,2398.5344	196.37167,479.52142,2441.603	287.9942,394.81317,2355.2383	217.67163,283.8987,2384.237	320.777,492.1285,2338.3623	401.58896,203.6159,2210.4573	163.948,292.4261,2281.5063	
268.20642,137.52763,2432.898	259.566,186.74672,2417.1096	222.32706,179.98843,2405.6887	195.4232,238.66457,2432.1814	259.566,186.74672,2417.1096	296.4547,193.44144,2428.5305	343.8829,227.4388,2356.354	250.54813,237.12805,2404.0208	217.64542,284.06064,2383.7202	210.41873,384.04065,2430.8853	265.0746,292.03726,2398.1436	196.05884,479.30038,2445.2031	287.76797,394.75323,2358.6199	217.64542,284.06064,2383.7202	321.34393,492.3462,2334.251	394.36267,194.29948,2215.345	163.96025,292.21643,2280.4607	
267.44882,137.6808,2434.0227	259.26996,186.86879,2417.1133	221.96722,180.29271,2404.468	194.39279,238.148,2430.0984	259.26996,186.86879,2417.1133	296.18445,193.37643,2429.7585	342.0293,229.95596,2362.1802	250.55261,237.28763,2402.965	217.88333,284.44998,2380.8315	210.80998,384.46252,2429.0671	265.4217,292.13168,2396.8022	197.00034,480.89813,2434.2334	288.14777,395.08636,2352.4	217.88333,284.44998,2380.8315	321.71857,491.8637,2339.3818	387.47397,188.16481,2229.8848	165.32866,293.5579,2284.1726	
267.3016,137.51096,2433.0828	259.1454,186.70624,2416.478	221.79129,180.16241,2402.3704	194.42764,239.54814,2430.5513	259.1454,186.70624,2416.478	296.0659,193.17413,2430.5857	337.62192,233.0657,2375.0925	250.54672,237.15726,2402.255	217.96243,284.41672,2379.123	210.8075,384.40985,2428.2954	265.55133,291.97357,2396.9404	195.26294,480.06738,2438.3372	287.92218,395.02423,2352.0435	217.96243,284.41672,2379.123	320.68588,491.596,2344.176	380.1678,187.93942,2245.3853	165.64777,295.2855,2281.1448	
267.3578,137.74213,2424.6086	259.1405,187.24466,2413.6387	221.70984,180.6616,2397.7263	193.82578,241.19351,2425.7747	259.1405,187.24466,2413.6387	296.08087,193.74149,2429.551	333.20187,237.40163,2391.0454	250.58499,237.7974,2402.9976	218.09126,285.04422,2382.308	210.59926,384.52643,2435.0757	265.6158,292.52402,2402.4048	194.62897,480.06998,2443.2993	287.9465,395.33258,2357.8965	218.09126,285.04422,2382.308	320.84225,492.0475,2345.6716	374.4898,192.92204,2259.0898	164.95064,297.29242,2269.4734	
267.26962,136.9972,2428.3726	258.94574,186.41502,2414.3845	221.49777,179.7251,2395.8374	193.37216,241.6687,2424.8872	258.94574,186.41502,2414.3845	295.82275,193.00293,2432.9316	328.4784,239.9035,2406.0244	250.3691,236.92973,2401.965	217.7903,284.21298,2377.8328	209.76773,384.06052,2428.2754	265.38303,291.68942,2401.2585	194.22601,480.32526,2433.2156	287.76312,394.7918,2348.1921	217.7903,284.21298,2377.8328	321.18158,491.21014,2341.5183	369.77194,199.23996,2265.1833	165.16295,297.93658,2266.9326	
267.22968,137.32697,2422.2585	258.90237,186.98962,2411.6187	221.39182,180.30753,2392.183	193.8387,241.4259,2426.4424	258.90237,186.98962,2411.6187	295.81317,193.56488,2431.0542	323.8531,241.02267,2422.0125	250.36758,237.59326,2401.2407	217.85048,284.9174,2378.591	210.73915,384.50452,2432.2593	265.42276,292.31705,2403.1345	194.10078,480.34158,2437.9468	288.25153,395.16687,2352.6787	217.85048,284.9174,2378.591	320.10342,491.46088,2350.2817	368.82416,210.32791,2267.318	167.27827,297.27908,2265.5159	
267.6721,136.99939,2418.6946	258.99527,187.07823,2410.4485	221.4631,180.3636,2390.5283	194.11308,241.0685,2425.7212	258.99527,187.07823,2410.4485	295.9122,193.6828,2430.3687	321.56354,242.87914,2430.505	250.43039,237.71721,2402.2808	217.92801,284.9826,2381.535	210.17874,384.66876,2432.1606	265.43652,292.3819,2406.6912	196.30092,480.35687,2442.9443	288.12308,395.10974,2356.2625	217.92801,284.9826,2381.535	320.52557,491.25555,2352.0818	369.82617,225.41974,2264.7588	167.42992,296.74832,2269.2275	
267.20337,136.35373,2418.9172	258.709,186.59453,2410.0806	221.1491,180.00291,2390.3582	194.7875,240.53383,2428.8586	258.709,186.59453,2410.0806	295.65918,193.07913,2429.803	320.8985,245.33893,2434.751	250.3081,237.2722,2402.5193	217.97092,284.6254,2382.5044	209.50574,384.172,2433.5151	265.4903,291.87665,2407.4116	197.51566,480.80237,2437.4546	287.93484,394.79395,2351.0964	217.97092,284.6254,2382.5044	320.96304,490.71054,2349.3557	370.8114,241.58879,2256.778	167.37979,296.62317,2280.3826	
266.91357,136.31812,2425.5237	258.75516,186.16824,2411.8708	221.22726,179.63281,2392.9832	194.15268,241.57095,2425.4285	258.75516,186.16824,2411.8708	295.69983,192.60211,2430.7585	322.81912,247.77586,2428.3723	250.40878,236.7819,2400.6753	218.04907,284.2264,2377.553	209.98242,384.5572,2422.634	265.6816,291.4771,2401.4065	196.7156,480.74072,2433.1362	288.56787,394.6171,2343.257	218.04907,284.2264,2377.553	320.42136,490.86163,2345.4226	374.4247,257.96054,2260.1296	167.4473,299.0301,2278.9639	
267.05795,136.85449,2420.83	258.917,186.64845,2409.9995	221.36647,180.12276,2391.5894	194.23059,241.26027,2426.7148	258.917,186.64845,2409.9995	295.89816,193.07521,2428.4097	324.38916,249.2539,2420.1868	250.55643,237.32101,2400.8176	218.22304,284.73886,2380.0107	210.68748,384.46002,2431.1152	265.80905,291.99118,2403.2607	196.80089,480.45096,2439.7192	288.37057,395.0853,2346.9375	218.22304,284.73886,2380.0107	319.70023,490.7457,2354.4644	376.08484,272.2987,2273.7869	168.01477,298.6038,2280.7437	
267.44897,136.65979,2417.9817	259.06177,186.63286,2409.0896	221.53064,180.00516,2391.5828	193.65057,242.2916,2426.8613	259.06177,186.63286,2409.0896	296.05133,193.16493,2426.5964	326.26233,250.73172,2411.594	250.52434,237.30515,2400.9058	218.05072,284.5935,2381.667	210.1091,384.3003,2431.871	265.5867,292.02032,2403.7769	196.09792,480.5595,2437.7236	287.68243,395.1862,2347.9165	218.05072,284.5935,2381.667	320.49835,491.2724,2346.2903	377.38007,283.98468,2288.5227	168.272,300.9168,2282.92	
267.67868,136.27246,2425.0586	259.38336,185.96306,2411.8147	221.92175,179.36316,2395.7595	193.17215,242.92136,2427.9294	259.38336,185.96306,2411.8147	296.3495,192.47568,2427.8699	329.86163,250.31277,2399.7964	250.82382,236.54785,2400.9136	218.29895,283.83154,2379.874	210.84708,383.91284,2427.4844	265.87164,291.32486,2400.151	197.03012,480.0989,2435.9414	288.24533,394.66107,2341.427	218.29895,283.83154,2379.874	321.38776,490.83362,2340.9558	378.90308,292.12238,2299.3591	167.73456,302.12912,2283.5042	
267.93353,136.22461,2420.5986	259.58255,186.12512,2410.0996	222.1384,179.36752,2394.855	193.54431,243.00523,2426.4717	259.58255,186.12512,2410.0996	296.556,192.79776,2425.3442	331.93997,249.87529,2389.8972	250.7779,236.72327,2401.3494	218.07524,283.81342,2382.973	210.66397,383.57263,2432.799	265.55142,291.53854,2402.2253	197.08832,479.48303,2442.1897	287.5759,394.8922,2342.512	218.07524,283.81342,2382.973	320.19458,490.32132,2349.9626	379.95242,296.5203,2301.4734	167.4427,302.85126,2286.672	
267.60464,136.16003,2417.8662	259.4236,186.26125,2409.2476	221.98041,179.62761,2395.579	193.63773,243.16527,2426.2332	259.4236,186.26125,2409.2476	296.44434,192.82004,2422.916	334.60706,247.87244,2376.4487	250.72708,236.90588,2401.6826	218.16795,284.03152,2385.4863	210.58127,384.0622,2430.8765	265.61218,291.68207,2402.749	196.28549,478.9505,2448.7583	288.24902,394.95148,2339.9492	218.16795,284.03152,2385.4863	320.3506,490.52625,2348.8098	383.0458,296.77667,2307.2432	167.86353,303.76407,2284.1506	
267.40778,136.50656,2424.9968	259.42093,186.18619,2411.8186	222.06369,179.72235,2400.8208	193.82355,243.00175,2426.614	259.42093,186.18619,2411.8186	296.43906,192.59135,2422.8164	335.86023,244.69002,2364.2166	250.81998,236.77394,2401.8643	218.34813,283.9694,2384.9646	211.10822,384.49408,2425.271	265.80887,291.57404,2398.8552	195.9831,479.19583,2445.558	288.75952,394.935,2336.6833	218.34813,283.9694,2384.9646	321.15988,491.35925,2338.2256	385.97653,293.29507,2297.3127	165.1812,301.53833,2272.092	
267.63052,136.68448,2428.066	259.52274,186.1949,2413.3918	222.22037,179.82619,2403.999	194.853,241.4981,2428.8064	259.52274,186.1949,2413.3918	296.53592,192.51424,2422.7847	338.49985,240.76689,2351.606	250.9624,236.74585,2402.1445	218.5368,283.9715,2384.9663	210.40718,384.26562,2426.9946	265.9885,291.5545,2396.8281	197.5216,479.62524,2443.8179	288.96036,394.89056,2338.7437	218.5368,283.9715,2384.9663	321.1873,491.47504,2338.58	391.08582,287.32138,2285.352	165.39957,299.75534,2279.443	
267.09573,136.7911,2431.594	259.3925,186.12054,2414.808	222.1464,180.00565,2407.7234	194.61398,240.74593,2431.399	259.3925,186.12054,2414.808	296.42072,192.19968,2421.8928	340.59222,237.55927,2342.2927	251.04514,236.66054,2402.1577	218.83365,284.02805,2385.0334	210.94284,384.30914,2427.5037	266.2963,291.42944,2393.9812	196.71231,480.13828,2438.3347	289.4157,394.90125,2334.5964	218.83365,284.02805,2385.0334	320.6195,490.75693,2345.4158	397.48788,279.38788,2267.383	165.56271,298.63562,2283.357	
266.4777,136.91658,2432.862	258.9093,186.42087,2415.509	221.70541,180.44684,2410.033	194.46002,240.84662,2429.6978	258.9093,186.42087,2415.509	295.9449,192.36789,2420.985	341.40042,233.60475,2337.6436	250.66016,236.95897,2402.354	218.56522,284.39026,2385.7412	209.8693,383.73505,2437.0127	266.0065,291.7063,2392.6567	197.34532,481.3931,2428.0474	288.33646,395.33963,2336.273	218.56522,284.39026,2385.7412	320.80273,490.76862,2346.6646	401.47778,268.2317,2248.435	163.89423,297.78848,2280.9983	
265.8998,137.32074,2439.992	258.49252,186.27534,2418.477	221.38968,180.55101,2415.4124	194.95467,240.29865,2430.8484	258.49252,186.27534,2418.477	295.5014,191.98518,2421.5417	341.29654,229.90341,2336.3079	250.3789,236.71213,2401.6626	218.38791,284.27844,2382.9128	209.27121,383.94757,2431.598	265.8753,291.43597,2386.7834	198.36093,481.61725,2427.236	288.80032,395.10724,2333.349	218.38791,284.27844,2382.9128	320.93365,490.7463,2344.187	403.4635,254.6229,2230.4885	164.2468,295.80618,2279.9333	
265.80225,136.68604,2444.563	258.38773,185.4357,2421.361	221.36208,179.86748,2419.7131	194.32516,240.85802,2430.4248	258.38773,185.4357,2421.361	295.36298,190.99634,2423.009	341.4822,227.4404,2337.149	250.3548,235.7798,2402.353	218.44077,283.40015,2382.3044	210.45963,383.28094,2430.4707	265.926,290.45062,2384.3855	197.15892,479.79596,2434.577	288.82925,393.96927,2338.053	218.44077,283.40015,2382.3044	320.97403,489.93268,2344.1174	404.38507,241.05472,2216.3328	163.43776,295.83905,2278.201	
265.00656,135.78433,2438.8447	258.307,184.95285,2419.636	221.21689,179.82013,2418.585	194.99626,240.42932,2433.1982	258.307,184.95285,2419.636	295.36487,190.08112,2420.687	341.06818,226.21942,2339.5767	250.88339,235.45189,2402.6313	219.59883,283.41235,2384.9631	212.5676,383.3791,2431.99	267.0959,289.92752,2386.2903	197.9448,479.4111,2438.5896	289.54962,393.45874,2340.1404	219.59883,283.41235,2384.9631	321.65277,489.5539,2344.338	403.47263,227.81837,2208.7524	163.58412,294.1886,2279.9448	
264.50995,135.795,2435.9924	258.01294,185.1076,2418.9414	220.84546,180.03209,2416.5151	195.10892,240.21364,2432.5996	258.01294,185.1076,2418.9414	295.10596,190.17294,2421.3677	341.492,225.10667,2338.7927	250.77698,235.67339,2403.2617	219.668,283.7229,2386.05	212.09453,384.1881,2426.1594	267.19345,290.07968,2389.114	195.65744,478.79266,2444.3667	288.4714,393.8266,2340.5776	219.668,283.7229,2386.05	320.43726,490.15936,2342.8572	402.12906,215.45348,2199.9243	163.76973,293.065,2272.726	
264.2282,136.24612,2434.5696	257.9112,185.68468,2419.0217	220.62927,180.57301,2413.272	195.1229,240.22273,2433.805	257.9112,185.68468,2419.0217	295.01633,190.7721,2424.7715	341.76035,224.84265,2345.4026	250.83037,236.29205,2404.4824	219.82974,284.40533,2386.3118	212.76715,385.33508,2421.1973	267.4247,290.6156,2393.5745	195.31299,478.6225,2450.2998	289.0462,394.22888,2340.941	219.82974,284.40533,2386.3118	320.7019,490.1086,2348.0764	398.6556,204.83368,2197.3494	163.74706,292.54355,2272.0925	
263.47272,135.98062,2433.8562	257.41595,185.66417,2419.8066	220.08939,180.70332,2413.158	195.23438,240.11093,2436.4045	257.41595,185.66417,2419.8066	294.53796,190.59784,2426.4553	341.70944,224.26624,2355.705	250.59894,236.29892,2405.9028	219.86081,284.5359,2387.801	212.58597,385.23523,2424.5635	267.461,290.49823,2396.197	195.88037,479.48108,2446.1128	288.81345,394.1137,2341.596	219.86081,284.5359,2387.801	320.71915,490.3382,2344.5762	393.49686,196.24796,2192.8276	163.05428,291.11777,2266.8965	
262.39743,134.99944,2440.5012	256.62845,184.58916,2423.508	219.28761,180.07614,2416.4392	193.3378,242.06691,2434.2158	256.62845,184.58916,2423.508	293.7521,189.07593,2430.577	341.80276,223.73857,2361.344	250.40909,235.16739,2407.1895	220.20563,283.74094,2386.4072	212.93962,384.7619,2420.2021	267.91498,289.12115,2395.3345	196.25072,478.8294,2445.0142	289.34662,392.80548,2338.2039	220.20563,283.74094,2386.4072	320.33517,489.35062,2342.4072	387.27686,189.13474,2184.7246	162.33177,293.54395,2256.9487	
261.7273,134.67004,2444.3184	255.92322,184.08153,2425.7747	218.6387,179.65396,2419.7175	193.73688,241.0309,2438.6091	255.92322,184.08153,2425.7747	293.02203,188.48705,2431.8318	340.29178,224.52296,2375.1704	249.74051,234.59677,2408.3516	219.5838,283.17743,2387.1038	212.29405,384.19342,2420.7175	267.27527,288.51053,2394.7532	196.12991,477.53113,2452.1877	287.6169,392.30112,2341.9285	219.5838,283.17743,2387.1038	319.25177,489.30176,2338.1455	379.79736,185.04547,2190.475	162.44395,292.17206,2263.04	
260.6995,134.43182,2447.7236	255.24611,183.66872,2427.3325	217.98123,179.49045,2421.9922	193.52997,240.1603,2439.806	255.24611,183.66872,2427.3325	292.34738,187.82863,2432.6729	338.63016,225.688,2390.578	249.32474,234.1405,2408.081	219.39996,282.8909,2385.4575	213.46062,383.92908,2420.906	267.1485,287.95355,2392.2017	195.6067,477.8396,2445.002	287.85547,391.7689,2339.6948	219.39996,282.8909,2385.4575	319.40875,488.2862,2341.7363	373.60333,186.61543,2196.8906	162.4578,290.8396,2263.4575	
259.9983,134.8375,2448.927	254.68773,183.9267,2428.5593	217.4548,180.05261,2424.426	193.16452,240.07928,2439.9004	254.68773,183.9267,2428.5593	291.79413,187.7876,2432.6926	335.5913,227.50955,2406.78	249.0821,234.38661,2408.2942	219.4731,283.32794,2385.419	213.42465,384.18903,2422.8948	267.2374,288.07275,2390.6392	195.69377,478.26035,2445.3477	287.94473,391.8454,2341.8062	219.4731,283.32794,2385.419	319.4042,487.97113,2346.953	368.33377,188.88303,2206.2737	161.98463,292.48355,2271.5427	
259.47397,135.60588,2449.0544	254.46709,184.64551,2427.9583	217.07227,180.79407,2419.101	192.14738,240.63211,2441.9722	254.46709,184.64551,2427.9583	291.5901,188.46896,2436.8154	332.6161,228.44997,2423.41	249.17314,235.13666,2406.8726	219.75137,284.28696,2380.1917	213.90297,385.32187,2418.2437	267.7074,288.74316,2391.382	195.90692,479.46857,2441.1836	288.24234,392.57288,2341.4885	219.75137,284.28696,2380.1917	319.6705,487.8263,2354.5732	362.39685,192.27028,2208.9102	160.33157,292.21472,2266.4644	
258.7043,135.59491,2448.107	254.10257,184.83788,2428.277	216.60677,181.10168,2416.2546	190.91418,240.55179,2440.5002	254.10257,184.83788,2428.277	291.22888,188.53723,2440.2996	329.82108,229.76334,2435.7192	249.16794,235.36687,2407.6338	220.07333,284.69937,2379.3992	213.78555,385.15472,2423.933	268.06998,288.8272,2394.5818	196.13023,479.42035,2444.594	288.0851,392.5242,2347.5007	220.07333,284.69937,2379.3992	320.26636,487.79614,2355.8142	359.85974,197.40297,2213.8066	159.3777,292.32336,2257.1047	
257.78763,135.04715,2441.125	253.44434,184.5566,2426.353	215.85165,181.07974,2413.0261	190.54466,240.27275,2442.2456	253.44434,184.5566,2426.353	290.6263,187.99547,2439.68	327.1169,231.38115,2447.8762	248.97449,235.23444,2409.6191	220.3919,284.75983,2384.4712	213.49106,384.68527,2432.0388	268.32376,288.46927,2401.2993	197.05334,479.5662,2446.5	287.72736,392.09344,2350.6487	220.3919,284.75983,2384.4712	319.98972,486.90503,2361.7034	358.4481,203.32726,2223.5198	158.344,293.99707,2265.2073	
256.82526,135.23694,2444.641	252.93454,184.64664,2428.2021	215.29822,181.47571,2413.0098	191.07518,238.96223,2447.642	252.93454,184.64664,2428.2021	290.10284,187.77815,2443.3945	325.77072,232.07716,2458.4446	248.9773,235.29086,2409.7378	220.8493,285.09973,2381.6804	213.3465,385.38922,2425.8232	268.87592,288.32172,2400.8665	197.02649,480.89017,2437.296	287.8581,392.10608,2348.4758	220.8493,285.09973,2381.6804	320.49466,488.24615,2346.547	356.9805,209.13782,2228.5269	157.15111,292.67728,2273.7954	
256.39743,135.93036,2446.3945	252.71025,185.30118,2428.8013	215.03989,182.13503,2411.6655	190.35645,239.24661,2447.3247	252.71025,185.30118,2428.8013	289.85278,188.42294,2445.937	324.9856,232.7715,2462.7256	248.86517,235.93726,2409.7134	220.81902,285.82013,2379.8054	212.87221,385.87933,2426.785	268.88086,288.9297,2401.4456	196.19867,481.4421,2436.8708	287.0569,392.71225,2353.2185	220.81902,285.82013,2379.8054	320.4193,489.09967,2344.4524	356.24286,213.73743,2227.644	156.9512,293.6369,2278.1675	
255.69037,136.39024,2439.2634	252.3251,186.22723,2426.819	214.61412,183.2548,2410.2024	189.6596,239.38954,2449.6555	252.3251,186.22723,2426.819	289.52316,189.15924,2443.4358	324.4685,233.01486,2469.8662	248.71284,236.98363,2410.8345	220.95145,286.9701,2384.3582	213.35619,386.7049,2432.9954	268.94305,289.85245,2405.3416	195.93933,481.64688,2445.0918	286.80792,393.5049,2358.1206	220.95145,286.9701,2384.3582	320.17664,490.17892,2344.3772	353.88425,218.61023,2231.3093	156.61693,292.63135,2277.611	
254.80809,136.1827,2436.1946	251.61023,186.15009,2426.3628	213.90997,183.44128,2411.5798	188.9663,239.58032,2455.318	251.61023,186.15009,2426.3628	288.85388,188.82608,2441.1458	323.39185,234.1931,2477.9321	248.26822,236.96722,2412.476	220.83206,287.04565,2389.2544	213.43536,386.90356,2434.473	268.7565,289.68964,2407.9243	194.7508,479.89157,2459.791	287.05075,393.26147,2357.086	220.83206,287.04565,2389.2544	319.89865,490.12054,2343.9229	352.93442,225.80792,2237.682	155.47607,291.75134,2283.666	
254.45503,135.82126,2442.6643	251.24165,185.53355,2429.011	213.58005,182.92912,2414.6016	188.77776,239.55603,2461.1606	251.24165,185.53355,2429.011	288.45905,188.10725,2443.4204	321.4636,236.04901,2476.4624	248.00714,236.2488,2412.3228	220.64294,286.39618,2386.5361	213.13333,386.6748,2428.2866	268.62994,288.9354,2404.733	194.72525,479.81818,2455.1108	286.9562,392.77283,2349.2336	220.64294,286.39618,2386.5361	320.2468,489.1391,2342.971	352.2377,233.31393,2239.0564	154.92331,290.4364,2285.974	
253.98846,135.47314,2445.402	250.72015,185.15437,2431.0024	213.09422,182.55998,2416.9978	188.68423,239.6611,2464.081	250.72015,185.15437,2431.0024	287.91507,187.71906,2445.007	320.03375,236.74698,2477.2314	247.46469,235.79854,2412.855	220.0672,285.92896,2385.8645	213.04907,385.9289,2431.644	268.0753,288.48215,2403.5505	193.48477,480.05914,2447.0881	285.8961,392.3418,2351.724	220.0672,285.92896,2385.8645	319.84738,488.3747,2345.3965	352.03625,237.71959,2241.8394	154.61998,289.7174,2285.406	
253.2464,135.87115,2447.27	250.16325,185.3761,2432.0845	212.57175,182.9036,2419.1748	188.42064,239.83055,2468.04	250.16325,185.3761,2432.0845	287.3578,187.82248,2444.9941	317.3433,237.90865,2477.1135	247.00098,235.99881,2413.5503	219.70905,286.17105,2386.8643	213.61955,385.9165,2435.8076	267.7071,288.6306,2403.168	193.26892,480.84528,2441.448	286.62012,392.28064,2351.9915	219.70905,286.17105,2386.8643	319.12646,488.57184,2347.8672	351.69495,243.23672,2249.0073	154.43777,289.49744,2287.2588	
252.36917,135.15115,2447.695	249.55148,184.81543,2433.7417	212.01802,182.6521,2422.643	188.26263,239.79874,2469.5122	249.55148,184.81543,2433.7417	286.74414,186.95914,2444.8403	316.45984,238.83658,2474.5483	246.70674,235.41893,2415.394	219.77585,285.71136,2390.0376	213.65295,385.1611,2440.9182	267.7209,287.8765,2404.0552	194.03198,480.79785,2439.775	286.1187,391.41077,2357.5786	219.77585,285.71136,2390.0376	320.22354,487.47754,2347.4124	351.48444,248.46303,2248.532	154.59174,289.9075,2290.999	
252.06088,134.47939,2456.417	249.13788,183.85374,2438.8809	211.68335,181.67126,2427.8704	188.16422,239.78308,2474.256	249.13788,183.85374,2438.8809	286.25574,186.01663,2449.8914	315.19644,239.06775,2470.2751	246.23505,234.28522,2418.208	219.24664,284.48267,2390.5828	212.48604,384.55624,2433.7166	267.17868,286.68372,2404.4875	194.28677,479.08517,2447.2397	285.01596,390.1253,2362.3193	219.24664,284.48267,2390.5828	319.36682,486.66864,2343.8618	351.0872,252.65009,2248.4307	154.38582,289.4583,2294.7673	
251.68576,134.90463,2460.7837	248.68182,183.9763,2440.0977	211.32352,181.75658,2431.4668	187.19807,240.35297,2472.6301	248.68182,183.9763,2440.0977	285.7768,186.18039,2448.7285	313.72818,240.70535,2463.1458	245.52023,234.28484,2416.2126	218.2479,284.402,2386.8772	212.78574,384.6773,2430.65	266.23386,286.7884,2397.778	194.02396,479.80878,2439.3486	283.8381,390.5417,2356.6865	218.2479,284.402,2386.8772	318.67795,487.4986,2334.855	350.9392,257.99683,2242.7522	153.91824,291.79214,2297.3499	
251.38284,135.27568,2462.965	247.98259,184.1297,2441.169	210.71265,181.87668,2434.6052	186.87021,240.75793,2470.3186	247.98259,184.1297,2441.169	285.05264,186.37062,2447.7327	312.05655,241.17432,2459.0784	244.60037,234.37175,2415.9458	217.1265,284.399,2386.578	212.72919,384.35565,2434.9187	265.0839,286.94455,2394.8674	194.6461,478.85977,2448.9204	283.23474,390.46796,2360.2341	217.1265,284.399,2386.578	318.55786,486.85345,2340.9148	350.6463,261.39938,2243.3035	153.52661,293.60886,2298.1287	
250.91197,135.8439,2464.5527	247.42523,184.48456,2442.0906	210.21777,182.24641,2436.9158	186.50949,241.19556,2467.6611	247.42523,184.48456,2442.0906	284.47534,186.71324,2447.2654	312.84448,241.76389,2451.5405	243.94366,234.68823,2416.169	216.39145,284.67694,2386.9797	213.41565,384.58636,2436.5037	264.31616,287.2811,2393.515	194.52954,479.47888,2445.227	284.2318,390.48694,2359.7014	216.39145,284.67694,2386.9797	317.93607,486.87796,2346.6252	350.58975,266.29263,2236.7344	153.2039,295.13684,2298.1375	
250.05884,135.9625,2464.8455	246.7689,184.64146,2441.9595	209.60722,182.47711,2438.1436	186.92152,241.99457,2470.8296	246.7689,184.64146,2441.9595	283.81464,186.79906,2445.7754	312.76956,242.41295,2447.77	243.26344,234.82411,2415.1807	215.69379,284.838,2385.9924	213.34975,384.68558,2437.0354	263.61664,287.4235,2390.8113	194.54057,479.98203,2442.1934	283.90555,390.4403,2362.5933	215.69379,284.838,2385.9924	318.5259,487.255,2339.8499	350.11218,270.07703,2234.9038	151.91757,296.02466,2298.1265	
250.07858,135.59647,2467.4895	246.60461,184.368,2443.394	209.5979,182.42352,2442.7954	187.43895,241.9251,2473.9133	246.60461,184.368,2443.394	283.59317,186.31152,2443.9927	311.78537,242.8581,2444.8813	243.13626,234.48918,2415.6216	215.67242,284.5358,2387.4712	213.37305,384.56122,2435.9634	263.49448,287.01636,2388.227	195.57605,479.08014,2449.9673	284.26468,389.79163,2365.6108	215.67242,284.5358,2387.4712	318.79626,486.8165,2339.52	349.8035,272.19354,2235.9854	151.20926,296.60254,2297.8667	
249.96976,135.41898,2466.3142	246.38919,184.40433,2443.263	209.35657,182.43172,2442.2097	187.84259,242.00832,2475.9578	246.38919,184.40433,2443.263	283.38992,186.37523,2444.3162	310.58408,242.49133,2442.4392	242.91595,234.5317,2415.5654	215.43988,284.57602,2387.2031	213.26614,384.79327,2433.7092	263.27112,287.06714,2388.5327	195.19066,479.4236,2447.19	283.78244,389.68478,2370.1038	215.43988,284.57602,2387.2031	319.00003,486.36493,2342.7395	346.56107,275.66443,2238.9426	149.91386,297.82114,2302.024	
249.4523,135.7473,2466.7273	246.1583,184.74405,2443.4783	209.1412,182.77518,2442.7566	187.74918,241.23569,2477.9832	246.1583,184.74405,2443.4783	283.15353,186.71173,2444.2	310.90378,242.90465,2435.2188	242.65796,234.8644,2415.606	215.15813,284.9022,2387.2778	212.70204,384.82843,2436.8315	262.9845,287.4071,2388.1895	196.21988,479.98486,2447.1094	283.7017,390.01074,2369.6992	215.15813,284.9022,2387.2778	319.00653,486.80518,2341.0122	344.5593,280.43323,2238.1426	151.31107,298.13516,2300.438	
249.21777,135.63112,2466.4314	245.91125,184.7901,2443.4338	208.90692,182.89633,2443.116	188.45212,241.1978,2479.991	245.91125,184.7901,2443.4338	282.90594,186.68338,2443.7517	311.41425,243.2325,2430.1091	242.48439,234.91943,2415.6704	215.06903,284.99942,2387.7063	212.4914,385.20477,2433.8005	262.88263,287.42926,2388.1077	197.02309,479.9439,2450.2935	284.23526,389.8026,2371.6504	215.06903,284.99942,2387.7063	319.15332,486.95697,2339.3953	343.69427,283.63605,2234.2883	150.0713,298.7135,2306.671	
248.98831,136.44885,2467.2913	246.0221,185.4064,2443.0867	208.93492,183.65079,2441.154	188.85677,241.06296,2482.0022	246.0221,185.4064,2443.0867	283.05066,187.15926,2445.0193	310.5761,244.12025,2420.5598	242.89383,235.5509,2414.9302	215.72263,285.79593,2385.5532	212.99518,386.11734,2431.127	263.6364,287.95996,2387.9941	197.66992,481.31464,2444.8335	285.01053,390.2564,2373.1973	215.72263,285.79593,2385.5532	319.81375,487.6084,2338.399	343.49423,288.33447,2238.2502	149.30688,299.089,2317.0837	
248.71942,136.1417,2474.2144	245.96048,184.98306,2445.911	208.91983,183.39258,2444.2544	189.04692,241.22543,2485.006	245.96048,184.98306,2445.911	282.95102,186.57141,2447.5674	310.15308,244.56741,2415.7742	242.94391,234.94586,2414.3496	215.84198,285.24603,2381.7422	212.42792,385.8174,2425.981	263.83185,287.21753,2383.8345	197.06259,480.58844,2445.062	284.40607,389.92126,2367.8914	215.84198,285.24603,2381.7422	319.86484,487.24283,2333.4373	343.13184,291.2058,2242.3813	151.30841,300.92947,2328.1626	
248.06833,136.38388,2470.1755	245.5398,185.32648,2444.2122	208.47858,183.79955,2442.76	188.44151,241.88962,2482.0022	245.5398,185.32648,2444.2122	282.55698,186.8516,2445.6643	310.5348,244.91238,2412.3882	242.63123,235.38991,2414.1829	215.66061,285.76526,2383.2366	212.60022,385.429,2436.781	263.61978,287.663,2385.0706	196.79623,480.912,2445.061	283.63528,390.08975,2375.3013	215.66061,285.76526,2383.2366	318.9219,487.0315,2341.9812	342.92776,293.87268,2243.227	150.26933,301.91678,2325.2156	
247.15146,136.60547,2476.1458	244.8243,185.29547,2447.2642	207.90883,184.1731,2448.1692	188.56252,242.33429,2481.9941	244.8243,185.29547,2447.2642	281.7671,186.41869,2446.3591	310.35034,244.9747,2407.1765	242.23152,235.25246,2415.7017	215.63705,285.7802,2384.7107	212.76294,385.74084,2434.5115	263.51465,287.2845,2383.5676	196.79916,481.02344,2445.2966	283.41974,389.73624,2375.0754	215.63705,285.7802,2384.7107	319.67563,486.9978,2332.9216	342.97366,295.57367,2243.7273	151.74783,302.86365,2329.8035	
247.33298,136.07849,2479.6497	244.59875,184.79388,2449.2195	207.81825,183.64555,2452.234	188.59837,242.9066,2481.5012	244.59875,184.79388,2449.2195	281.46988,185.94504,2446.205	309.31247,244.88097,2407.095	241.76245,234.65805,2416.5986	214.98172,285.06088,2385.8813	212.22067,384.99588,2435.7493	262.75354,286.7141,2382.0742	196.21558,480.07574,2447.9436	282.46844,389.37604,2371.6414	214.98172,285.06088,2385.8813	319.09515,486.0141,2337.2407	342.09842,296.2205,2250.1677	152.46303,303.3396,2329.8845	
247.50986,136.39053,2480.8904	244.95294,184.93405,2449.2231	208.13123,183.68555,2451.4111	188.6811,242.96336,2480.2498	244.95294,184.93405,2449.2231	281.84048,186.18481,2447.0352	308.33417,245.42259,2410.547	242.03018,234.7749,2415.9858	215.12352,285.1371,2384.1301	213.48703,385.57294,2429.5364	262.956,286.87637,2381.367	196.10147,479.3051,2452.7354	283.4362,389.2016,2374.8184	215.12352,285.1371,2384.1301	319.3686,486.43866,2334.6267	341.60693,296.36478,2251.964	152.76987,303.59155,2331.5703	
247.06735,136.38185,2473.5308	244.38345,185.0658,2445.813	207.77344,183.89957,2452.694	188.90263,242.9992,2480.6394	244.38345,185.0658,2445.813	281.20007,186.23859,2438.932	308.67395,245.57567,2408.2869	241.31001,235.0833,2415.749	214.43726,285.42117,2390.032	212.2826,385.45288,2437.0662	261.96756,287.3051,2381.3381	195.30429,479.49298,2456.0278	282.66388,389.66232,2373.5334	214.43726,285.42117,2390.032	318.32718,486.88794,2335.7302	340.86197,297.32697,2249.052	152.9916,303.7372,2332.7666	
247.21994,135.68817,2477.3335	244.43869,184.62599,2447.2415	207.8894,183.4386,2454.9485	188.8746,243.12106,2482.82	244.43869,184.62599,2447.2415	281.21893,185.82088,2439.5344	308.70013,246.14523,2404.6455	241.20575,234.54912,2415.637	214.18857,284.8195,2388.898	211.94469,385.53992,2428.3909	261.6826,286.77625,2379.167	196.25656,479.74158,2450.9011	283.1327,389.1211,2370.4663	214.18857,284.8195,2388.898	319.42896,486.06686,2334.879	340.61853,298.20184,2248.6523	153.06743,303.94238,2333.9612	
246.7532,136.18172,2479.2383	244.26376,184.80627,2447.9517	207.67563,183.80963,2454.9724	189.93172,243.53001,2484.4146	244.26376,184.80627,2447.9517	281.06232,185.80867,2440.931	308.2404,246.3072,2403.8218	241.29712,234.68475,2415.1504	214.49854,285.10165,2386.782	212.92572,385.9177,2426.5232	262.08762,286.77493,2377.9163	197.0815,480.32712,2447.7903	283.80368,389.0861,2369.8762	214.49854,285.10165,2386.782	319.99982,485.9948,2335.6511	339.59988,298.6745,2252.253	153.07529,303.86353,2334.2632	
