282.0431,132.34224,2507.5486	281.44653,180.21819,2497.4253	245.2991,179.58844,2489.5361	237.82535,239.27516,2386.8547	281.44653,180.21819,2497.4253	317.36633,180.84396,2505.3145	343.74738,237.72522,2513.1924	280.8415,229.2652,2496.038	257.47824,278.16614,2489.6843	254.13797,379.02612,2426.2205	302.9028,278.56662,2499.6174	250.63507,466.21936,2509.0063	306.67603,379.20618,2421.6624	257.47824,278.16614,2489.6843	313.7211,474.49918,2438.8835	335.89145,234.23521,2210.7876	268.4294,238.0511,2544.3923	
280.6963,132.8938,2493.6643	280.94937,181.18169,2489.508	244.77911,181.20467,2485.6663	239.81578,235.6113,2387.046	280.94937,181.18169,2489.508	317.00815,181.15878,2493.3499	342.9186,238.49496,2497.5898	281.15863,230.37526,2494.9758	258.7029,279.46317,2498.0244	254.33496,380.04794,2431.769	303.98718,279.24445,2502.8628	252.00514,467.09094,2514.5366	307.22812,379.80728,2423.9543	258.7029,279.46317,2498.0244	314.75623,474.4235,2446.266	332.34464,236.96257,2197.5862	285.7984,216.3074,2477.0745	
279.07562,133.90088,2487.205	279.81317,182.22232,2484.4006	243.7822,182.82317,2486.9583	239.61465,236.7126,2387.0232	279.81317,182.22232,2484.4006	315.91843,181.62024,2481.843	343.76498,238.0697,2477.7488	280.7163,231.50652,2492.75	259.05856,280.77454,2502.7104	252.93567,381.25247,2429.7627	304.1973,280.1484,2499.4883	251.80307,468.7724,2509.6648	306.47168,380.92212,2419.6748	259.05856,280.77454,2502.7104	314.83835,476.1098,2437.5186	329.20975,239.28117,2180.9104	290.12866,206.85649,2378.8584	
277.2541,134.66412,2483.9482	278.5998,183.07748,2480.4893	242.84091,184.40207,2490.3225	237.51218,236.68954,2392.5764	278.5998,183.07748,2480.4893	314.64334,181.74234,2470.656	343.27475,237.73141,2452.7944	280.38562,232.41672,2489.4912	259.75372,281.98688,2504.6873	253.16815,382.46942,2428.353	304.6748,280.81107,2492.299	252.54935,470.2381,2506.7139	307.66763,381.80725,2417.4568	259.75372,281.98688,2504.6873	315.20377,477.53638,2431.626	322.07022,240.57625,2164.6475	285.2156,204.11887,2296.5508	
274.9575,135.57738,2482.2173	277.11996,183.96826,2476.2778	241.98141,186.35211,2496.773	234.76086,237.61292,2399.354	277.11996,183.96826,2476.2778	312.845,181.54462,2455.7827	342.0581,236.34953,2415.7163	280.18118,233.32776,2484.4968	261.10944,283.35223,2505.6409	253.4572,383.82565,2426.717	305.56555,281.36096,2479.7908	255.66782,471.6981,2504.446	308.5877,382.89758,2405.4883	261.10944,283.35223,2505.6409	315.34384,477.79672,2431.6577	310.3323,241.15558,2149.0664	274.32706,207.30876,2241.7244	
272.04605,136.89423,2489.3237	275.16748,184.59763,2475.4146	240.98544,188.27435,2507.441	223.42508,238.14542,2403.9192	275.16748,184.59763,2475.4146	310.24557,180.82452,2443.3882	339.53033,235.03062,2374.6057	279.51663,233.8653,2477.5596	262.17096,284.5777,2499.8975	252.67761,385.1914,2421.2275	305.90173,281.4926,2459.5117	257.4807,473.99536,2492.7192	308.3844,383.65472,2396.216	262.17096,284.5777,2499.8975	314.6221,478.2764,2428.3186	298.3881,241.05928,2131.8354	228.70938,223.85966,2149.1768	
267.68695,138.08707,2501.6296	271.00574,185.05023,2477.5933	240.06824,190.39687,2534.569	210.21783,238.23758,2379.9685	271.00574,185.05023,2477.5933	303.39963,179.45192,2420.6174	336.50055,233.67052,2329.3894	276.59177,234.06163,2471.263	262.0489,285.3525,2501.2722	250.32819,385.4134,2434.7563	302.96735,281.23633,2428.593	258.04138,476.3194,2483.4346	304.43124,384.51508,2373.8481	262.0489,285.3525,2501.2722	311.12372,479.02884,2413.881	282.52914,234.15132,2132.5083	227.87558,223.95432,2141.694	
264.504,139.08208,2517.286	267.18826,184.86417,2481.6702	239.74158,191.73889,2559.6135	205.58661,239.01747,2522.3699	267.18826,184.86417,2481.6702	296.41495,177.54362,2403.7268	320.9994,228.2712,2266.7256	272.55923,233.45592,2460.7559	260.06613,285.3954,2488.8345	247.99895,386.00388,2421.827	296.71436,280.26297,2390.8486	257.73386,478.89896,2456.7397	300.6267,384.3031,2359.5393	260.06613,285.3954,2488.8345	309.08423,478.3547,2406.7437	255.4668,225.45,2123.6077	213.90009,232.25223,2266.9111	
262.00604,140.1485,2532.129	263.93738,185.09341,2490.238	241.30463,193.0618,2589.7205	211.4655,247.62895,2560.0889	263.93738,185.09341,2490.238	288.45364,176.4619,2390.7556	303.19885,221.98097,2224.5588	269.0838,233.37463,2462.5303	259.2388,285.52075,2497.7622	248.9473,385.57236,2442.5728	290.2578,279.84186,2371.8828	260.02902,478.60516,2468.6187	296.099,382.77124,2371.1694	259.2388,285.52075,2497.7622	309.7357,476.05322,2415.6636	230.78925,222.01892,2132.2512	215.56532,252.63776,2290.4915	
260.61957,140.69493,2549.2908	261.9587,184.85217,2502.7205	247.43541,193.84308,2625.2085	210.79918,248.87111,2622.0542	261.9587,184.85217,2502.7205	277.97678,174.93591,2380.2324	284.2626,217.04034,2196.7139	266.5669,232.67972,2467.8774	261.2409,284.88083,2511.8984	252.00522,384.63013,2450.0315	282.04764,278.67215,2354.1704	262.90668,479.3817,2456.6023	291.43427,382.12982,2354.6433	261.2409,284.88083,2511.8984	308.93094,473.18024,2416.4827	209.3153,218.30731,2155.4282	213.2528,252.43927,2355.0347	
259.92386,141.82536,2568.337	261.95126,185.30743,2518.77	256.63174,194.4973,2656.4255	229.35538,248.31534,2655.961	261.95126,185.30743,2518.77	267.88583,175.05502,2381.1145	265.671,213.44188,2178.2542	266.13403,232.7537,2480.5642	266.57123,284.5081,2530.6155	255.5536,383.55325,2457.2788	274.6148,278.64886,2354.1013	265.02994,479.65198,2448.3594	287.6734,382.1944,2346.2026	266.57123,284.5081,2530.6155	311.3828,469.43298,2427.2163	192.6293,213.92049,2192.4993	229.82373,261.50885,2385.9556	
260.0786,143.28543,2576.1594	262.77814,186.52184,2523.7427	260.6362,196.061,2668.7632	238.65872,251.92886,2669.5999	262.77814,186.52184,2523.7427	265.1812,175.81955,2378.7222	246.21338,211.06473,2172.182	266.66144,233.82796,2483.1836	269.0151,285.48727,2531.3652	252.69385,383.95715,2441.6963	272.45737,279.71317,2353.8838	261.22272,482.0513,2418.4285	287.23926,384.1736,2318.4087	269.0151,285.48727,2531.3652	320.37628,466.00995,2419.941	179.546,211.24666,2247.6628	237.03159,273.9763,2406.888	
260.44714,143.12338,2589.2363	261.7316,185.54984,2531.0227	262.9439,196.27463,2678.7783	227.57278,259.14758,2719.3972	261.7316,185.54984,2531.0227	260.36896,173.49524,2383.267	233.25443,207.81091,2159.6948	264.3703,232.30135,2481.9336	267.71927,284.543,2524.6953	250.02206,383.20132,2431.7854	266.4644,277.05328,2340.9937	256.52338,483.01984,2394.237	278.35187,382.97485,2295.7737	267.71927,284.543,2524.6953	320.77188,463.17957,2390.1165	172.67018,209.16858,2287.5173	221.20598,273.1098,2474.4248	
260.71252,142.48392,2596.1743	260.2336,184.65454,2536.5786	265.7116,195.87506,2684.3794	222.18915,257.53445,2770.9805	260.2336,184.65454,2536.5786	254.07773,172.04555,2388.7778	220.55228,206.04784,2158.2788	260.45288,231.1165,2483.1538	264.31717,283.6159,2522.3086	249.33273,382.7294,2434.127	256.75848,275.311,2337.1494	252.66936,483.19922,2389.355	266.05505,381.86053,2289.5093	264.31717,283.6159,2522.3086	320.90164,457.40298,2368.0151	167.69713,210.14752,2337.4734	215.068,268.0432,2512.5403	
261.14362,143.1413,2598.672	259.85318,185.62257,2541.8545	268.709,196.63771,2688.6091	217.80737,255.35379,2829.2314	259.85318,185.62257,2541.8545	249.91211,173.25757,2395.0999	206.14493,204.98434,2170.7078	259.37445,232.07431,2488.5464	264.81534,284.4492,2527.219	255.34595,383.81152,2443.6968	252.46777,276.36493,2343.2576	255.46536,484.82083,2387.2253	260.37064,383.076,2283.7322	264.81534,284.4492,2527.219	327.31433,451.97293,2341.9968	164.31477,211.05971,2391.142	211.72179,264.03513,2563.7095	
261.40945,142.1864,2600.439	259.57745,185.2347,2546.6165	271.49445,195.83421,2690.988	241.5527,242.93294,2769.4	259.57745,185.2347,2546.6165	246.22803,173.36115,2402.2449	199.01944,204.46368,2176.9375	258.3141,231.74554,2495.4504	265.03418,283.87296,2534.9438	256.591,383.14258,2440.6987	248.34244,276.25162,2353.625	253.41602,484.313,2383.8115	258.80756,382.25464,2291.0408	265.03418,283.87296,2534.9438	328.6556,454.73523,2294.2166	173.59947,210.36917,2306.7927	234.07544,259.43134,2500.1396	
261.41858,141.66223,2592.7808	259.36682,185.52611,2544.6147	275.69366,195.0651,2681.5579	250.64163,246.6215,2744.8835	259.36682,185.52611,2544.6147	241.1827,174.90201,2407.6716	195.53355,204.20746,2179.969	257.75485,232.33757,2497.868	267.1114,284.05515,2537.7852	259.85175,383.3374,2431.8906	244.24289,277.58524,2364.457	252.51843,484.92804,2371.7512	256.25925,383.0578,2293.4358	267.1114,284.05515,2537.7852	325.95148,459.84702,2237.4736	176.32129,210.62636,2282.2825	241.48088,271.29517,2486.7092	
261.79202,140.07635,2588.4802	259.47458,184.43495,2543.4114	279.23907,193.31314,2672.499	258.54425,247.91438,2723.3296	259.47458,184.43495,2543.4114	237.59656,174.60739,2414.3237	209.32382,193.76344,2248.9912	257.35776,231.41481,2499.843	268.39594,282.88263,2537.4631	259.6343,381.84842,2412.7322	241.03128,277.04703,2375.0862	249.51688,482.83197,2368.1406	254.46541,381.87738,2288.922	268.39594,282.88263,2537.4631	325.82724,458.67032,2183.6836	173.542,212.9762,2292.563	248.35484,279.49103,2479.2932	
261.46454,138.69196,2577.748	259.4071,183.8661,2537.623	282.6248,191.70393,2655.9692	265.6203,248.53587,2696.633	259.4071,183.8661,2537.623	233.91794,175.26146,2419.2769	212.28146,187.44008,2302.39	257.17606,231.1638,2498.6023	270.3399,282.31046,2534.1497	261.9105,381.49182,2409.573	238.44138,277.46713,2385.0134	247.83685,483.1001,2352.369	248.0261,382.37195,2286.8132	270.3399,282.31046,2534.1497	310.4838,448.4837,2159.5378	169.40042,215.28256,2314.3884	254.89107,286.06213,2468.4773	
262.25046,138.80792,2574.5205	259.69138,183.94197,2532.421	286.04483,191.59978,2636.6423	272.1314,250.07228,2669.1167	259.69138,183.94197,2532.421	231.07568,175.62679,2428.1995	211.02722,185.87326,2324.2642	256.68625,231.23936,2491.7473	271.13818,282.65247,2516.7473	268.285,381.90167,2368.8367	235.05789,277.42035,2385.4001	248.94843,480.4677,2351.4841	222.68912,379.5747,2318.0913	271.13818,282.65247,2516.7473	290.16315,438.25635,2139.692	167.00487,218.3179,2342.099	261.2495,292.7796,2457.6155	
261.3249,137.94962,2561.701	259.27502,183.19249,2522.7231	288.3119,189.8601,2613.178	276.96167,249.67679,2639.0925	259.27502,183.19249,2522.7231	228.0784,176.02895,2432.2683	209.10648,188.4048,2344.978	256.22446,230.83882,2485.898	272.34296,282.10376,2506.1953	250.02487,379.08533,2472.6077	232.90143,277.62787,2391.9502	314.90277,442.79077,2246.3645	210.17207,374.02063,2360.066	272.34296,282.10376,2506.1953	271.0576,437.23822,2144.0513	166.27348,221.45026,2373.0142	266.10312,296.68704,2444.327	
262.02557,137.74873,2547.4556	259.3971,183.49936,2512.6357	290.3552,189.81293,2590.947	281.12415,250.66626,2611.6223	259.3971,183.49936,2512.6357	226.44717,176.77959,2434.3245	204.10318,194.59384,2350.536	255.52539,231.43242,2479.1501	271.94427,282.88565,2494.9705	255.58969,380.26025,2387.9172	230.31174,278.37967,2396.3586	244.51001,480.56903,2339.093	202.25882,368.8515,2383.894	271.94427,282.88565,2494.9705	251.50108,440.47034,2142.5942	166.6156,226.46455,2408.085	270.49442,301.39218,2433.1978	
261.351,137.05864,2539.186	258.39053,182.78073,2503.0452	291.1756,188.36238,2566.0154	283.68024,250.15907,2582.512	258.39053,182.78073,2503.0452	223.91333,176.91101,2440.075	202.50723,193.96341,2371.6729	254.42001,230.9569,2471.1428	271.88828,282.47433,2478.9746	247.51578,379.9688,2385.5984	228.08951,278.24323,2399.5063	240.91727,482.8324,2318.7727	208.99817,375.18805,2374.565	271.88828,282.47433,2478.9746	233.63577,458.80756,2102.5532	168.39487,229.54793,2442.793	273.33774,303.9759,2419.7231	
259.23746,135.7667,2526.4175	256.3903,182.05762,2492.2544	290.71283,186.39998,2537.7944	284.63223,249.11742,2550.96	256.3903,182.05762,2492.2544	220.7901,177.55359,2446.7144	199.72946,190.84984,2392.5823	252.83337,230.58374,2463.7256	271.59277,281.92456,2463.944	247.15628,380.7885,2381.1902	226.25833,278.52908,2406.4495	242.50119,484.36737,2317.7424	208.37386,377.07584,2394.423	271.59277,281.92456,2463.944	215.63559,468.21216,2118.1792	170.72417,232.27957,2452.8198	274.60028,305.60333,2402.912	
256.71866,134.74313,2520.0447	254.086,180.91351,2482.934	289.33636,184.38033,2517.038	284.42535,247.76894,2527.5483	254.086,180.91351,2482.934	217.85384,177.35011,2448.83	195.75244,193.20103,2414.1255	251.04039,229.59662,2453.1196	270.75397,280.855,2444.7112	245.84694,380.57394,2375.2766	224.67868,278.0757,2401.8992	243.6103,484.84137,2310.6316	206.1191,377.85687,2391.1477	270.75397,280.855,2444.7112	197.43835,475.34894,2133.738	170.60886,236.34373,2469.8618	274.7747,306.35187,2393.2454	
254.87411,135.19229,2525.37	252.50925,180.52696,2479.4116	288.28644,183.20244,2503.309	284.3322,247.03706,2511.702	252.50925,180.52696,2479.4116	216.03564,177.79941,2455.5142	194.63663,194.12787,2432.9749	249.88718,228.9914,2442.7778	270.45398,280.05905,2421.155	247.06085,380.67093,2371.77	223.62445,277.78992,2391.133	244.43521,485.45038,2304.6104	205.28026,378.29977,2386.6108	270.45398,280.05905,2421.155	183.3962,479.14764,2167.3035	171.4479,238.44987,2502.6726	275.1725,307.25748,2390.1086	
252.52246,136.29172,2519.0188	251.07426,181.69632,2471.2947	287.23352,183.29077,2488.135	284.04913,247.57556,2494.839	251.07426,181.69632,2471.2947	214.41881,180.07999,2454.4543	192.81345,192.85733,2448.8916	249.31332,230.25421,2432.2483	271.02365,280.999,2403.7812	248.5222,381.33893,2381.7048	223.7573,279.78882,2382.6226	246.45638,486.10724,2309.2725	204.75525,380.2366,2387.016	271.02365,280.999,2403.7812	174.59634,482.09637,2200.4683	179.70935,238.61375,2513.9785	275.40875,309.2608,2384.923	
250.77132,137.36597,2508.0693	247.59009,183.08714,2465.3062	282.99536,183.96481,2453.2808	280.4181,249.20088,2458.6372	247.59009,183.08714,2465.3062	212.52858,182.218,2477.3315	192.60675,195.67972,2462.4932	244.15076,231.78352,2427.4976	263.72272,282.9115,2382.057	243.76547,382.74536,2382.778	217.62964,281.13583,2397.321	240.78275,487.716,2307.7651	197.61633,380.473,2399.2944	263.72272,282.9115,2382.057	161.6191,481.5226,2235.3445	180.7604,242.5304,2521.667	272.11032,312.6962,2359.397	
248.20737,138.63089,2502.4058	244.91711,184.58879,2460.9155	278.99194,183.75903,2425.063	276.91147,249.78145,2429.3435	244.91711,184.58879,2460.9155	211.82085,185.39471,2496.768	165.5498,228.84766,2511.4338	241.6391,233.45311,2423.6904	260.27606,284.25504,2363.819	247.67355,384.52423,2387.8826	216.65552,283.43643,2409.1116	245.78278,489.60718,2308.3655	198.61172,384.0019,2394.3914	260.27606,284.25504,2363.819	161.70299,486.12665,2237.1062	154.77144,286.5292,2589.6584	269.00073,314.70303,2339.8267	
245.92523,139.58743,2499.453	243.0976,185.57501,2455.1072	275.6859,182.76462,2401.388	274.00867,249.45755,2404.8096	243.0976,185.57501,2455.1072	211.90485,188.26505,2508.8264	175.04309,237.39441,2554.6033	240.44508,234.42484,2414.2231	258.64868,284.57883,2339.5725	251.24872,385.37354,2379.686	217.34137,285.3259,2407.1057	248.6489,490.59473,2304.7114	199.42703,386.55414,2387.468	258.64868,284.57883,2339.5725	160.8678,489.27243,2224.6165	166.81401,294.4964,2633.1157	266.54968,315.5163,2324.122	
244.19336,141.80444,2499.0986	240.90253,187.30064,2448.4915	272.67896,183.13933,2385.6497	271.33105,250.28409,2388.385	240.90253,187.30064,2448.4915	210.71642,191.2537,2511.3333	197.4262,200.64992,2533.6829	238.48657,236.03963,2402.2285	256.36816,285.69836,2316.6428	253.87326,385.9438,2377.4375	216.25288,287.65448,2395.2883	248.3718,491.0063,2305.4333	198.22319,388.37698,2392.2415	256.36816,285.69836,2316.6428	156.9124,490.4195,2218.5508	194.78516,237.3982,2533.4456	264.357,317.18616,2315.6965	
243.1063,143.39925,2498.057	239.18521,188.40413,2442.3538	269.74057,183.25175,2369.9507	268.65738,250.84964,2372.1377	239.18521,188.40413,2442.3538	210.38933,193.25981,2514.7568	191.18086,198.65808,2565.76	236.05904,236.90909,2389.9275	252.50179,286.21213,2292.0437	255.50623,386.12445,2367.8464	213.83542,288.91495,2382.9587	247.39136,490.98822,2303.0437	198.24902,388.87305,2402.0176	252.50179,286.21213,2292.0437	154.66042,489.77417,2219.0808	189.38815,242.26093,2499.6257	262.15814,318.49435,2306.683	
242.9315,145.88625,2496.9797	238.76263,190.9667,2442.2668	265.01337,184.07108,2349.5713	264.1425,252.26042,2351.32	238.76263,190.9667,2442.2668	214.4317,197.35806,2534.9624	175.44012,225.55067,2676.3955	235.56522,239.53883,2389.6802	249.28357,288.34302,2278.1057	259.3732,386.5407,2370.9092	216.00424,292.1544,2396.0813	249.27972,491.30127,2303.9124	206.24316,389.59543,2444.094	249.28357,288.34302,2278.1057	160.5452,487.07202,2245.756	171.4837,284.0824,2593.7087	258.0425,320.7385,2292.3984	
243.4969,148.77441,2497.5159	238.58087,194.11987,2439.48	261.79675,186.10255,2333.999	261.0971,254.74992,2335.3975	238.58087,194.11987,2439.48	217.28946,201.4726,2544.961	185.78232,240.41766,2681.1675	234.91351,242.68465,2384.8315	245.88257,291.2457,2263.953	262.89786,388.7984,2360.5618	217.08427,295.68286,2396.4133	249.53207,494.39307,2283.8853	206.70172,393.8546,2437.3242	245.88257,291.2457,2263.953	157.63986,490.3311,2226.6526	181.43274,299.6213,2605.5984	255.43347,323.88654,2282.3691	
244.54291,151.1077,2488.6516	238.0473,195.91771,2429.368	261.77997,188.8728,2323.3096	261.2176,257.83804,2324.428	238.0473,195.91771,2429.368	216.30014,202.37323,2535.4263	191.16866,249.22208,2657.9927	232.53711,244.59583,2374.538	241.72717,293.96704,2253.4233	264.20428,391.1762,2349.266	212.637,297.09384,2385.9932	249.22754,497.17587,2273.3228	202.84406,396.359,2421.269	241.72717,293.96704,2253.4233	149.5907,492.1814,2212.9111	186.4729,309.43106,2589.358	256.047,327.44638,2276.712	
245.42279,153.38782,2484.3164	238.02359,197.76804,2424.56	261.05414,190.83856,2314.8914	260.6028,260.05658,2315.786	238.02359,197.76804,2424.56	216.98636,204.09775,2534.2288	197.09366,256.2596,2640.2126	231.40015,246.4371,2368.623	238.94418,296.0326,2243.8923	267.91388,392.80695,2333.6526	210.80539,298.8059,2381.4797	250.05353,499.2129,2257.0728	208.8379,397.6936,2426.6912	238.94418,296.0326,2243.8923	152.86644,491.6614,2224.9617	192.26353,317.21603,2578.169	255.87918,330.00644,2272.8552	
246.95772,156.45268,2483.1245	239.00105,201.40805,2418.3782	260.8091,193.87871,2304.331	260.44644,263.4152,2305.0466	239.00105,201.40805,2418.3782	219.15724,208.25923,2532.4253	204.24435,228.84128,2648.6953	231.92238,250.07602,2359.503	238.19128,299.55206,2228.914	272.29364,395.87384,2315.2815	211.6004,302.816,2372.3413	251.98682,503.0735,2235.5415	214.22595,401.92838,2420.063	238.19128,299.55206,2228.914	154.93379,494.38885,2221.0571	198.27835,279.29733,2501.731	256.13983,333.76077,2266.4246	
248.72607,157.87314,2473.5537	240.70973,203.14938,2409.5854	260.93378,195.38597,2290.1338	260.64178,265.35495,2290.706	240.70973,203.14938,2409.5854	222.39612,210.17943,2529.037	202.5968,252.45805,2693.691	233.11786,252.03616,2351.3892	237.75696,301.7572,2218.0037	274.17517,396.9556,2312.2258	213.32544,304.9467,2368.382	251.57861,503.72437,2234.783	215.36386,404.57703,2413.3818	237.75696,301.7572,2218.0037	152.12166,494.88818,2225.164	195.48334,307.31744,2553.1597	256.71814,336.16156,2255.962	
251.13524,159.00034,2476.196	243.06952,203.92215,2410.2056	260.5035,194.84607,2284.1184	260.26938,265.00098,2284.5762	243.06952,203.92215,2410.2056	227.36891,212.09584,2536.2927	210.99118,260.9184,2675.2886	235.57594,252.67795,2349.6758	238.50409,301.69592,2209.5852	275.1921,397.49426,2302.1975	217.5948,306.1728,2368.7068	252.96266,503.9905,2235.7546	218.35072,406.06763,2411.1292	238.50409,301.69592,2209.5852	152.44887,494.54333,2227.1328	203.75784,317.80707,2547.31	256.70255,335.9641,2253.3218	
252.77032,159.02176,2470.0059	245.3085,204.61194,2406.3013	260.0338,195.12695,2273.9165	259.84576,265.5977,2274.2827	245.3085,204.61194,2406.3013	232.11896,213.1077,2538.686	218.6741,266.46744,2653.8594	238.08118,253.67015,2348.6777	239.48398,302.84167,2207.6685	275.59296,398.8344,2300.9858	222.12823,307.38525,2374.44	252.99686,505.35416,2234.964	216.54123,407.44403,2407.9468	239.48398,302.84167,2207.6685	150.70819,496.3749,2232.2554	211.49219,325.0114,2537.7385	256.5989,336.8551,2246.1677	
255.30779,156.19133,2466.71	249.54199,201.61,2402.9492	260.88956,190.48534,2265.1953	296.76404,290.53638,2390.329	249.54199,201.61,2402.9492	239.42491,211.52832,2540.7031	228.35303,268.0382,2635.0154	243.5545,250.69164,2344.1392	244.03683,299.10153,2199.7932	278.2074,397.4919,2282.6345	230.97,305.2665,2370.865	256.15753,503.75836,2230.3745	215.88657,406.21228,2389.6458	244.03683,299.10153,2199.7932	150.9087,496.3096,2231.158	221.46692,327.77765,2529.9497	275.28394,348.24442,2327.1882	
257.5713,151.33861,2456.5247	252.03014,197.97243,2398.4543	262.15332,187.42825,2257.4587	280.2461,253.85773,2323.7437	252.03014,197.97243,2398.4543	243.03107,207.34573,2539.45	234.03915,266.10712,2616.0923	246.19434,247.45105,2346.1865	246.08289,296.48703,2205.909	273.3283,395.61874,2294.7695	234.54495,301.68253,2381.9285	254.0997,501.48172,2246.107	208.24857,399.24493,2397.8765	246.08289,296.48703,2205.909	147.51831,489.75363,2270.6785	227.38684,326.74762,2521.2334	257.785,319.8689,2258.8474	
259.97342,145.68925,2451.408	254.95825,192.79488,2402.9458	264.96014,183.22809,2260.4028	279.14645,251.17969,2315.6094	254.95825,192.79488,2402.9458	246.07652,201.29022,2545.4888	238.82123,261.44556,2607.4612	249.53133,242.50363,2358.6426	249.83359,292.08807,2224.817	272.17453,393.5167,2295.3198	238.40189,295.99197,2403.8618	256.9826,498.58298,2260.458	204.09383,391.03735,2407.4211	249.83359,292.08807,2224.817	146.69681,481.9613,2296.3757	232.47873,322.53662,2521.9565	258.97018,318.17773,2255.7466	
262.19342,139.16888,2439.9604	257.518,187.12573,2405.288	266.27722,179.14786,2259.6711	277.45004,248.18481,2305.1445	257.518,187.12573,2405.288	249.75877,194.1928,2550.905	243.8973,255.25806,2600.8499	252.4083,237.21068,2373.433	252.28352,287.7497,2249.7725	267.12112,391.72858,2292.7563	242.42224,289.49844,2433.3838	256.48862,496.27557,2269.2358	200.05124,380.67743,2425.7554	252.28352,287.7497,2249.7725	144.42874,471.3072,2318.0142	237.93184,316.63306,2523.8706	259.29434,316.0692,2250.1213	
262.9076,132.67688,2443.6223	259.67422,180.2481,2411.4084	266.15222,171.44604,2263.0452	274.9691,241.14032,2300.2144	259.67422,180.2481,2411.4084	253.94714,188.02982,2559.7717	249.21274,249.55333,2599.934	256.08948,230.30193,2381.002	256.20612,280.28897,2257.0557	264.51178,387.29602,2263.151	248.90834,282.90826,2444.1353	259.73138,491.65982,2256.9224	199.32253,371.07217,2419.2827	256.20612,280.28897,2257.0557	142.49677,453.52808,2311.1123	243.67053,311.04208,2530.6921	258.65225,309.52502,2249.7893	
263.7083,127.82547,2429.1873	261.98184,175.2493,2398.2488	267.87616,166.60983,2248.417	286.9377,246.54262,2135.574	261.98184,175.2493,2398.2488	256.78073,182.87274,2548.0806	252.94423,245.10095,2580.328	259.6867,225.74988,2372.7212	260.84763,276.1966,2252.9485	261.3598,384.85397,2242.4824	254.10632,278.4123,2441.4387	261.52502,489.09564,2247.2168	195.52725,360.93585,2413.6936	260.84763,276.1966,2252.9485	133.0198,436.68127,2314.1396	247.75465,307.15607,2518.0854	273.66476,264.83142,2160.8008	
264.17688,124.65297,2414.9685	264.29337,172.61789,2386.429	269.61697,163.96652,2235.5696	337.40762,183.18483,2156.7341	264.29337,172.61789,2386.429	259.60278,180.24048,2537.2883	256.49518,242.98431,2563.1538	263.54236,223.47322,2363.887	266.04633,274.2297,2246.4224	259.5487,383.02002,2238.514	259.76224,276.30188,2436.2676	262.3511,487.31793,2245.2275	195.94443,353.05682,2433.7974	266.04633,274.2297,2246.4224	122.6729,414.74603,2315.145	251.66669,305.57135,2507.2285	353.53748,160.18275,2274.4038	
263.71344,122.4939,2414.7097	266.52432,169.40424,2383.905	270.13284,159.61246,2232.0073	331.83386,172.11882,2121.1946	266.52432,169.40424,2383.905	263.34814,178.02292,2535.8027	260.8325,240.96486,2556.5347	267.8792,220.1225,2358.5312	271.64886,270.17548,2237.4485	258.0712,378.57797,2233.4116	267.06622,273.573,2428.8665	261.86298,483.04614,2241.3992	197.706,341.96484,2458.98	271.64886,270.17548,2237.4485	116.92056,387.9599,2323.303	256.39786,303.79092,2506.3003	358.33328,140.04953,2264.7896	
263.3272,121.90787,2407.8586	267.92737,168.81253,2379.1904	272.5044,159.1998,2227.693	331.3748,158.8277,2113.6604	267.92737,168.81253,2379.1904	263.89835,177.27435,2530.6877	261.8798,240.4376,2547.2966	271.05945,219.63942,2356.5845	277.38693,269.8027,2238.667	257.17587,376.57745,2243.0884	271.36346,272.96976,2429.29	261.9262,480.9104,2248.3345	201.29715,333.79837,2507.448	277.38693,269.8027,2238.667	111.70412,359.98676,2356.1982	257.7605,303.5699,2502.1821	362.36432,120.85151,2264.7874	
263.20935,121.473915,2403.913	269.53427,168.56781,2376.5405	275.57187,159.1315,2226.0996	333.10812,138.8705,2123.3792	269.53427,168.56781,2376.5405	264.21558,176.88054,2526.9814	262.59787,240.19539,2540.2822	273.55515,219.48009,2355.998	281.76566,269.72797,2240.7468	255.26456,374.72775,2249.8994	273.84885,272.7265,2430.1643	260.37805,479.6936,2246.0432	201.2576,331.96155,2538.716	281.76566,269.72797,2240.7468	107.507614,333.83304,2373.0913	258.78555,303.55817,2499.7695	366.07996,100.7807,2286.882	
262.94324,121.50674,2402.4812	270.1011,168.1853,2374.3586	277.82065,158.2825,2225.8513	335.5433,122.1875,2137.781	270.1011,168.1853,2374.3586	263.29037,176.92224,2522.866	261.9988,240.37643,2533.515	275.20367,219.01492,2352.9	285.66592,268.86493,2237.9153	254.84157,373.14896,2244.67	275.5406,272.54776,2424.967	259.23712,477.72827,2247.2612	200.24146,325.44226,2538.2034	285.66592,268.86493,2237.9153	108.44298,307.68857,2388.391	258.46436,303.95,2497.1355	367.9593,83.89281,2307.3552	
263.72958,121.01399,2401.2346	271.63696,167.6156,2371.634	280.4272,156.97476,2224.5713	335.54147,109.78989,2145.4565	271.63696,167.6156,2371.634	263.8732,177.01382,2518.6968	262.83685,240.5961,2527.2212	277.89218,218.28445,2348.051	290.31244,267.55157,2231.9124	256.2006,370.84387,2243.7952	278.69864,272.22522,2417.0237	259.68405,475.79248,2243.7634	200.9855,319.05692,2549.1987	290.31244,267.55157,2231.9124	115.73003,283.3922,2409.2925	259.5903,304.3529,2494.5527	367.64484,71.34807,2318.2192	
264.4855,120.87831,2401.0403	272.29852,167.95526,2372.9521	282.2672,157.94063,2226.988	334.83975,100.42955,2149.7195	272.29852,167.95526,2372.9521	263.48517,176.80927,2518.9163	262.65753,240.40196,2525.7388	278.52676,218.74292,2352.9043	291.61304,268.33926,2240.9756	254.05855,369.0221,2264.4846	278.62268,272.31125,2424.7373	256.8786,473.72565,2257.5027	196.2364,312.9582,2574.1758	291.61304,268.33926,2240.9756	120.93437,263.76053,2446.2227	259.67676,304.20178,2496.4011	366.83603,61.373993,2324.235	
265.7004,120.453094,2401.9414	273.0751,167.81253,2376.946	283.29974,158.51155,2230.8613	331.9072,96.1295,2137.35	273.0751,167.81253,2376.946	264.03452,176.03644,2523.0308	263.37256,239.53712,2528.4907	279.0742,218.6633,2360.5537	292.02353,268.60797,2252.2312	254.46634,369.39777,2268.6494	278.80896,271.7205,2436.0916	256.02863,474.03656,2260.7458	195.91638,307.14322,2592.5977	292.02353,268.60797,2252.2312	128.40898,247.74927,2467.121	260.6562,303.25647,2502.1418	363.43,55.321106,2315.7114	
267.04984,120.18385,2402.9016	274.30215,167.60431,2378.8464	284.26138,158.68481,2232.0913	329.91248,94.329834,2126.674	274.30215,167.60431,2378.8464	265.5003,175.48724,2525.6016	264.96887,238.93027,2529.9707	280.0071,218.5041,2364.103	292.45242,268.68314,2256.9966	255.98212,370.40976,2263.4004	279.6195,271.2995,2441.7227	255.73395,475.64334,2252.055	195.42746,303.33194,2596.731	292.45242,268.68314,2256.9966	134.91472,237.91754,2474.4927	262.5052,302.59967,2506.304	361.72473,51.677002,2306.3547	
268.8337,119.70311,2402.359	276.79236,166.19098,2372.768	286.27606,155.64871,2226.006	325.14157,100.89194,2102.822	276.79236,166.19098,2372.768	268.41345,175.50508,2519.53	267.98334,239.10434,2523.0261	283.37262,216.8289,2350.7021	296.57956,266.0404,2236.1072	259.49683,369.6374,2240.2375	284.07266,270.63025,2421.1653	258.5333,475.73035,2231.2854	198.00507,301.98373,2584.0479	296.57956,266.0404,2236.1072	141.50053,233.43309,2465.4287	265.75684,302.94135,2501.766	356.9296,53.802963,2271.6624	
271.0828,118.721756,2401.0974	278.9476,165.32297,2371.3118	287.6726,154.44879,2223.567	322.9972,105.99629,2088.3977	278.9476,165.32297,2371.3118	271.24603,174.9216,2519.0566	270.89874,238.53572,2521.854	285.8628,215.91058,2347.9077	298.97488,264.9541,2231.461	259.6934,365.5517,2259.3115	287.32587,269.88235,2417.5464	257.31555,471.30212,2244.0679	199.9375,303.45865,2606.3506	298.97488,264.9541,2231.461	144.77504,235.40146,2492.041	268.8931,302.3842,2502.7537	353.14722,56.632385,2254.1885	
273.3318,118.45699,2400.4873	280.93652,164.7211,2369.6206	289.46448,153.74771,2221.4604	322.1951,108.622314,2079.7031	280.93652,164.7211,2369.6206	273.41226,174.40302,2517.7808	273.1324,238.05107,2520.019	287.6941,215.35336,2345.617	300.51468,264.4284,2228.3457	259.87863,364.00647,2262.682	289.12558,269.43567,2414.8809	256.76157,469.83752,2244.672	200.7601,307.354,2609.7957	300.51468,264.4284,2228.3457	145.44186,242.34363,2506.6409	271.32263,301.9273,2502.8572	351.03055,57.938644,2245.0952	
275.02417,117.91365,2400.7278	282.19202,164.49384,2371.84	289.71405,154.20288,2222.1946	323.59885,106.17052,2083.4062	282.19202,164.49384,2371.84	275.5628,173.56326,2521.4856	275.33774,237.11916,2523.2764	288.07233,215.27907,2350.229	299.27448,264.8849,2234.3633	259.27496,363.99832,2272.9036	289.25464,268.9639,2422.8726	254.00262,469.70694,2249.8909	204.33002,313.57935,2618.1958	299.27448,264.8849,2234.3633	145.19095,253.30116,2533.6184	273.7096,300.89008,2507.8542	352.21207,57.99478,2254.4353	
277.5699,118.455925,2392.7246	283.20862,165.83574,2369.681	291.82986,156.90565,2220.6003	323.05203,111.17618,2074.6504	283.20862,165.83574,2369.681	275.6079,173.70871,2518.7615	275.4277,237.33345,2520.194	287.6914,216.9844,2353.6526	297.98755,267.57828,2243.7258	260.87903,367.79657,2275.7805	286.928,269.99368,2431.5227	253.56851,473.39917,2251.6213	208.77753,322.32614,2611.2473	297.98755,267.57828,2243.7258	142.97234,270.04675,2554.9585	273.9489,301.16742,2506.3337	353.14105,62.8584,2247.1738	
279.30753,117.95141,2389.791	284.03964,165.68655,2368.4458	292.76303,157.30663,2219.1235	322.65018,114.979515,2068.327	284.03964,165.68655,2368.4458	276.35095,173.07251,2517.768	276.2064,236.72278,2518.9143	287.62775,217.00696,2354.456	296.9829,268.05072,2246.5063	262.0036,369.94543,2264.776	285.97644,269.7623,2434.4263	254.05807,475.69257,2244.5664	213.83112,323.79398,2597.5632	296.9829,268.05072,2246.5063	143.88763,287.50787,2569.1401	274.86887,300.5694,2506.4563	353.99026,67.26233,2242.5596	
280.89505,118.10981,2387.4119	284.9429,166.66379,2369.5396	292.14624,159.05746,2218.496	324.81332,116.471466,2074.2505	284.9429,166.66379,2369.5396	278.60284,173.35852,2520.583	278.48654,236.93759,2521.5	287.5372,218.09763,2358.17	294.8478,269.67682,2251.6519	261.9616,372.60202,2262.058	285.83102,270.35535,2441.9487	253.27046,477.58377,2250.474	218.55832,329.3967,2583.2285	294.8478,269.67682,2251.6519	145.59653,310.08447,2594.573	277.28625,300.703,2510.3013	355.56088,71.33316,2254.1296	
281.7422,117.7763,2387.6511	285.21533,166.54095,2372.6455	291.93832,159.61223,2220.936	327.505,116.54555,2087.1416	285.21533,166.54095,2372.6455	279.3004,172.63684,2524.355	279.20728,236.12111,2525.0886	287.18237,218.00684,2364.3127	293.48657,269.9155,2260.5137	264.2426,373.7105,2267.648	285.1768,269.76422,2451.4463	254.09868,478.66357,2252.587	221.44055,333.84143,2570.1536	293.48657,269.9155,2260.5137	149.03423,332.64148,2613.019	278.12506,299.7763,2515.021	360.2679,76.28926,2276.5461	
282.5458,118.32716,2386.7886	285.61136,167.79735,2374.372	291.2395,161.6077,2221.6497	332.70734,114.377205,2114.1038	285.61136,167.79735,2374.372	280.66345,173.23886,2527.0945	280.5887,236.65405,2527.6814	287.04642,219.30423,2369.043	292.08167,271.60333,2267.56	266.3998,376.33093,2269.5012	285.1752,270.5272,2459.8677	253.6634,481.34784,2250.12	225.43677,340.22632,2555.5068	292.08167,271.60333,2267.56	158.41415,360.3509,2616.5955	279.61554,300.23068,2518.6296	367.19083,79.20596,2311.3044	
283.25345,119.1952,2387.834	285.56912,168.9588,2376.8923	290.60287,163.3877,2223.639	335.54745,117.84496,2124.0593	285.56912,168.9588,2376.8923	281.14517,173.85504,2530.1458	281.08533,237.19359,2530.6152	286.66193,220.46176,2374.1465	290.94662,273.02905,2274.9492	268.2804,378.32666,2273.599	284.81723,271.2128,2467.852	253.61438,483.1792,2251.647	230.11748,345.7871,2550.635	290.94662,273.02905,2274.9492	167.1326,385.8132,2612.0684	280.20792,300.68365,2522.476	370.86572,83.94852,2323.3647	
283.5858,119.88245,2394.3596	285.74896,169.60338,2379.9216	289.95163,163.59747,2226.1357	336.9019,123.896484,2134.039	285.74896,169.60338,2379.9216	282.05646,174.88022,2533.7075	282.0085,238.1295,2534.0833	286.621,221.01393,2374.4595	290.1635,273.34833,2272.189	269.1169,379.67004,2262.2646	285.03998,272.02872,2465.8057	254.59906,484.7193,2244.2373	235.99397,352.48398,2527.5264	290.1635,273.34833,2272.189	180.42876,408.4275,2589.456	281.21924,301.52142,2526.7642	373.32892,91.63379,2332.5776	
283.39337,120.118614,2397.6267	284.53677,169.43716,2381.3958	288.1672,163.08542,2227.322	335.62216,133.47565,2130.531	284.53677,169.43716,2381.3958	281.3476,175.01692,2535.4695	281.3094,238.22223,2535.77	285.07996,220.79263,2373.957	287.91562,272.95004,2269.543	268.62808,379.53406,2263.3608	283.5177,272.02963,2463.4937	253.40443,484.23456,2247.3643	240.10184,357.43442,2506.7292	287.91562,272.95004,2269.543	195.41714,425.36774,2573.0593	280.59494,301.55905,2529.1877	373.3015,101.80635,2329.8003	
283.09167,120.79123,2401.239	284.56927,170.23242,2383.9695	287.53638,164.0268,2229.5051	337.7847,139.67007,2149.7598	284.56927,170.23242,2383.9695	281.96326,175.68286,2538.4338	281.93268,238.81425,2538.6743	285.22714,221.54648,2377.082	287.77734,273.73007,2272.9597	272.94495,380.63617,2269.4053	284.14914,272.63245,2467.4294	254.8613,484.34393,2255.5276	249.71964,362.47165,2501.1082	287.77734,273.73007,2272.9597	217.29547,438.99335,2566.238	281.28967,302.06766,2532.7544	374.1022,107.50537,2348.3298	
282.93973,121.43421,2401.0417	283.58228,170.97458,2386.3303	286.93448,165.06946,2232.0715	335.8395,150.1678,2152.3694	283.58228,170.97458,2386.3303	280.63718,176.16261,2540.589	280.61282,239.24042,2540.7815	283.92715,222.26035,2380.5288	286.3711,274.53754,2277.6243	274.01608,381.58096,2273.8953	282.34106,273.11407,2471.8303	252.8717,484.9165,2255.8281	254.42648,366.3947,2487.64	286.3711,274.53754,2277.6243	231.9212,449.87784,2538.5398	280.03003,302.43076,2535.457	373.8305,117.740135,2345.6545	
282.70554,121.99586,2408.4668	282.71588,171.43704,2391.6501	285.515,165.33664,2237.1492	334.29477,160.00696,2158.6968	282.71588,171.43704,2391.6501	280.25644,176.79709,2546.1511	280.23703,239.73708,2546.305	282.675,222.58948,2384.3887	284.35944,274.66382,2279.8665	275.555,381.52063,2282.5613	281.0439,273.49295,2474.388	251.97357,485.41806,2248.5603	263.30875,369.38104,2483.7107	284.35944,274.66382,2279.8665	243.29332,458.67227,2498.632	279.7115,302.78043,2541.5156	373.56174,125.6983,2346.2278	
281.7994,123.136116,2411.6768	281.36115,172.55641,2395.1504	284.32214,166.41905,2240.793	332.532,170.34906,2173.8604	281.36115,172.55641,2395.1504	278.7587,177.95062,2549.5078	278.74323,240.8077,2549.6309	281.2961,223.62848,2387.1912	283.0689,275.61664,2281.369	277.8636,382.61676,2284.334	279.5376,274.5132,2477.095	252.91331,485.95004,2252.7263	274.7421,373.177,2480.0632	283.0689,275.61664,2281.369	251.7275,468.20456,2448.4304	278.26718,303.7607,2545.3228	372.55478,134.88379,2355.443	
281.2216,124.59996,2421.1963	281.34167,173.8799,2403.1384	281.21823,167.22208,2248.131	328.97375,178.96655,2184.3547	281.34167,173.8799,2403.1384	281.45016,179.7309,2558.1458	281.4377,242.37569,2558.2441	281.75098,224.7223,2392.0618	282.1225,276.2781,2282.944	281.95602,383.05658,2289.1948	282.20233,275.8164,2479.0261	253.33572,485.10715,2258.086	282.04855,374.33374,2485.287	282.1225,276.2781,2282.944	255.68668,468.225,2454.1438	281.01382,305.10968,2554.3687	370.09998,144.10974,2361.8145	
280.46686,127.27366,2426.0842	280.21802,176.27791,2408.4778	278.36115,169.49821,2253.1504	328.34518,186.19974,2207.2214	280.21802,176.27791,2408.4778	281.8499,182.23611,2563.8052	281.8399,244.74258,2563.884	280.07117,226.99023,2395.7122	278.73965,278.40332,2283.728	284.05252,384.8101,2292.2456	281.01123,278.10107,2482.165	251.50696,484.9606,2266.513	285.90344,376.23975,2490.701	278.73965,278.40332,2283.728	255.95197,468.37753,2464.9294	281.45905,307.33307,2560.3975	369.75418,152.52905,2380.2932	
279.9439,130.22992,2428.611	281.05917,179.25352,2411.1758	274.29706,172.86385,2257.6887	325.3249,194.90576,2214.255	281.05917,179.25352,2411.1758	287.0119,184.87839,2564.6628	287.00372,247.36392,2564.7258	282.32132,229.88571,2398.2788	279.4084,281.40353,2286.5674	292.01224,387.047,2293.1863	287.45267,280.75418,2484.1963	255.99915,484.7173,2278.7102	299.07516,378.3537,2490.8381	279.4084,281.40353,2286.5674	265.9143,468.34985,2476.3345	286.66672,309.92896,2561.589	366.89316,160.9342,2383.778	
279.24246,133.48946,2438.163	280.82172,182.25047,2417.5388	270.38934,175.564,2266.4746	320.9324,203.05539,2225.529	280.82172,182.25047,2417.5388	290.027,188.15047,2568.603	290.02036,250.54012,2568.6536	282.50635,232.65796,2400.2048	277.89172,283.84955,2288.3677	293.263,389.32343,2292.938	290.0567,283.75195,2477.374	252.66656,484.73657,2282.266	304.26456,381.39703,2481.9539	277.89172,283.84955,2288.3677	266.73804,469.6726,2471.2585	289.72034,313.00516,2565.8315	363.82007,170.5138,2388.5813	
278.43774,135.90205,2442.6167	279.7523,184.57135,2422.7642	266.90488,177.88603,2273.583	316.59863,210.67851,2236.2827	279.7523,184.57135,2422.7642	291.1093,190.48111,2571.9453	291.10394,252.7897,2571.9856	281.1584,234.86682,2403.7312	274.6338,285.94482,2290.3022	295.65063,390.62454,2289.7993	289.93448,285.98392,2479.0942	250.80685,482.13168,2296.0117	309.404,382.94135,2478.59	274.6338,285.94482,2290.3022	267.799,467.7883,2484.8225	290.83493,315.16864,2569.4465	362.32697,181.23593,2382.2212	
277.78024,138.50006,2453.3447	278.6684,187.4443,2431.516	264.4261,180.56128,2283.6863	310.61032,218.1103,2246.678	278.6684,187.4443,2431.516	291.27817,193.53838,2579.346	291.2738,255.66818,2579.3782	279.47577,237.5437,2410.228	271.3209,288.32068,2294.6213	298.29822,391.18036,2297.1475	288.5923,288.73492,2483.2585	250.99554,482.44934,2293.0469	313.57907,384.07175,2485.7922	271.3209,288.32068,2294.6213	269.79947,468.58008,2481.6824	291.03223,317.8639,2577.0938	358.62006,190.82881,2377.3884	
277.7945,141.04613,2458.9019	278.121,189.73744,2437.3037	262.25336,182.84877,2291.6372	304.71008,225.90126,2253.3767	278.121,189.73744,2437.3037	292.19897,195.84914,2582.9702	292.19543,257.89178,2582.996	278.44016,239.7211,2414.88	268.7201,290.34042,2299.6775	307.31488,389.26855,2297.4102	288.06042,290.92056,2485.2346	252.63757,475.85303,2294.3745	323.96365,382.90454,2482.9563	268.7201,290.34042,2299.6775	273.15723,463.38382,2479.9062	291.97882,319.9956,2580.9407	356.30157,199.7829,2367.4414	
277.44492,143.85228,2470.0227	277.3663,191.95145,2444.3127	259.8122,184.63657,2301.6511	299.22806,232.33696,2259.2358	277.3663,191.95145,2444.3127	292.9843,198.45953,2586.9744	292.9814,260.4062,2586.995	277.12842,241.71393,2418.266	265.93494,291.88815,2303.3125	311.7198,387.66425,2296.8152	287.051,293.1838,2481.1265	253.7269,472.1696,2294.7954	329.8458,382.59186,2474.592	265.93494,291.88815,2303.3125	275.8709,461.25977,2472.566	292.78714,322.40973,2585.1458	352.69144,205.23087,2368.195	
277.25552,144.75595,2475.9082	276.7077,192.70985,2448.1123	257.0435,185.16815,2309.8066	293.04196,236.81302,2260.1682	276.7077,192.70985,2448.1123	294.26883,199.44498,2586.418	294.26648,261.40497,2586.4346	276.00314,242.33496,2419.7144	263.02893,292.19058,2305.6633	306.55655,389.18335,2299.3835	286.68738,294.0213,2476.9695	253.11389,476.7967,2295.077	327.38507,384.57837,2470.67	263.02893,292.19058,2305.6633	277.5424,466.3416,2466.3506	294.09222,323.41705,2584.7703	349.35663,211.04047,2359.635	
276.78903,145.6913,2479.3384	275.8052,193.53464,2451.2998	254.17828,186.10095,2317.4624	288.58417,239.04747,2262.1018	275.8052,193.53464,2451.2998	295.19278,200.19861,2585.1372	295.19086,262.18933,2585.1504	274.8742,243.0849,2422.1533	260.24448,292.80984,2309.1006	304.22955,389.9481,2296.354	286.67004,294.80463,2476.913	253.28406,478.55664,2298.386	327.86667,385.49268,2464.1448	260.24448,292.80984,2309.1006	280.27362,468.24017,2466.181	295.03433,324.22754,2583.6528	348.1524,214.75122,2341.1697	
276.7433,146.08649,2488.6572	275.00754,193.85397,2458.9485	252.50854,186.16443,2327.387	285.07645,239.52844,2262.5803	275.00754,193.85397,2458.9485	295.22128,200.76247,2590.51	295.21967,262.62463,2590.5205	273.5273,243.20125,2428.4456	257.65424,292.51236,2315.0698	302.0353,389.50598,2297.2427	285.40558,295.00928,2480.8154	253.12354,478.97424,2301.87	327.04016,385.5792,2462.9717	257.65424,292.51236,2315.0698	281.30927,469.15057,2467.605	295.07898,324.52972,2589.173	347.46887,216.38884,2318.449	
275.9908,144.65509,2493.01	274.84378,192.58426,2465.3801	251.13794,185.44418,2336.9795	280.14944,239.63689,2262.263	274.84378,192.58426,2465.3801	296.2026,199.01743,2593.7808	296.20126,260.8016,2593.7893	273.6594,241.85878,2437.0232	256.67444,291.19397,2324.1726	299.20862,388.92267,2298.8162	287.15067,293.3185,2493.16	254.46396,480.18884,2305.3262	327.1159,384.44644,2467.7842	256.67444,291.19397,2324.1726	285.28525,469.6306,2474.305	296.07513,322.62354,2592.5767	343.81915,216.89653,2302.9336	
275.56216,143.75923,2486.9636	274.47922,192.01712,2464.9094	248.96475,185.96643,2341.8738	276.34775,238.55809,2263.576	274.47922,192.01712,2464.9094	297.56766,197.49248,2587.945	297.56653,259.416,2587.952	273.59885,241.43007,2441.6855	255.8855,291.26093,2337.8074	295.9806,389.85187,2299.1433	288.43225,292.28885,2499.116	253.95113,482.4773,2305.1501	326.45132,384.53223,2460.4106	255.8855,291.26093,2337.8074	287.04648,471.22272,2466.425	297.45328,321.3731,2586.8608	341.28772,217.47346,2287.3518	
275.77283,141.89206,2500.48	274.4165,189.57303,2472.3928	247.02127,183.03433,2357.4387	271.02383,237.60771,2262.8086	274.4165,189.57303,2472.3928	299.37744,195.53072,2587.347	299.3765,257.46857,2587.3523	273.2544,238.65901,2444.1794	255.05556,287.84296,2345.2566	290.52408,388.22614,2288.1184	288.10733,289.88028,2486.6755	254.21487,482.27057,2304.8433	322.36996,384.69333,2429.4045	255.05556,287.84296,2345.2566	287.84872,473.5655,2446.174	299.27518,319.43597,2586.3704	336.22592,217.63554,2273.4172	
275.79285,139.49277,2499.088	274.59573,187.51851,2474.167	245.31944,181.71237,2367.733	265.46823,236.91699,2271.3564	274.59573,187.51851,2474.167	301.4571,192.84572,2580.601	301.45627,254.94548,2580.6055	273.56088,236.63554,2448.5464	254.1287,285.95068,2356.6475	288.04282,386.43707,2298.172	289.901,287.5872,2489.204	256.27615,481.74872,2314.3381	289.7049,388.01074,2432.069	254.1287,285.95068,2356.6475	274.9386,481.68652,2449.6958	301.3655,317.07117,2579.722	329.6676,218.42787,2268.1836	
275.39407,137.20279,2506.9824	274.6948,185.17665,2480.025	243.88428,179.99646,2382.1443	258.51877,236.05016,2281.0771	274.6948,185.17665,2480.025	303.16562,189.96346,2577.9055	303.1649,252.12816,2577.909	274.19702,234.14693,2453.9834	253.91678,283.4546,2365.6482	286.6734,384.04904,2298.0344	292.47122,284.84512,2490.2356	255.8341,480.48123,2308.5344	324.64886,380.39288,2422.5613	253.91678,283.4546,2365.6482	295.18427,472.02917,2433.0754	303.0836,314.3154,2577.1138	322.9117,219.3169,2274.8596	
