310.53604,130.07921,2473.7683	309.28683,177.90256,2443.9336	272.5727,177.55136,2446.011	250.61075,230.11638,2312.6133	309.28683,177.90256,2443.9336	346.06348,178.25435,2441.8562	349.93533,242.57916,2435.674	308.52448,227.47505,2416.4136	284.09262,277.90857,2390.2014	265.56747,382.19867,2284.7712	331.4224,278.4711,2387.5857	246.49988,476.05762,2343.1604	347.96722,382.839,2305.9592	284.09262,277.90857,2390.2014	365.8895,478.36194,2347.7712	342.26044,286.9364,2223.022	282.64954,222.11844,2089.0835	
310.45782,130.40054,2477.3474	309.19183,178.00668,2444.7112	272.4937,177.66965,2447.0234	249.39447,229.09412,2314.8428	309.19183,178.00668,2444.7112	345.95944,178.34438,2442.399	354.4553,242.6055,2426.2942	308.42166,227.52832,2416.1587	283.9708,277.95596,2389.0618	264.44174,382.13248,2281.101	331.32422,278.5131,2386.1506	247.41187,475.90305,2343.8748	348.072,383.0213,2295.8909	283.9708,277.95596,2389.0618	366.7871,478.37982,2341.2063	344.6581,274.05722,2181.4253	278.13647,224.80893,2081.1985	
310.17966,131.76562,2470.605	309.06845,179.61917,2441.753	272.31003,179.23853,2443.3472	245.71219,228.90324,2305.4119	309.06845,179.61917,2441.753	345.87488,180.00032,2440.1587	357.20032,241.49672,2418.6638	308.31796,229.3327,2416.5586	283.9182,279.80685,2392.368	264.00592,383.85297,2283.3003	331.20502,280.38086,2390.3606	247.23967,477.1804,2348.6064	348.0281,384.81073,2289.4453	283.9182,279.80685,2392.368	366.78168,479.05576,2344.49	346.84338,263.81345,2161.2905	276.0638,229.46025,2077.3179	
310.23456,133.90163,2475.7463	309.0389,181.50192,2444.3044	272.29623,181.0324,2444.763	245.4553,233.71909,2311.2073	309.0389,181.50192,2444.3044	345.79535,181.97165,2443.846	359.11188,241.4276,2419.235	308.2415,231.13387,2417.567	283.77603,281.56155,2391.118	262.4428,385.30835,2265.6975	331.0821,282.19034,2390.5408	246.63403,476.72852,2348.4229	348.90598,386.26752,2266.0903	283.77603,281.56155,2391.118	366.02414,478.16388,2344.4333	351.30478,259.56308,2159.2087	275.57803,238.61209,2078.7854	
310.9953,136.98071,2477.7944	309.40527,184.47205,2447.3828	272.68884,183.46133,2445.9514	244.94154,238.4964,2340.583	309.40527,184.47205,2447.3828	346.0788,185.4816,2448.8142	360.62656,240.41928,2426.8372	308.0091,234.06439,2420.751	282.95355,284.1474,2393.2178	260.8895,387.58566,2253.9502	330.1924,285.37222,2395.0205	244.79895,476.1192,2355.699	350.568,388.51544,2250.767	282.95355,284.1474,2393.2178	364.65668,478.67133,2346.3975	357.69946,259.6816,2181.536	271.31293,246.15671,2099.6553	
311.80743,139.85144,2479.3252	310.098,187.47104,2448.6687	273.36523,186.08643,2443.38	246.52115,242.80298,2351.2742	310.098,187.47104,2448.6687	346.67242,188.84967,2453.9575	362.59857,241.72285,2436.651	308.4691,237.05196,2421.5964	283.1635,287.00275,2391.1938	261.9469,390.66388,2241.605	330.37753,288.50314,2397.8545	246.0141,478.0028,2352.7437	353.587,390.8013,2241.135	283.1635,287.00275,2391.1938	367.1117,480.9389,2339.6978	364.93915,266.24026,2193.4019	271.22595,251.14627,2108.738	
312.70346,142.59152,2481.1084	311.0402,190.04573,2450.5547	274.33713,188.18282,2439.1682	248.12427,243.994,2343.113	311.0402,190.04573,2450.5547	347.40378,191.89142,2461.9412	367.816,244.20392,2451.0305	309.2145,239.54086,2421.3376	283.68753,289.34622,2384.948	262.04944,393.3503,2232.3599	330.8595,291.1385,2399.2932	246.4036,480.44086,2346.7793	356.6389,392.51868,2230.4915	283.68753,289.34622,2384.948	367.46616,482.14313,2336.29	391.49713,282.86182,2250.8665	277.05756,252.80576,2109.8735	
313.67056,144.08884,2481.942	312.15875,191.62541,2451.9739	275.57782,189.26318,2432.3826	251.0177,244.38545,2318.0483	312.15875,191.62541,2451.9739	348.15973,193.9502,2471.5652	368.37875,247.71983,2455.5125	310.28122,241.06255,2421.3403	284.76157,290.76407,2378.3618	263.71698,395.2068,2222.2678	331.70718,292.75885,2403.0518	246.40881,480.13422,2347.9465	359.64273,392.8382,2220.1226	284.76157,290.76407,2378.3618	367.09708,479.66766,2345.1887	401.28265,287.2705,2278.2693	287.25214,253.83842,2101.045	
315.03708,145.83188,2480.9043	313.6616,193.47058,2452.5457	277.34973,190.76485,2423.141	253.31812,243.34866,2295.565	313.6616,193.47058,2452.5457	349.11304,196.11218,2481.9502	371.38977,252.06335,2455.7837	312.05273,242.91055,2421.373	286.99533,292.6806,2371.6692	265.7296,397.5713,2216.9834	333.44836,294.5849,2408.7317	247.55731,480.4669,2352.6443	364.26663,389.53992,2205.3787	286.99533,292.6806,2371.6692	365.71643,474.55826,2345.5708	415.61884,288.51187,2298.3525	297.11804,252.11218,2097.7178	
315.4416,146.15576,2481.4531	314.47723,193.97256,2453.6284	278.42416,191.34077,2416.8105	257.35892,242.21843,2264.8699	314.47723,193.97256,2453.6284	349.46432,196.52654,2490.4463	373.37704,254.43605,2460.953	313.61908,243.35323,2420.8657	289.53314,293.37714,2364.9321	267.24713,398.51437,2214.1387	335.4957,294.78683,2411.274	246.82909,479.47754,2356.988	366.9044,384.02533,2194.368	289.53314,293.37714,2364.9321	365.2799,469.9076,2334.991	426.3675,284.6751,2326.1655	308.5438,247.27248,2088.6653	
316.6658,146.8073,2489.7056	316.27942,194.4272,2457.6396	280.6779,191.56813,2413.2742	262.1756,240.11879,2241.4988	316.27942,194.4272,2457.6396	350.61838,197.18486,2502.0051	377.06143,255.10612,2469.036	316.00693,243.56908,2420.6787	292.76224,293.57446,2355.7908	267.92194,398.61923,2207.4883	338.1579,294.88007,2411.6448	250.09616,479.2127,2356.478	369.4987,380.98755,2188.1836	292.76224,293.57446,2355.7908	365.42184,467.94174,2325.7007	436.29898,276.79688,2347.8198	317.32877,242.05463,2078.335	
317.81708,147.80936,2503.4717	318.4786,194.96179,2463.6743	283.8354,191.79413,2407.905	268.28275,235.84967,2218.9478	318.4786,194.96179,2463.6743	351.58813,197.98921,2519.4436	380.62152,254.90158,2480.2227	319.4337,243.64052,2419.8232	297.97958,293.55093,2340.802	271.6291,399.06226,2201.1233	342.21362,294.66473,2411.1423	251.61281,479.5929,2349.2322	370.50378,387.33777,2193.388	297.97958,293.55093,2340.802	369.20822,472.68066,2336.4148	443.6534,268.46323,2375.946	327.47812,231.87488,2070.6228	
318.26785,148.15227,2509.3125	319.58273,194.99622,2466.3542	285.79703,191.81197,2401.3027	276.00446,227.2997,2193.6465	319.58273,194.99622,2466.3542	351.63202,198.01682,2531.4058	387.42554,252.28319,2486.2407	321.72046,243.50533,2420.6846	302.13632,293.55267,2334.0654	272.34018,398.44482,2213.1997	345.00528,294.1963,2415.9644	249.86348,479.42957,2353.915	371.2713,383.39545,2190.1306	302.13632,293.55267,2334.0654	366.53198,468.91342,2334.1724	453.00604,259.52573,2394.2185	338.995,217.20398,2062.414	
318.5215,149.47928,2512.288	321.19302,195.7483,2468.7349	288.7761,192.58694,2392.3154	284.10184,217.5645,2171.0557	321.19302,195.7483,2468.7349	351.6633,198.7198,2545.1543	394.5325,248.53755,2495.8035	324.6296,244.1875,2423.6738	307.36432,294.45676,2330.4412	276.09564,399.1524,2217.0002	348.2015,294.467,2426.7844	250.74352,479.58328,2355.678	371.25034,387.34937,2193.6218	307.36432,294.45676,2330.4412	368.45963,470.91656,2345.9116	462.11066,249.38531,2414.623	350.36404,200.60219,2059.933	
319.40482,151.50485,2514.088	322.5987,197.44698,2468.9058	290.38242,194.3288,2390.3367	291.38156,206.27817,2156.054	322.5987,197.44698,2468.9058	352.82776,200.37282,2547.4749	400.22162,244.59323,2505.4204	326.77496,245.69803,2420.564	310.48834,295.99213,2322.8928	276.23477,400.18353,2210.552	350.91394,295.84222,2421.5515	249.11835,479.92078,2350.848	371.6921,390.55402,2178.271	310.48834,295.99213,2322.8928	368.5606,474.27655,2331.7712	468.45688,238.43321,2449.8926	358.37192,183.26917,2062.3171	
319.45047,150.43152,2523.0059	323.5445,195.94464,2477.161	291.99292,192.65836,2394.393	296.01727,195.11823,2150.072	323.5445,195.94464,2477.161	353.05582,199.0184,2559.9287	407.12137,239.19035,2515.2534	328.41437,243.83426,2426.7715	313.27164,293.8162,2324.327	277.27533,397.1608,2219.4707	352.8431,293.69604,2428.4373	249.81937,476.5468,2360.4124	371.12827,390.60846,2197.2393	313.27164,293.8162,2324.327	366.78885,473.19412,2353.1055	475.29367,226.9645,2504.7742	361.807,166.39877,2068.8423	
319.14365,149.0722,2536.4443	323.84344,194.04498,2485.255	292.65063,190.41353,2400.6182	300.21674,179.82748,2146.0454	323.84344,194.04498,2485.255	352.98163,197.43726,2569.8916	411.37396,233.08519,2522.6616	329.3172,241.36916,2429.9546	315.01294,290.75647,2321.417	278.44217,393.93585,2212.921	354.20038,291.03232,2427.8916	249.89655,473.87622,2351.6335	372.78375,385.66815,2175.9355	315.01294,290.75647,2321.417	365.38202,468.06845,2337.5632	478.56787,214.55133,2539.4048	365.65298,146.04584,2075.3486	
0.0,0.0,0.0	326.7424,200.30605,2479.5608	295.9883,196.46451,2392.2688	304.74063,163.26714,2143.0352	326.7424,200.30605,2479.5608	355.40475,203.8863,2566.8528	413.21176,225.0365,2527.8865	332.99026,247.44664,2418.8542	319.76968,296.81,2303.231	282.97357,398.71445,2200.3809	358.44922,297.2094,2413.0645	252.10678,478.944,2335.0112	373.79218,391.95044,2172.4927	319.76968,296.81,2303.231	368.64093,476.8402,2320.2803	477.8546,203.22581,2548.6506	369.11252,124.07446,2080.8584	
0.0,0.0,0.0	328.41483,203.33786,2475.9177	297.13397,199.52888,2392.332	306.4679,148.99435,2147.0112	328.41483,203.33786,2475.9177	357.6526,206.89804,2559.5034	412.79575,222.86842,2547.4421	334.79474,250.27682,2410.295	321.28174,299.55603,2292.0588	279.43506,400.74432,2209.493	360.893,300.11786,2397.2854	248.25317,479.6247,2347.4688	371.94324,400.564,2187.077	321.28174,299.55603,2292.0588	367.9224,483.51733,2339.4604	470.66113,190.96208,2562.105	367.65607,103.513306,2088.566	
0.0,0.0,0.0	328.06412,204.59158,2465.4563	295.81506,201.43344,2387.8247	306.7072,136.87848,2156.4954	328.06412,204.59158,2465.4563	358.34427,207.55692,2543.088	414.0395,220.1974,2554.69	334.6855,251.60309,2397.7847	320.72028,301.33698,2281.2122	275.8673,402.1828,2210.2253	361.80057,301.35318,2379.014	248.74167,481.1729,2353.3623	373.3502,392.2326,2170.6729	320.72028,301.33698,2281.2122	366.46283,476.06543,2324.023	465.5381,180.33278,2560.1003	365.201,86.34085,2107.5205	
0.0,0.0,0.0	328.45187,205.759,2455.2905	295.43256,203.1767,2382.6963	303.3611,126.419044,2175.2568	328.45187,205.759,2455.2905	359.57474,208.193,2527.8848	413.58154,214.5383,2554.3735	334.8689,253.14993,2389.0386	320.1673,303.49973,2277.0886	275.32553,404.3198,2222.2659	362.30765,302.9987,2368.4846	247.98111,483.69592,2360.5447	371.25726,402.82266,2201.1685	320.1673,303.49973,2277.0886	364.95642,484.72653,2355.526	458.87872,171.56052,2572.603	359.0284,70.868835,2126.2585	
320.24252,161.65298,2505.9292	326.70236,205.99146,2443.7517	292.82092,204.64928,2376.962	297.2024,119.000595,2194.0579	326.70236,205.99146,2443.7517	358.78104,207.26222,2510.5415	411.80328,207.85793,2544.143	333.67914,253.70674,2379.7998	318.99716,304.98798,2273.7788	273.2119,405.39386,2227.6548	362.2987,303.1599,2357.917	248.24786,484.66022,2368.7373	369.526,407.554,2219.004	318.99716,304.98798,2273.7788	365.99222,490.82098,2361.8774	450.75916,163.2597,2580.7578	350.0189,57.958557,2143.5684	
319.90518,158.14946,2519.036	326.92813,201.53287,2451.2976	292.21295,201.09395,2395.8723	288.80856,114.02796,2217.531	326.92813,201.53287,2451.2976	360.1082,201.95238,2506.723	409.75375,199.82663,2535.0298	334.0337,248.64128,2383.2007	318.76614,299.71753,2280.133	273.77252,399.48206,2245.914	363.67014,297.3601,2350.0745	247.25919,480.61243,2373.3528	370.3205,403.76416,2229.6145	318.76614,299.71753,2280.133	365.9422,486.90765,2372.5747	444.00513,153.61261,2586.5852	339.88782,47.788345,2164.3884	
319.66196,153.05542,2525.466	326.68756,196.05319,2455.6677	291.4627,196.19904,2407.8125	281.10745,104.71541,2238.3203	326.68756,196.05319,2455.6677	360.56577,195.91293,2503.523	406.5922,183.02034,2530.5413	333.64365,242.88487,2386.8123	317.88107,293.86444,2287.8528	274.0853,393.75922,2253.6262	363.55182,291.16827,2348.0608	246.51083,477.6797,2364.164	366.18552,398.35703,2237.5852	317.88107,293.86444,2287.8528	365.85297,483.0819,2371.974	439.58362,136.75546,2592.096	319.61053,37.72914,2200.696	
319.36005,150.77893,2529.285	325.50388,193.17184,2456.62	289.76398,193.22276,2417.427	272.67804,99.15251,2263.336	325.50388,193.17184,2456.62	360.12128,193.12251,2495.8132	406.14377,166.83942,2531.4097	331.25027,239.81876,2385.1592	313.7207,290.41754,2289.0278	271.14825,391.27835,2244.5466	360.48395,288.29932,2338.3687	243.98676,474.87622,2360.2605	361.22662,396.34235,2231.7393	313.7207,290.41754,2289.0278	362.72195,483.50174,2354.4236	437.87387,119.76713,2600.422	303.55978,31.795288,2233.4539	
319.15982,147.461,2531.1775	323.96576,189.79565,2456.5474	287.87238,189.45271,2424.2244	267.5827,98.16501,2299.203	323.96576,189.79565,2456.5474	359.12164,190.1297,2488.8704	404.12238,152.25433,2534.8206	328.28558,236.30568,2383.206	308.9155,286.3932,2289.5293	269.04346,388.26135,2245.75	356.4257,285.15613,2330.2002	243.48685,473.49384,2355.703	357.92346,393.41125,2244.3225	308.9155,286.3932,2289.5293	362.6683,484.80438,2338.1152	435.2734,103.520874,2598.6697	289.67404,28.893707,2249.817	
318.99197,145.68213,2531.5925	322.8745,187.67195,2454.7793	286.50848,187.38258,2429.4177	258.07843,97.16165,2332.1018	322.8745,187.67195,2454.7793	358.49683,187.95541,2480.1409	401.5906,142.67673,2523.9912	326.27612,234.13121,2380.3818	305.6687,284.06354,2290.025	269.5696,387.17505,2247.8684	353.79272,283.11954,2321.9438	244.10782,473.62985,2351.0652	357.73538,391.66104,2245.0083	305.6687,284.06354,2290.025	363.18643,483.05634,2339.858	429.0152,90.81465,2584.416	275.69003,27.443573,2273.4731	
318.46075,144.31583,2523.7903	321.49677,186.37173,2450.0063	284.90472,186.49574,2432.2463	248.05661,116.49938,2377.6401	321.49677,186.37173,2450.0063	357.5621,186.24951,2467.7664	398.9664,136.01468,2507.5703	324.2245,233.15414,2378.0757	302.73584,283.40768,2294.9644	268.7395,386.94318,2254.546	351.27365,282.30746,2317.3257	244.25641,473.90344,2355.0537	354.75992,390.79755,2253.9998	302.73584,283.40768,2294.9644	364.94095,482.87854,2339.696	419.96494,80.73717,2569.2668	260.7237,47.48288,2311.562	
317.64777,142.2116,2527.9104	319.73636,183.99658,2450.8853	283.09558,184.1961,2440.7358	240.92534,122.25806,2410.894	319.73636,183.99658,2450.8853	356.07492,183.7987,2461.0347	393.5003,129.68997,2494.3774	321.46936,230.54095,2376.8962	298.80917,280.47693,2296.518	265.0814,383.78238,2261.2114	347.68268,279.67755,2309.2964	243.90176,473.6713,2347.615	350.70004,388.23016,2256.4204	298.80917,280.47693,2296.518	364.98895,481.50772,2330.9136	411.22006,71.755356,2550.0098	249.90652,52.276352,2333.1936	
316.55936,141.6053,2521.4792	317.71927,183.34314,2447.0735	281.1135,184.00085,2446.3916	234.85625,118.6842,2434.521	317.71927,183.34314,2447.0735	354.30466,182.68579,2447.7554	390.55402,123.30131,2466.7915	318.6191,230.1195,2374.7224	295.06906,280.29407,2301.942	264.28677,384.5205,2260.194	344.07278,279.37756,2302.8008	243.90883,473.29993,2354.902	347.7412,387.51447,2267.1638	295.06906,280.29407,2301.942	364.677,481.5111,2331.5078	402.12463,63.073578,2523.5154	240.4667,46.930252,2340.858	
315.69803,141.0419,2526.204	316.12384,182.42418,2447.6267	279.62408,183.41556,2453.0364	229.16914,119.76875,2456.7932	316.12384,182.42418,2447.6267	352.7853,181.4284,2442.217	386.7372,120.138725,2442.4324	316.51465,228.94133,2372.8252	292.45676,279.00946,2301.4268	263.14996,383.82956,2256.7058	341.4776,277.9626,2294.6206	244.22678,473.50436,2349.2004	346.17783,385.90668,2270.7632	292.45676,279.00946,2301.4268	364.83682,479.25458,2337.1084	392.67828,57.531906,2494.9153	231.16335,45.721268,2350.7708	
314.6996,139.9296,2528.5752	314.30722,181.34712,2448.884	278.05054,182.80072,2461.3481	225.23326,125.85336,2486.9343	314.30722,181.34712,2448.884	350.9349,179.87865,2436.42	383.31677,118.91693,2423.759	314.18427,227.7135,2373.0503	289.6839,277.79208,2305.0625	261.70547,382.6601,2263.5352	338.5895,276.48563,2289.3706	244.3465,472.8434,2353.6067	343.68573,384.24017,2274.04	289.6839,277.79208,2305.0625	364.15662,476.95166,2341.87	382.675,54.24211,2462.896	219.62062,51.439453,2371.803	
313.65247,139.95796,2532.2585	312.77786,180.8011,2451.263	276.9356,182.92839,2471.766	222.26816,131.77213,2514.01	312.77786,180.8011,2451.263	349.22476,178.63791,2430.7598	379.9388,115.35646,2398.9158	312.22968,226.93391,2373.7083	287.4888,277.0838,2309.0654	261.59482,382.3874,2264.8557	336.0733,275.27222,2283.2417	243.52298,472.31348,2355.4604	341.4122,382.71246,2278.3093	287.4888,277.0838,2309.0654	365.03806,475.9622,2336.1929	369.6044,50.720123,2435.0486	209.95874,58.498978,2384.658	
312.7643,139.75952,2532.0857	311.60812,180.7536,2451.9993	276.23984,183.53522,2480.2727	217.93263,138.9748,2532.0168	311.60812,180.7536,2451.9993	347.80157,177.9071,2423.7258	376.20966,114.76576,2375.4956	310.76794,226.98311,2375.567	286.0476,277.4271,2316.9355	260.33917,382.50296,2270.8118	334.068,275.12775,2281.3335	245.46843,472.83838,2360.9758	339.8724,382.27722,2282.5723	286.0476,277.4271,2316.9355	364.58258,474.93427,2341.8884	357.38004,50.168488,2401.052	202.87779,66.50366,2406.6577	
311.46387,139.76704,2532.5642	309.45786,180.83919,2454.385	274.6133,183.64772,2489.8435	214.94122,146.30984,2548.0872	309.45786,180.83919,2454.385	345.32397,177.94832,2418.9265	373.4629,115.241,2352.8423	307.49808,227.01631,2378.1943	281.95416,277.22763,2324.3215	255.1571,381.92917,2271.9983	329.32214,275.25354,2279.6858	243.21474,472.74152,2361.7874	334.5849,382.57666,2280.2249	281.95416,277.22763,2324.3215	361.87662,473.62372,2346.4827	347.71494,51.46547,2366.972	196.52382,75.2256,2415.735	
310.2582,139.6117,2533.3386	307.5557,181.12094,2456.853	273.59305,184.16183,2502.0417	214.0656,155.47195,2573.1555	307.5557,181.12094,2456.853	342.79114,177.9661,2411.6643	370.6056,116.55176,2324.5544	304.48865,227.38931,2382.564	278.38757,277.52362,2336.7485	254.479,382.53235,2277.0747	324.6312,275.72595,2279.8013	242.81801,473.17773,2366.9875	332.8321,382.88617,2279.4824	278.38757,277.52362,2336.7485	361.82846,473.00165,2348.9736	338.4486,54.638428,2334.5251	193.77449,86.646164,2425.1492	
309.4134,140.17216,2533.187	306.10355,181.75256,2458.198	272.90082,184.9824,2511.006	213.80624,165.00482,2590.1497	306.10355,181.75256,2458.198	340.76416,178.38092,2405.39	366.9759,119.8152,2300.3691	302.11865,228.01765,2384.5195	275.61285,278.05664,2344.0745	253.44781,383.43372,2271.7463	320.79626,276.38522,2277.6077	242.89005,474.23114,2362.8171	332.2986,383.70917,2270.8037	275.61285,278.05664,2344.0745	362.20673,472.58514,2348.8271	328.2042,60.527786,2296.7864	189.23352,100.105835,2428.1094	
309.3583,141.06204,2533.2039	304.92145,183.06343,2460.4055	272.95444,186.41808,2523.5183	215.77039,176.19397,2609.235	304.92145,183.06343,2460.4055	338.57162,179.53217,2397.2927	363.51797,122.153046,2274.3723	299.56082,229.31927,2388.0513	272.46823,279.11966,2355.4722	252.3245,384.56955,2275.168	316.01004,277.78876,2275.9219	242.034,474.96942,2367.8735	329.55475,385.11774,2266.8306	272.46823,279.11966,2355.4722	361.00592,473.00378,2348.932	318.81613,67.32007,2277.8022	184.8488,114.39424,2452.538	
308.67303,142.25938,2532.1035	303.52484,184.48103,2462.0042	272.42477,187.91864,2531.81	218.17743,187.66786,2624.6743	303.52484,184.48103,2462.0042	336.43994,180.8428,2392.1982	361.16586,127.30347,2251.765	297.33606,230.79326,2391.0422	270.0564,280.4812,2363.985	250.79132,385.91455,2274.0312	312.28,279.37482,2276.1755	243.09692,477.04752,2363.8096	329.26923,386.25647,2265.7734	270.0564,280.4812,2363.985	361.81064,474.336,2344.4062	310.06836,78.043396,2257.8354	182.20709,129.4544,2475.4243	
308.10272,143.32764,2532.318	301.3771,185.96727,2466.7476	272.6889,189.58714,2550.8237	222.14737,199.83215,2632.6602	301.3771,185.96727,2466.7476	332.08994,182.09192,2382.6714	358.97604,134.64932,2233.7458	293.38907,232.27036,2399.4116	265.90848,281.57147,2385.2336	247.29712,386.28766,2283.9194	304.85886,280.90805,2278.9177	241.48965,476.84595,2375.9517	324.56314,387.6465,2260.2095	265.90848,281.57147,2385.2336	358.28195,474.46008,2345.6238	304.63702,88.705734,2238.4695	184.51555,144.75908,2473.9917	
308.44452,146.45157,2524.1123	300.18457,189.5401,2463.3044	271.84192,191.84349,2550.4487	224.42249,209.1097,2633.8464	300.18457,189.5401,2463.3044	330.6061,187.06775,2376.1602	357.19916,142.96083,2215.4075	290.46823,236.07623,2400.8457	261.72714,284.455,2393.091	246.08862,388.9548,2261.9023	299.6251,285.77255,2283.6829	241.65009,478.8577,2363.0894	326.17938,391.12997,2254.291	261.72714,284.455,2393.091	359.94687,476.7476,2347.4097	298.60294,102.16614,2224.8682	182.9708,156.90117,2487.5522	
307.91635,149.26828,2527.9724	298.6334,192.08124,2466.9646	270.29883,193.84525,2554.1895	229.93402,219.50789,2631.4048	298.6334,192.08124,2466.9646	329.04507,190.18796,2379.7397	356.1601,153.66177,2198.705	288.06174,238.42892,2403.9006	258.44073,286.2781,2395.6267	245.75534,390.85706,2248.6091	296.28592,288.31735,2286.0466	243.61461,479.7466,2359.0657	328.99173,392.24084,2245.6973	258.44073,286.2781,2395.6267	362.08188,476.8758,2347.5286	296.11935,114.75004,2209.086	187.02673,170.90707,2486.8364	
307.82214,150.4906,2537.9097	298.0207,193.165,2475.206	269.9884,195.01842,2563.804	229.72754,225.78871,2626.7195	298.0207,193.165,2475.206	328.13428,191.17397,2386.6082	353.45462,162.87936,2186.3604	287.08307,239.174,2410.2153	257.23776,286.7831,2400.9373	247.1863,391.09085,2242.3992	294.73145,288.7291,2289.512	246.41005,478.6101,2362.3987	331.93765,391.4045,2238.186	257.23776,286.7831,2400.9373	363.71497,475.31107,2348.445	291.02792,127.66035,2201.2673	185.79222,179.43216,2470.9143	
307.99133,148.10843,2525.8767	297.78247,192.7145,2473.9597	269.85052,193.89001,2563.241	233.81906,235.43718,2638.3943	297.78247,192.7145,2473.9597	327.8059,191.45094,2384.6785	351.46066,174.31052,2177.6418	286.83902,239.22588,2416.1309	257.22058,286.58594,2414.4856	248.10486,389.72992,2240.8884	294.3825,289.52054,2302.1184	247.31264,476.67847,2364.9836	333.44153,391.41113,2234.8708	257.22058,286.58594,2414.4856	363.57837,473.74805,2357.2305	288.04785,140.2116,2197.402	195.5369,201.24371,2504.8494	
307.80173,148.74564,2519.8687	298.01862,193.42926,2471.603	269.28543,193.73805,2556.1545	240.47032,243.61246,2628.2268	298.01862,193.42926,2471.603	328.78732,193.09859,2387.0515	351.45868,187.03448,2176.3071	287.17206,240.2686,2417.3716	257.1731,287.35162,2416.3928	248.30463,388.4292,2213.133	295.34238,291.25177,2309.8875	247.04863,474.81744,2346.0989	335.566,392.69196,2217.6494	257.1731,287.35162,2416.3928	365.12067,473.33215,2352.764	286.69128,154.08408,2191.7312	198.15723,213.8723,2507.7922	
307.75986,150.20274,2517.3445	298.37753,194.9048,2471.5398	269.67624,195.22433,2556.534	247.33322,252.15564,2620.546	298.37753,194.9048,2471.5398	329.12314,194.5625,2386.5457	351.55518,199.2904,2179.6428	287.88336,241.97804,2419.2383	258.32675,289.21808,2420.4097	250.49545,389.64685,2206.1516	296.38382,293.13364,2313.4639	247.903,475.59866,2342.1047	337.7009,394.17166,2204.6492	258.32675,289.21808,2420.4097	365.99268,474.76602,2344.185	285.74408,167.1696,2188.1782	200.63974,221.82011,2497.418	
307.2332,152.07645,2516.066	299.03378,196.95114,2470.1616	270.66492,197.7122,2557.458	247.35999,256.93005,2596.7515	299.03378,196.95114,2470.1616	329.4812,196.13431,2382.8652	352.1369,211.32526,2190.3003	289.23035,244.31523,2419.2632	260.61334,292.0265,2423.3167	253.06874,390.72647,2189.3638	298.27148,295.484,2313.4128	249.40706,474.80792,2337.183	340.60684,396.18094,2188.6926	260.61334,292.0265,2423.3167	366.57843,475.03094,2342.056	285.9535,179.54964,2184.412	199.19286,223.83594,2476.3516	
307.09998,153.17688,2514.998	300.38797,198.33438,2468.0674	271.45267,199.3622,2552.4312	243.24051,258.28015,2567.2336	300.38797,198.33438,2468.0674	331.37143,197.2338,2383.7036	351.7725,221.31844,2204.1963	291.5551,245.92572,2416.8823	263.5136,294.12408,2418.8088	254.90689,391.8521,2171.676	302.03116,297.09558,2312.5857	249.8865,473.94324,2331.3035	345.75995,397.4422,2182.9143	263.5136,294.12408,2418.8088	370.2759,476.2847,2338.761	286.08752,188.1914,2183.9868	194.98361,222.86372,2441.1443	
307.28998,153.46333,2515.031	302.09753,199.02145,2465.9688	272.2352,200.52097,2544.78	240.99796,259.3463,2537.2097	302.09753,199.02145,2465.9688	333.93167,197.42293,2387.1575	354.6708,230.75359,2222.7153	294.74994,246.81711,2413.5786	267.52777,295.7186,2410.838	257.71536,392.87946,2154.4788	307.4645,297.79254,2311.539	250.51663,471.77045,2329.9495	351.3074,398.26334,2174.4004	267.52777,295.7186,2410.838	371.6837,476.5868,2338.3064	288.46454,199.59183,2185.5137	193.15253,223.0354,2409.043	
307.9096,154.01106,2506.4888	303.51852,200.21138,2460.9368	272.9602,201.6214,2535.7734	240.74284,260.46,2507.1526	303.51852,200.21138,2460.9368	335.99368,198.71292,2386.1	357.604,237.09802,2241.406	297.03558,248.39195,2411.1042	270.28693,297.61618,2408.3745	257.95996,394.13715,2145.5493	311.08502,299.6364,2314.169	249.5654,470.1779,2333.7827	353.70972,396.794,2156.2217	270.28693,297.61618,2408.3745	368.14874,473.88623,2333.996	291.28897,209.02907,2184.4304	192.41638,224.66338,2379.7214	
308.5082,155.12411,2493.245	305.2246,202.11609,2453.7944	273.79846,203.31853,2523.2434	242.60965,262.86743,2504.6565	305.2246,202.11609,2453.7944	338.48145,200.84361,2384.3455	360.63214,242.78543,2261.7742	299.75754,250.79675,2408.1409	273.53094,300.34918,2406.2178	261.1373,392.37906,2138.7742	315.40244,302.4066,2318.7568	249.716,469.57465,2321.8284	358.58057,396.65332,2144.363	273.53094,300.34918,2406.2178	367.5531,472.8832,2331.3003	295.86993,218.62282,2176.186	195.36572,227.83044,2354.5474	
309.11496,155.89847,2497.132	306.54446,202.77817,2454.9844	274.39218,204.41457,2518.6938	243.3714,264.65,2481.9128	306.54446,202.77817,2454.9844	340.40997,201.05458,2391.275	363.71722,246.18037,2282.9736	302.26373,251.4756,2407.6602	276.71323,301.5466,2400.4548	261.489,397.30188,2144.4436	319.6391,302.72498,2320.217	250.29597,474.38565,2325.9668	362.608,393.14438,2133.255	276.71323,301.5466,2400.4548	366.38495,470.5056,2320.5127	302.02747,227.29472,2167.9216	197.59187,229.72867,2322.9856	
310.36353,156.49557,2489.5479	308.44223,203.68433,2451.446	275.55048,205.2897,2509.527	243.8242,266.02542,2458.0151	308.44223,203.68433,2451.446	342.93036,202.00102,2393.365	363.84467,250.71523,2300.0444	304.95584,252.60786,2405.5981	279.7579,302.96887,2396.314	264.91394,393.54062,2136.3823	323.58923,303.9107,2323.1865	250.25223,472.3794,2309.8577	365.61102,392.797,2131.2751	279.7579,302.96887,2396.314	366.50284,471.76126,2313.0479	305.98453,235.47224,2163.5105	200.88866,232.50604,2290.6157	
311.37622,157.34329,2485.2266	310.10184,205.30406,2448.7231	276.7729,207.016,2503.5369	244.61212,267.10092,2433.5303	310.10184,205.30406,2448.7231	344.95706,203.51372,2393.9094	366.44464,253.1409,2319.0544	307.31796,254.41818,2404.142	282.5804,305.07278,2394.0508	268.6293,390.151,2132.4346	326.92563,305.71295,2325.0713	250.18652,470.12946,2298.9482	367.87943,392.80914,2127.9854	282.5804,305.07278,2394.0508	365.0144,472.9273,2305.6553	311.95114,242.73901,2166.6833	203.43448,234.26616,2261.1406	
311.81134,157.95493,2483.6274	311.381,206.02817,2448.4995	277.37592,207.92598,2496.3496	247.76392,267.32886,2417.8523	311.381,206.02817,2448.4995	346.7417,204.05472,2400.6494	366.79834,255.2332,2344.1216	309.62857,255.22215,2404.3936	285.48578,306.23932,2390.4297	268.41907,400.12634,2151.7803	330.71307,306.27045,2330.1455	248.28293,478.51428,2317.3027	368.53314,401.62485,2146.7852	285.48578,306.23932,2390.4297	367.78125,478.7158,2331.9688	319.55716,248.86754,2166.9202	208.70609,234.995,2240.4055	
313.44196,158.0383,2481.762	313.15598,206.11975,2447.202	278.678,207.97331,2490.3523	248.02676,266.10535,2401.4517	313.15598,206.11975,2447.202	348.8716,204.19966,2404.0515	369.15033,258.1549,2363.5847	311.83133,255.37477,2403.4097	287.8485,306.53357,2386.7732	272.7798,395.41394,2134.9788	333.59296,306.3808,2332.4617	249.95639,471.72748,2310.588	370.74896,397.5987,2134.056	287.8485,306.53357,2386.7732	367.8236,474.84775,2322.2178	327.35312,253.74348,2168.5476	214.58395,235.71933,2218.619	
315.35074,157.87683,2480.8372	315.1238,205.86955,2446.1052	280.08997,207.55563,2482.5825	246.28465,263.749,2398.7607	315.1238,205.86955,2446.1052	351.21835,204.13242,2409.628	368.04718,260.18976,2389.3223	314.19852,255.16072,2402.463	290.26138,306.41418,2381.7917	278.28476,390.6992,2128.7932	336.66855,306.13477,2335.8494	251.47736,468.14255,2297.0417	374.53043,393.45538,2129.7507	290.26138,306.41418,2381.7917	366.86728,472.22144,2312.769	335.56335,257.83383,2169.2969	220.8447,236.4952,2197.3455	
316.5959,157.87717,2481.916	316.93018,205.6039,2445.2576	281.43643,207.56403,2475.0488	246.4111,262.00287,2394.4614	316.93018,205.6039,2445.2576	353.29947,203.59543,2415.4663	367.55368,262.41296,2412.2305	316.92538,254.83633,2400.0127	293.61572,306.45453,2373.5261	278.70993,401.3246,2150.7163	340.59933,305.4589,2336.0095	249.0503,477.04456,2315.253	378.66196,389.75555,2125.7957	293.61572,306.45453,2373.5261	367.58548,470.39722,2301.5378	343.62668,261.63852,2171.3313	226.29434,236.4698,2178.8284	
317.56573,157.64516,2481.4	317.94586,205.03305,2443.7373	282.15732,207.01294,2469.2676	247.50095,259.6353,2382.7515	317.94586,205.03305,2443.7373	354.49008,203.01135,2418.2065	374.5808,267.79547,2449.2925	318.34927,254.28055,2398.31	295.2906,306.04742,2368.9468	276.60776,405.77457,2162.776	342.56866,304.8035,2336.8188	247.44876,478.56744,2337.188	374.73114,399.98474,2147.919	295.2906,306.04742,2368.9468	367.99713,477.2763,2332.4502	353.5331,263.98227,2200.2056	232.37105,234.41875,2161.56	
319.0629,156.68631,2481.112	318.98248,203.97186,2442.8604	283.081,205.70477,2467.3115	252.28172,261.46436,2363.8618	318.98248,203.97186,2442.8604	355.60995,202.20389,2418.4092	379.32724,269.9483,2481.7217	319.1725,253.2563,2398.171	295.84067,304.89575,2368.865	282.5615,399.1817,2156.564	343.20828,303.92273,2338.098	248.51846,470.62518,2331.6655	376.5783,396.07788,2138.8228	295.84067,304.89575,2368.865	366.50705,472.74353,2328.3752	362.84427,266.41702,2224.0754	237.01553,232.2511,2147.38	
320.02194,156.50299,2480.9639	319.57233,203.46097,2440.3064	283.47757,204.88664,2462.0574	257.057,261.40488,2341.9185	319.57233,203.46097,2440.3064	356.3163,202.00967,2418.5554	381.61713,270.98267,2488.8584	319.5744,252.78545,2395.4995	295.91864,304.3426,2364.3833	281.1073,404.71393,2171.2104	343.5116,303.63382,2337.002	246.21207,476.7907,2338.141	379.0755,392.96106,2133.6934	295.91864,304.3426,2364.3833	364.52374,470.58185,2319.1733	368.61194,267.51517,2225.6626	241.60172,229.96964,2129.3977	
321.03244,155.89108,2482.3855	320.4152,202.6842,2439.5146	284.14667,203.73996,2458.025	259.7275,259.27652,2330.9421	320.4152,202.6842,2439.5146	357.2383,201.6123,2421.0044	378.90723,267.6215,2440.4473	320.17694,251.96802,2393.8184	296.1488,303.36612,2359.775	287.921,398.02896,2162.2441	343.9472,302.97195,2336.4692	248.51749,470.24936,2323.7437	381.4067,389.4065,2134.3699	296.1488,303.36612,2359.775	364.20123,467.94412,2315.7642	375.98523,272.44107,2171.0034	244.71078,228.66829,2116.2607	
321.41864,155.13707,2481.6138	320.85568,201.91833,2436.6694	284.4963,202.83371,2454.3699	262.04953,257.7102,2324.9592	320.85568,201.91833,2436.6694	357.74716,200.98955,2418.969	377.75107,267.72485,2441.2383	320.49203,251.23753,2390.7898	296.27856,302.6113,2356.0505	284.68494,403.80356,2184.8723	344.17728,302.36084,2333.7698	245.33162,475.5,2343.0667	377.82254,398.47165,2158.6628	296.27856,302.6113,2356.0505	365.27917,476.98096,2335.277	380.9065,269.39008,2172.6404	250.75996,226.24593,2108.5598	
322.2349,152.97635,2490.2734	321.56705,199.05977,2439.3843	285.12335,199.93791,2453.9275	266.06976,257.59424,2316.4856	321.56705,199.05977,2439.3843	358.44794,198.17108,2424.841	377.9325,268.0884,2444.6326	321.3602,248.09389,2390.233	297.18976,299.37415,2350.2378	282.92145,403.6836,2196.0146	345.28772,298.99832,2331.9253	246.19962,476.3018,2353.6902	381.51428,389.5705,2156.3464	297.18976,299.37415,2350.2378	366.25565,469.18408,2330.3792	384.72208,264.8794,2177.9597	255.0724,223.75562,2102.3628	
323.25864,150.70206,2494.0808	322.77344,196.59064,2440.3433	286.21432,197.38336,2451.016	265.47864,256.1984,2307.2512	322.77344,196.59064,2440.3433	359.65375,195.79094,2429.6704	381.33188,264.11423,2450.3328	322.81937,245.47952,2389.8018	298.81787,296.7163,2345.98	282.58337,402.52185,2204.4006	347.05527,296.24426,2332.5405	248.8523,476.9521,2358.7117	384.51508,384.23547,2161.2017	298.81787,296.7163,2345.98	366.01764,465.28296,2327.391	387.05524,261.79602,2181.0063	258.61,221.48036,2090.3584	
323.48755,149.41443,2487.9863	323.35236,195.53217,2435.3652	286.62115,196.30876,2442.472	263.50476,253.09195,2306.135	323.35236,195.53217,2435.3652	360.29852,194.75102,2428.2585	383.30096,260.39853,2451.1843	323.77356,244.64183,2387.4404	300.1146,296.08163,2343.9897	282.1874,402.56635,2211.3032	348.4018,295.44415,2335.0415	248.61096,478.74457,2356.7285	379.72858,392.6842,2185.728	300.1146,296.08163,2343.9897	366.87408,474.47043,2343.8462	388.06903,260.74924,2182.427	262.86707,218.58401,2083.8982	
322.7493,146.93167,2484.421	323.0203,193.31587,2433.1746	286.2387,194.33719,2439.6404	264.87085,251.54726,2304.5532	323.0203,193.31587,2433.1746	359.9979,192.28912,2426.7087	384.09476,258.74744,2454.5947	323.84625,242.55101,2387.7075	300.63013,294.19193,2346.31	280.04507,400.40598,2224.349	348.86218,293.20166,2338.171	248.82758,478.1947,2364.6218	376.32037,394.98956,2207.205	300.63013,294.19193,2346.31	364.608,478.6458,2351.858	388.31546,259.443,2182.7273	265.8823,216.7366,2083.5798	
323.25156,144.00821,2482.6423	323.49756,190.64053,2431.8208	286.63895,191.60051,2435.76	264.71393,247.89214,2305.2734	323.49756,190.64053,2431.8208	360.47574,189.67743,2427.8816	384.1632,257.1132,2455.303	324.49542,239.95303,2388.3127	301.44983,291.61652,2347.2844	280.3691,397.79526,2228.1274	349.66177,290.57343,2342.325	248.993,476.73828,2362.7073	373.89975,394.66138,2223.9465	301.44983,291.61652,2347.2844	366.02823,480.2246,2356.633	388.85397,255.48059,2180.193	269.13058,214.75665,2074.6533	
323.09613,142.60733,2481.7556	323.53278,188.97014,2430.049	286.59702,189.80272,2431.1555	266.61356,244.57114,2304.6343	323.53278,188.97014,2430.049	360.50217,188.13681,2428.9426	383.9527,255.14662,2451.659	324.62424,238.31175,2386.9602	301.64316,289.98117,2344.5679	278.73083,395.88675,2237.0645	349.8828,288.95355,2343.1748	249.72751,478.72073,2353.9854	371.13348,394.4643,2232.7632	301.64316,289.98117,2344.5679	366.4859,481.8592,2354.344	388.90952,252.96974,2177.235	271.26678,213.0846,2067.885	
322.6725,140.06136,2480.8032	323.1859,186.47311,2430.1426	286.22357,187.19963,2429.6428	266.3452,242.28796,2300.3035	323.1859,186.47311,2430.1426	360.13303,185.7469,2430.6423	383.49512,253.07977,2454.33	324.27747,235.83618,2388.3872	301.31488,287.443,2346.3174	277.2839,392.69226,2257.2322	349.49442,286.46906,2346.9463	249.23352,479.2362,2350.953	368.9449,392.47986,2242.3308	301.31488,287.443,2346.3174	366.70023,479.9098,2362.785	388.38705,250.54378,2176.4119	273.4127,211.35373,2061.4316	
322.41956,137.35439,2472.8325	322.99985,184.12407,2427.0579	285.96173,184.75133,2423.957	265.44656,239.26193,2303.148	322.99985,184.12407,2427.0579	359.94345,183.49841,2430.1587	383.1939,249.73315,2449.1655	324.1819,233.6795,2388.9595	301.3414,285.33237,2348.909	277.85104,390.51553,2264.4033	349.4232,284.35074,2352.8132	248.58264,477.6341,2351.9893	368.16653,390.33698,2252.8083	301.3414,285.33237,2348.909	367.23355,478.87238,2365.3948	388.17896,248.81259,2170.4985	274.09222,210.4736,2060.1914	
321.7048,135.69107,2468.8435	322.41354,182.66983,2424.0195	285.31323,183.29698,2419.3787	265.68652,236.63487,2307.0618	322.41354,182.66983,2424.0195	359.37207,182.04506,2428.6604	382.21094,246.04868,2447.0847	323.71402,232.3531,2387.8486	301.00113,284.09686,2348.7563	277.16046,389.1242,2269.0908	349.0482,283.03387,2354.599	247.64404,477.1413,2350.2593	365.48837,389.32404,2257.5918	301.00113,284.09686,2348.7563	366.79504,479.12665,2361.5547	385.76794,245.85521,2169.3743	274.2577,210.00682,2061.78	
320.7092,134.32242,2458.3613	321.81754,181.82274,2418.8982	284.629,182.54831,2411.5308	263.96527,235.44745,2310.5273	321.81754,181.82274,2418.8982	358.78024,181.1016,2426.2656	380.5532,241.50629,2440.5593	323.43326,231.77686,2387.3535	301.08414,283.73703,2351.1704	276.69934,388.34293,2279.372	349.00604,282.4031,2360.4473	247.67253,478.25003,2346.9663	364.79648,388.4782,2270.045	301.08414,283.73703,2351.1704	365.44922,479.40332,2364.5972	383.50458,244.86736,2166.6306	276.075,209.3854,2068.5654	
319.67508,132.26312,2453.1057	320.85107,180.14545,2416.4768	283.61673,180.89763,2408.188	264.58167,235.96065,2300.75	320.85107,180.14545,2416.4768	357.83087,179.3984,2424.7656	379.61865,240.1643,2441.7756	322.53772,230.23775,2387.7373	300.29324,282.2598,2353.7803	274.42157,386.26703,2285.4653	348.1319,280.8445,2364.2153	246.90219,476.32916,2354.0178	360.99408,386.8784,2283.9263	300.29324,282.2598,2353.7803	365.67987,480.79883,2353.0957	382.40283,243.91162,2171.4485	277.9101,206.82135,2065.4053	
317.9283,130.60294,2458.4954	319.5152,178.1885,2418.2998	282.30878,179.16399,2409.8174	265.9199,235.59727,2296.89	319.5152,178.1885,2418.2998	356.46155,177.21985,2426.7822	379.0252,238.66429,2437.8938	321.54367,228.11801,2387.258	299.62598,280.22238,2350.8767	273.72833,384.26706,2284.826	347.51666,278.50772,2361.556	246.37152,474.4179,2353.8594	360.0028,384.6383,2283.716	299.62598,280.22238,2350.8767	365.88516,479.81058,2344.9807	381.79858,243.06055,2169.4077	280.38815,205.29335,2060.9026	
316.8986,130.30069,2453.1858	318.80768,178.0495,2414.6033	281.54922,179.14204,2403.548	266.04242,232.78761,2298.4434	318.80768,178.0495,2414.6033	355.7265,176.96692,2425.6584	378.42822,238.03644,2438.4624	321.17087,228.12077,2385.5625	299.6094,280.43015,2349.5613	273.91806,384.28656,2293.1003	347.43396,278.42807,2363.4822	246.90683,475.56934,2352.8782	358.66687,384.3642,2296.1897	299.6094,280.43015,2349.5613	366.02722,480.4181,2346.9255	380.98163,241.7985,2168.5142	281.33844,204.69797,2056.2988	
315.85593,129.38371,2450.5068	317.89905,176.99414,2413.6443	280.62424,178.23361,2402.5288	264.55432,232.88428,2297.2002	317.89905,176.99414,2413.6443	354.83215,175.76602,2424.7598	376.64417,237.71544,2436.7148	320.4409,227.11958,2386.004	299.08316,279.519,2351.3665	271.97925,382.6807,2301.4207	346.8597,277.32748,2365.3606	246.20502,475.03503,2353.9548	356.02814,383.38028,2296.3733	299.08316,279.519,2351.3665	365.20554,478.1865,2355.3298	379.08093,241.5121,2167.0105	282.2543,204.67447,2054.899	
314.82938,127.65934,2456.697	317.03546,174.80777,2416.6597	279.80157,176.02966,2405.3274	265.5209,232.54933,2294.6108	317.03546,174.80777,2416.6597	353.9218,173.5973,2427.992	375.17368,236.25633,2435.3699	319.62106,224.72049,2386.0264	298.2812,277.02658,2348.2593	271.28745,380.30518,2299.2283	346.12177,274.84302,2362.5269	244.94069,472.5284,2352.7058	354.27554,380.9997,2295.8125	298.2812,277.02658,2348.2593	365.24606,476.61853,2348.1865	375.96567,242.78802,2168.479	283.15417,204.57224,2056.0847	
313.99658,127.58458,2451.7764	316.3048,174.71442,2413.5093	279.02917,176.0971,2400.98	265.3195,230.51035,2296.2905	316.3048,174.71442,2413.5093	353.1954,173.34601,2426.0386	375.29645,234.2215,2433.1904	319.17984,224.73485,2384.27	298.14072,277.22815,2347.143	271.78925,380.29865,2308.4268	345.95172,274.77475,2362.9185	246.36603,473.4805,2353.9846	352.8326,380.98492,2296.9653	298.14072,277.22815,2347.143	365.36203,475.4181,2356.3115	374.20343,243.02504,2169.7407	282.5828,204.85437,2054.9194	
313.13834,127.80841,2442.8132	315.3053,175.55048,2409.2769	277.96335,176.89816,2395.266	265.77316,228.72162,2294.1353	315.3053,175.55048,2409.2769	352.21545,174.21838,2423.2876	373.714,232.95203,2426.0906	318.16492,225.80676,2383.8179	297.1419,278.39444,2349.5383	270.20834,380.82776,2319.465	344.85217,275.911,2367.1794	244.47922,473.85602,2362.0588	349.68054,381.90247,2306.8162	297.1419,278.39444,2349.5383	365.45007,476.66995,2356.772	372.36765,242.87695,2161.8462	281.14716,204.07266,2048.3938	
312.05756,126.85402,2437.329	314.4072,175.1308,2406.9495	277.0205,176.4068,2392.6626	262.08868,229.12645,2302.0557	314.4072,175.1308,2406.9495	351.3527,173.86984,2421.2363	371.36578,233.3676,2417.5325	317.13297,225.52934,2384.126	295.99313,278.1083,2352.3086	268.74667,380.36407,2321.9915	343.64816,275.70514,2370.2964	244.15356,473.89087,2362.3923	348.9619,381.55273,2309.62	295.99313,278.1083,2352.3086	365.22296,477.16852,2351.9844	368.49463,242.58391,2152.4924	278.76917,203.91658,2051.6655	
311.6602,127.20468,2428.1094	313.21033,175.83417,2402.9934	275.73514,176.59308,2390.056	259.4067,229.81317,2302.0593	313.21033,175.83417,2402.9934	350.28415,175.0834,2415.931	369.1031,232.28238,2419.7527	315.0549,226.45844,2383.6833	293.00858,278.74716,2356.2275	266.12,380.6535,2331.5173	340.68637,277.0778,2372.519	241.8636,476.22394,2352.344	345.08627,382.51117,2323.6018	293.00858,278.74716,2356.2275	362.74448,480.2396,2340.6406	366.8541,242.99806,2156.2668	277.979,204.29982,2050.154	
311.32156,126.81206,2422.5088	312.25754,175.69873,2400.8435	274.74414,176.21573,2390.901	257.30576,231.65883,2301.5618	312.25754,175.69873,2400.8435	349.46152,175.18597,2410.7861	367.46118,234.47757,2422.8818	313.52606,226.46812,2384.6782	290.91278,278.53094,2362.253	266.2649,380.97824,2331.8137	338.585,277.3333,2374.773	242.42947,476.37704,2355.3098	345.25256,382.70557,2321.0303	290.91278,278.53094,2362.253	364.19467,479.08,2348.8828	363.3539,242.97395,2157.438	275.9487,204.55852,2048.1501	
310.35428,126.65811,2421.6865	310.9786,175.70044,2400.5835	273.4521,176.03249,2391.5935	257.12555,232.69962,2301.2888	310.9786,175.70044,2400.5835	348.22513,175.37088,2409.5735	366.0634,237.00325,2423.4282	311.91974,226.50694,2385.101	288.97992,278.43362,2363.9597	264.9067,381.41516,2322.5586	336.6525,277.52322,2375.2776	244.00435,476.79657,2354.613	344.18628,382.90894,2319.3245	288.97992,278.43362,2363.9597	363.7065,478.6888,2352.218	360.966,243.13913,2158.4001	276.6002,204.47212,2050.7476	
310.11664,126.537605,2418.7632	310.2851,175.57611,2399.1975	272.72516,175.3552,2389.051	256.97852,233.32545,2294.6355	310.2851,175.57611,2399.1975	347.52866,175.79517,2409.344	363.09558,238.14789,2424.1926	310.51935,226.45445,2385.2866	286.87085,278.06567,2364.9878	263.98083,381.54034,2316.8289	334.51346,277.7945,2377.7637	244.01205,476.14276,2358.4075	343.3757,383.03107,2319.9407	286.87085,278.06567,2364.9878	363.8122,478.44,2354.391	357.01556,243.61296,2156.6045	275.3459,204.89386,2048.383	
