320.7533,130.22252,2486.979	320.85635,176.95694,2443.4233	284.29367,177.9495,2452.5027	283.1452,228.87442,2297.4985	320.85635,176.95694,2443.4233	357.69177,175.95697,2434.344	357.69147,241.78777,2434.344	321.3381,225.92276,2402.495	297.9877,276.9926,2367.2827	290.7456,383.39346,2251.3718	345.8011,276.17706,2355.851	273.3214,477.64203,2319.6716	349.83316,381.1812,2336.4214	297.9877,276.9926,2367.2827	356.474,480.2543,2350.8015	357.6926,307.61847,2434.3438	319.94507,204.07246,2088.8364	
320.0535,129.36084,2475.9236	320.5071,176.79532,2438.2764	283.85907,178.05754,2446.7861	280.77255,228.29684,2297.7322	320.5071,176.79532,2438.2764	357.41183,175.52423,2429.7666	357.4115,241.47903,2429.7666	321.46548,226.07207,2401.7651	298.63675,277.4641,2370.611	288.7431,383.56302,2261.1858	346.3783,276.27344,2359.8967	272.02582,477.19382,2331.6802	347.63812,381.1503,2340.14	298.63675,277.4641,2370.611	356.72375,479.6657,2356.1443	357.41263,307.43375,2429.7664	318.0892,204.86366,2081.983	
319.3068,127.661285,2470.3687	319.7143,175.69705,2436.2004	283.0054,176.79984,2443.6724	278.6917,228.50305,2296.854	319.7143,175.69705,2436.2004	356.64902,174.58746,2428.7285	356.6487,240.57047,2428.7285	320.5604,225.11952,2402.0708	297.62634,276.4829,2372.645	286.02908,382.30823,2261.714	345.33017,275.4484,2363.2373	269.9888,476.05475,2332.2737	345.44537,380.46997,2337.2507	297.62634,276.4829,2372.645	354.2723,478.812,2356.2788	356.64984,306.55338,2428.7283	313.25964,206.67642,2075.4265	
318.99106,127.94328,2467.15	318.8437,175.96815,2433.6272	282.1648,176.7891,2443.4878	278.31122,229.11917,2297.9495	318.8437,175.96815,2433.6272	355.82098,175.14053,2423.7666	355.82068,241.2586,2423.7666	319.10587,225.52325,2401.0159	295.61038,276.71222,2374.613	284.63785,382.51538,2258.901	343.26505,276.17242,2362.196	268.2542,475.4195,2335.2693	343.38733,381.4548,2331.9006	295.61038,276.71222,2374.613	352.22836,479.59375,2354.633	355.8218,307.3766,2423.7664	309.9681,207.85936,2069.2825	
318.55392,127.695595,2465.992	318.3067,175.52255,2431.968	281.59634,176.2389,2441.7058	277.71786,229.25156,2289.938	318.3067,175.52255,2431.968	355.3122,174.80046,2422.2302	355.31186,240.96048,2422.2302	318.43225,225.13042,2399.785	294.7904,276.29108,2373.7317	283.90195,382.10358,2254.053	342.45544,275.8817,2361.472	269.56305,475.5251,2330.5703	343.93256,381.38422,2326.3948	294.7904,276.29108,2373.7317	353.25504,478.56415,2358.5461	355.313,307.1204,2422.23	310.0029,208.77452,2067.2969	
318.05716,126.927124,2465.972	317.93597,174.58994,2431.138	281.19824,175.29376,2440.393	274.16602,230.01883,2299.9814	317.93597,174.58994,2431.138	354.95447,173.88074,2421.8828	354.95416,240.05023,2421.8828	318.06088,224.1637,2398.0144	294.38217,275.33517,2370.717	282.9284,381.24384,2259.3977	342.11398,274.9161,2359.0647	270.083,476.38855,2324.1619	343.13742,380.67505,2320.1611	294.38217,275.33517,2370.717	354.05365,477.26215,2357.9016	354.9553,306.21967,2421.8826	304.22232,212.39883,2073.1099	
317.69165,126.72822,2464.901	317.3497,174.26924,2429.571	280.59445,174.88211,2439.0183	267.1577,230.80652,2315.4854	317.3497,174.26924,2429.571	354.3919,173.65158,2420.1238	354.3916,239.86919,2420.1238	317.32678,223.88457,2396.7139	293.48917,275.02377,2369.804	281.84567,380.9745,2263.6533	341.23737,274.73386,2357.9094	269.75687,476.46487,2325.7405	341.28143,380.8407,2310.0432	293.48917,275.02377,2369.804	353.2159,475.69293,2363.0295	354.39273,306.0867,2420.1235	303.90308,215.29817,2103.3447	
317.39087,126.91308,2456.3882	317.03665,174.77,2424.427	280.18698,175.24506,2433.3186	264.86118,232.29384,2315.7324	317.03665,174.77,2424.427	354.15762,174.29146,2415.5354	354.1573,240.63483,2415.5354	316.91428,224.61902,2394.5059	292.97314,275.79822,2370.1824	279.7166,381.5988,2265.133	340.7174,275.66068,2358.987	272.09537,477.3847,2327.453	341.0442,381.9176,2305.773	292.97314,275.79822,2370.1824	354.09464,476.44122,2361.5183	354.15845,306.97812,2415.5352	306.712,219.75858,2120.6045	
316.84186,127.615326,2460.1306	316.39938,174.99825,2424.3003	279.49014,175.35448,2430.9856	261.54358,233.42215,2318.3647	316.39938,174.99825,2424.3003	353.51273,174.64005,2417.615	353.5124,240.92636,2417.615	316.26266,224.76047,2392.1665	292.22888,275.9288,2364.2417	277.37756,381.82605,2261.2349	340.10098,275.82657,2355.8237	270.83984,479.0875,2314.9368	341.0131,382.5288,2290.2563	292.22888,275.9288,2364.2417	353.40738,475.75925,2359.9978	353.51352,307.2126,2417.6147	312.35602,225.58084,2153.0088	
316.4841,128.67044,2462.512	316.15622,176.15106,2423.6323	279.1802,176.53525,2427.9219	256.69702,233.03793,2334.6902	316.15622,176.15106,2423.6323	353.26334,175.76547,2419.3428	353.263,242.00446,2419.3428	316.24698,225.85757,2389.5554	292.37234,277.13583,2358.179	276.52667,383.25305,2254.4907	340.36346,276.86844,2352.778	271.01196,478.86633,2321.92	342.9369,383.92657,2276.699	292.37234,277.13583,2358.179	354.8526,475.7475,2359.5745	353.26416,308.24335,2419.3425	295.02664,224.84384,2128.4084	
315.96567,129.74686,2464.1963	315.68243,177.11563,2423.216	278.65314,177.44914,2425.3008	254.88881,232.0458,2324.3442	315.68243,177.11563,2423.216	352.7755,176.78154,2421.1313	352.7752,242.97159,2421.1313	315.88837,226.80502,2388.2256	292.08798,278.13214,2354.5476	275.19205,384.32477,2247.8174	340.13962,277.81183,2351.9226	270.8251,478.45923,2327.2532	344.60327,385.03256,2265.7646	292.08798,278.13214,2354.5476	355.062,475.3532,2361.7173	352.77634,309.16153,2421.1313	288.6955,224.5185,2102.0923	
315.74582,131.12735,2456.04	315.48785,179.0047,2420.057	278.33957,178.9941,2416.3323	251.60193,231.30382,2323.1748	315.48785,179.0047,2420.057	352.52197,179.01527,2423.7815	352.52164,245.13293,2423.7815	315.72845,228.88567,2387.3525	291.93857,280.24628,2352.302	274.59912,386.57697,2240.2405	339.9651,280.05844,2356.9944	270.70975,480.1359,2325.2886	346.21606,387.13654,2263.2273	291.93857,280.24628,2352.302	355.92307,476.7597,2364.3086	352.52277,311.25052,2423.7815	283.0773,225.17204,2088.3762	
315.71564,132.84613,2451.9106	314.6042,181.05821,2418.8562	277.41718,180.1609,2412.568	247.1496,232.1485,2316.0823	314.6042,181.05821,2418.8562	351.59833,181.95087,2425.1443	351.598,248.03139,2425.1443	313.79642,231.1515,2390.9797	289.0264,282.01907,2359.1448	271.76407,388.1447,2245.394	336.83264,282.8329,2367.0618	267.66473,482.0711,2326.4524	345.54346,389.41663,2263.0305	289.0264,282.01907,2359.1448	355.5075,478.75415,2365.3347	351.59912,314.11182,2425.1443	280.7159,227.86975,2081.7295	
315.11572,134.94559,2458.3667	313.98407,182.75095,2423.0525	276.8488,181.34268,2413.4453	243.53123,232.31744,2308.0166	313.98407,182.75095,2423.0525	350.82602,184.14809,2432.6597	366.126,221.28609,2442.9753	312.71875,232.7702,2394.9292	287.5193,283.33124,2360.7583	273.39124,389.71646,2235.8047	335.20566,284.6218,2372.8535	268.62717,485.09772,2309.4001	350.26895,389.93842,2247.6104	287.5193,283.33124,2360.7583	359.5417,477.99152,2360.9731	358.62463,269.3372,2375.995	279.74307,229.12033,2077.9084	
315.34427,137.46576,2462.1445	314.7182,185.2249,2427.7583	277.7274,183.53494,2410.082	242.84879,232.7487,2293.0322	314.7182,185.2249,2427.7583	351.17426,186.89044,2445.4346	376.04575,228.19307,2438.6409	313.6838,235.15947,2398.8494	288.7967,285.7015,2358.801	278.10876,392.36404,2219.5427	336.22873,286.9173,2381.0798	271.95972,486.95657,2301.2761	358.36157,390.1643,2234.903	288.7967,285.7015,2358.801	364.33066,477.0702,2358.7346	371.5072,267.26947,2340.098	283.49713,232.04425,2075.1562	
315.92526,139.54007,2463.635	316.3832,187.51767,2431.8276	279.5881,186.30417,2406.743	243.8817,234.59785,2281.639	316.3832,187.51767,2431.8276	352.42697,188.70639,2456.9124	383.8811,236.0793,2426.5647	316.56784,237.38254,2402.5825	293.10165,288.37265,2357.5386	284.77716,395.1864,2207.1934	340.09958,288.5786,2389.1362	274.41476,487.4306,2302.4253	365.42383,390.21643,2220.7832	293.10165,288.37265,2357.5386	368.78336,474.71295,2360.979	386.67352,275.1812,2278.7083	287.62018,233.66014,2077.5364	
316.71387,140.76736,2465.6914	317.5217,189.03131,2434.0574	280.91187,187.7707,2403.3005	247.07901,235.7651,2264.362	317.5217,189.03131,2434.0574	353.2179,190.26047,2464.8142	391.17123,236.7716,2388.56	318.201,238.76436,2401.9468	295.3539,289.86417,2350.481	284.5484,396.8551,2196.0388	342.06195,289.82642,2389.1914	272.508,488.7974,2294.412	369.75632,387.51495,2199.8008	295.3539,289.86417,2350.481	365.89124,472.0589,2344.6611	432.41946,248.16226,2195.9685	296.0393,234.42581,2075.5034	
317.739,141.79959,2467.759	318.72452,189.86865,2435.3193	282.19766,188.5184,2402.3232	253.55005,235.81174,2243.1843	318.72452,189.86865,2435.3193	354.2748,191.18282,2468.3154	395.70993,238.63411,2404.294	319.54974,239.52704,2401.5122	296.8938,290.62497,2346.9487	285.45282,397.85822,2193.3557	343.49472,290.5824,2388.4614	271.9769,488.3417,2299.3225	373.72034,385.61774,2189.591	296.8938,290.62497,2346.9487	364.9419,469.6305,2339.2158	449.18536,245.13947,2227.8237	306.25104,234.18277,2067.3591	
318.84952,142.0939,2466.3264	320.18677,190.49806,2435.1077	283.83167,188.98778,2398.1511	262.98727,234.77817,2221.0999	320.18677,190.49806,2435.1077	355.45493,191.96318,2472.0642	400.74158,237.65126,2418.1619	321.21222,240.11766,2399.9678	298.85226,291.23883,2341.5657	288.13104,398.88678,2188.7532	345.22784,291.1855,2388.09	272.11346,488.13654,2300.0398	377.36014,383.61633,2186.2717	298.85226,291.23883,2341.5657	364.8979,468.26944,2332.911	461.41162,239.27127,2267.124	320.0241,233.05621,2054.7861	
319.94894,143.24762,2473.1667	322.2745,191.24794,2437.0374	286.2652,190.19196,2394.4688	271.50128,233.74298,2207.1753	322.2745,191.24794,2437.0374	357.04745,192.26767,2479.606	406.849,233.4881,2430.652	324.70422,240.60712,2398.0825	303.98843,292.06708,2332.3184	293.3413,400.32922,2183.838	349.918,291.13623,2385.937	275.56714,489.0763,2297.1577	383.91217,381.3376,2181.6643	303.98843,292.06708,2332.3184	369.09106,466.52264,2326.5352	471.71606,231.29002,2302.0432	331.81134,230.79501,2048.9343	
321.48666,144.51178,2477.15	325.051,192.3354,2437.5146	289.58554,191.74135,2387.594	281.68857,232.41595,2192.765	325.051,192.3354,2437.5146	359.0929,192.90562,2487.4353	412.59946,229.89792,2439.9468	329.10703,241.45627,2395.6882	310.4483,293.29208,2322.4114	297.09656,401.85034,2177.9004	355.5633,291.3791,2385.3123	276.89075,489.06476,2297.6086	387.70108,378.6588,2183.6812	310.4483,293.29208,2322.4114	371.05515,464.66348,2323.8086	479.8427,224.12968,2333.227	345.4287,228.10661,2045.7671	
322.16962,144.74347,2487.124	327.0642,192.02565,2440.1775	292.04977,191.55782,2385.151	294.81244,228.3579,2168.9749	327.0642,192.02565,2440.1775	360.5343,192.47284,2495.204	417.04865,225.91757,2452.036	332.31277,240.74977,2393.832	315.20514,292.582,2312.858	296.99017,400.84708,2175.8018	359.67596,290.248,2382.1152	276.06976,486.38547,2304.05	383.07428,386.37634,2196.5396	315.20514,292.582,2312.858	371.79752,471.84564,2336.8801	485.17648,215.67583,2363.836	362.77982,223.42238,2043.4946	
323.40015,146.30476,2493.0955	329.33685,192.37912,2440.5144	294.66428,191.97498,2381.891	308.26004,224.91992,2152.0454	329.33685,192.37912,2440.5144	362.38278,192.76431,2499.1377	422.27658,220.852,2467.059	335.68173,240.67899,2388.84	319.92413,292.43466,2300.2783	300.58563,401.2223,2167.3987	363.99463,289.8357,2374.0532	276.09967,485.42557,2299.4421	384.34268,390.5973,2198.065	319.92413,292.43466,2300.2783	371.51572,475.63522,2338.7751	490.72546,206.30081,2388.0977	380.15326,216.91174,2040.7087	
324.95123,147.0299,2497.0447	331.4759,192.21664,2439.9402	297.43573,191.30754,2375.2183	319.1022,220.43945,2137.0618	331.4759,192.21664,2439.9402	363.75684,193.07878,2504.662	425.67194,217.4837,2483.1025	338.4883,240.18213,2383.9106	323.83026,291.6128,2287.1199	302.91498,400.763,2169.5137	367.08887,289.34012,2368.6423	275.55978,484.36435,2300.376	387.41443,385.15497,2190.0857	323.83026,291.6128,2287.1199	370.3881,469.82947,2333.3735	494.1872,196.88197,2405.9763	394.19507,209.94698,2046.0895	
326.37152,146.77982,2497.107	333.69556,192.04654,2441.4302	300.97525,190.9184,2366.5542	328.72968,217.12158,2131.7095	333.69556,192.04654,2441.4302	364.4686,193.10754,2516.3062	426.45236,215.38603,2492.7175	341.9637,239.83134,2385.8213	329.58148,291.18353,2282.9812	308.2553,400.3045,2182.1482	370.83533,288.6613,2377.4436	277.8601,484.43,2303.3164	391.04315,381.25238,2198.0295	329.58148,291.18353,2282.9812	370.66522,464.99133,2343.4832	492.93384,188.08037,2433.5852	405.44775,202.49458,2045.2935	
327.1216,147.99306,2497.2175	334.99927,193.10168,2441.2715	304.65247,191.08156,2351.8564	338.08273,212.51923,2120.6025	334.99927,193.10168,2441.2715	363.20163,194.97908,2530.6865	427.67523,213.35555,2502.0767	344.32355,240.79826,2386.5186	334.716,291.84103,2275.2017	310.5397,400.76276,2174.8513	372.53796,289.6809,2388.3296	278.6001,483.7505,2300.9143	391.52283,382.3401,2199.4097	334.716,291.84103,2275.2017	368.49835,465.69458,2343.79	490.69812,178.25975,2453.95	416.6066,195.26245,2041.7606	
328.81982,147.55411,2497.5464	336.5814,192.70764,2441.423	307.5342,189.90474,2344.539	344.71484,208.24622,2114.337	336.5814,192.70764,2441.423	363.41113,195.29659,2538.3071	429.32123,210.65662,2509.5156	346.00034,240.4388,2387.3555	337.5494,291.1812,2272.438	309.7301,399.07678,2183.9639	373.2316,289.62347,2394.1377	276.64362,482.4409,2304.5933	392.67645,380.68063,2193.5547	337.5494,291.1812,2272.438	367.99417,464.65738,2334.7065	489.11224,170.06999,2471.3357	423.66315,187.30867,2038.4011	
329.85376,147.77554,2497.727	337.96426,192.66147,2440.5007	309.4139,189.85982,2340.6228	348.3492,203.48633,2109.6956	337.96426,192.66147,2440.5007	364.26962,195.24283,2540.3787	430.43466,206.37263,2524.7764	347.96906,240.31963,2386.605	340.5199,291.06015,2270.0051	311.41055,398.67426,2186.6152	375.4144,289.34598,2395.4133	276.75156,481.00134,2309.3044	396.03232,379.5973,2189.3445	340.5199,291.06015,2270.0051	369.4895,463.73727,2328.887	485.96484,160.4982,2485.1614	427.73633,179.05824,2033.6349	
330.87915,148.67859,2497.7944	340.3288,193.434,2443.5815	312.11438,191.7445,2342.411	351.1322,198.90482,2107.3386	340.3288,193.434,2443.5815	366.2998,194.98917,2544.7522	430.43787,203.90385,2531.8918	351.35754,241.1082,2394.5706	345.26334,292.39792,2281.9426	314.4315,398.81937,2202.6802	379.50238,289.23727,2409.1765	278.1358,480.1588,2323.9988	394.4662,386.09933,2220.6072	345.26334,292.39792,2281.9426	370.64136,470.69925,2351.9807	482.23737,153.33676,2493.368	430.3534,170.50719,2030.3071	
331.60486,148.8777,2497.3086	341.56284,193.43094,2444.4001	313.00937,192.50513,2345.106	353.0273,195.67422,2100.647	341.56284,193.43094,2444.4001	367.8871,194.28448,2543.6943	429.54922,200.8172,2540.4258	353.0549,241.10745,2397.3794	347.2354,292.75,2287.895	311.18018,397.10648,2199.7747	381.85806,288.73972,2412.8223	274.78452,478.84695,2319.64	391.10193,388.21567,2219.6125	347.2354,292.75,2287.895	370.02826,473.7298,2348.2551	477.67865,146.53223,2493.3223	431.48734,162.43513,2023.2177	
332.28372,148.95126,2497.5745	342.64227,193.36101,2444.2441	313.32324,193.14633,2349.3083	349.83896,194.90831,2098.8093	342.64227,193.36101,2444.2441	369.7689,193.55966,2539.18	429.26193,199.9454,2543.703	354.29977,241.05812,2398.0474	348.11536,293.02695,2292.08	309.39987,396.23956,2202.8662	383.808,288.34998,2411.621	271.97086,478.6242,2316.4314	393.23636,384.9015,2204.7954	348.11536,293.02695,2292.08	369.85477,469.8254,2338.5781	470.66638,140.80289,2493.2246	426.68845,158.15451,2026.6566	
332.96515,146.97874,2497.708	343.77698,191.51227,2446.9717	314.13477,191.9479,2354.389	347.6085,192.9384,2094.3848	343.77698,191.51227,2446.9717	371.25787,191.10841,2539.5544	429.45447,200.82625,2542.848	355.62006,239.21967,2403.609	349.43042,291.41965,2301.9841	308.33023,393.05664,2214.6663	385.47635,286.0724,2418.508	271.47604,477.47174,2316.2766	390.22653,385.37567,2222.9321	349.43042,291.41965,2301.9841	369.69476,471.05072,2351.3235	461.57358,136.94876,2495.8674	423.2079,153.12827,2029.8799	
333.82663,145.60638,2497.285	344.46765,190.05191,2447.9607	314.67258,190.5269,2356.3667	343.13852,192.44316,2095.6963	344.46765,190.05191,2447.9607	372.11353,189.6112,2539.5547	428.1823,201.12775,2547.913	356.15048,237.79282,2405.3398	349.6844,289.992,2305.085	305.97546,390.299,2213.9482	385.94077,284.65048,2420.353	268.90695,476.45837,2305.813	388.2191,384.33527,2216.4307	349.6844,289.992,2305.085	368.23083,470.33887,2345.3323	452.0791,134.61299,2499.2988	417.74063,150.07108,2035.9583	
333.6588,144.42952,2489.0757	344.78378,189.26012,2446.5908	315.41907,190.37106,2352.9412	337.84406,192.55315,2100.317	344.78378,189.26012,2446.5908	371.98334,188.23108,2540.2405	426.86508,202.37454,2547.4878	356.5942,237.26689,2411.0127	350.59045,289.9025,2316.4753	305.5648,388.9721,2228.093	386.0464,283.67548,2434.3938	268.97372,475.87354,2313.4795	388.85468,380.2205,2222.3154	350.59045,289.9025,2316.4753	367.9296,465.6875,2353.445	443.24844,133.42606,2498.5952	411.1741,148.4147,2039.4038	
333.5672,142.81795,2484.5327	343.9872,188.18396,2444.1462	313.79114,189.41579,2355.0015	332.88562,194.57965,2104.2197	343.9872,188.18396,2444.1462	372.0581,187.0388,2533.291	425.08627,204.26312,2550.3032	354.94742,236.50482,2410.73	347.4605,289.34134,2321.1755	299.18372,386.55127,2222.5754	384.10568,283.1726,2433.452	263.03857,472.76263,2314.5168	384.34406,380.15717,2211.2795	347.4605,289.34134,2321.1755	366.77216,466.92322,2340.1177	436.1658,133.99994,2493.9849	404.1175,148.12909,2047.3353	
333.25406,142.23297,2483.2202	343.21066,187.84637,2443.8613	312.50638,189.13586,2357.555	324.90527,201.97487,2119.633	343.21066,187.84637,2443.8613	371.82022,186.64485,2530.1677	423.2399,207.2248,2550.1692	353.68982,236.31297,2411.377	345.35205,289.22247,2324.571	297.35413,386.5102,2225.909	382.70532,283.12326,2433.214	261.09418,472.01172,2320.7795	385.1634,378.80054,2206.8284	345.35205,289.22247,2324.571	367.068,465.3302,2338.161	430.71185,136.55357,2493.1877	393.51282,154.09503,2056.0056	
332.9039,141.76505,2482.0757	342.17194,187.5773,2443.1936	310.89417,188.8175,2360.2104	315.7,211.85646,2137.3525	342.17194,187.5773,2443.1936	371.39478,186.41858,2526.1768	420.78915,211.0935,2551.6118	352.00345,236.20941,2411.396	342.57693,289.14536,2327.3584	293.5678,385.84637,2227.7014	380.7799,283.26617,2431.8384	257.04626,470.6362,2325.4111	384.38782,379.781,2200.1145	342.57693,289.14536,2327.3584	365.23117,465.53638,2335.9329	421.4554,141.29767,2472.566	380.2546,162.02303,2060.293	
331.84134,141.34991,2481.0073	340.48392,187.4755,2442.4958	308.59195,188.63347,2363.2024	309.4528,220.43936,2155.215	340.48392,187.4755,2442.4958	370.37033,186.39035,2521.7893	417.60345,216.58871,2559.3354	349.67804,236.24127,2410.7861	339.1447,289.16495,2329.1553	289.7994,385.67432,2233.3599	378.2688,283.56653,2428.9976	252.527,469.8379,2331.1287	383.33487,380.8,2193.375	339.1447,289.16495,2329.1553	363.97186,466.05072,2332.8433	415.7662,148.091,2461.153	371.09595,169.87811,2067.763	
330.99023,141.01035,2472.5913	337.67807,187.96878,2437.1438	304.84967,188.385,2363.4502	303.54434,228.49432,2177.3015	337.67807,187.96878,2437.1438	368.5794,187.57701,2510.8374	415.25436,222.03226,2550.775	344.83542,237.1867,2406.9165	331.48645,289.90872,2330.2605	282.33896,386.69193,2232.311	372.07043,285.4907,2423.118	245.56053,469.82266,2336.2053	377.77283,382.79596,2186.6946	331.48645,289.90872,2330.2605	359.15433,467.5478,2329.923	410.80997,156.29776,2440.6948	362.69556,177.75345,2073.7239	
329.81146,141.72678,2468.8179	335.32648,189.05362,2435.21	301.84036,189.01378,2365.9265	299.26376,234.70589,2196.258	335.32648,189.05362,2435.21	366.95993,189.09128,2504.4934	411.58466,227.03386,2546.4504	341.0346,238.56284,2406.7556	325.73465,291.10306,2334.6895	280.49707,389.64734,2239.4253	367.2625,287.47684,2421.913	244.50418,472.8763,2342.0984	377.20074,383.75967,2186.9382	325.73465,291.10306,2334.6895	359.9787,467.94214,2333.8682	404.73047,166.98358,2403.3235	355.59427,185.62453,2064.596	
328.62695,142.07559,2474.3691	333.54672,189.4317,2438.391	299.6782,189.10687,2372.2854	295.86356,239.3237,2208.1558	333.54672,189.4317,2438.391	365.62735,189.73938,2504.4968	407.4102,233.05678,2542.751	338.66046,238.90677,2408.4084	322.45068,291.2054,2336.8257	278.52188,390.39557,2232.7659	364.61798,288.1072,2420.026	246.20782,473.52643,2344.5981	377.06683,382.84888,2184.0625	322.45068,291.2054,2336.8257	361.47125,467.29956,2331.5938	400.81485,180.31667,2368.3127	349.22653,193.33891,2054.4414	
327.4968,142.31425,2477.1377	332.13306,189.56851,2441.1125	297.92007,189.22365,2378.2944	288.69818,244.29634,2240.0999	332.13306,189.56851,2441.1125	364.6294,189.89606,2503.9307	403.5965,236.39758,2531.3901	336.8258,239.05252,2411.5234	319.93198,291.23682,2342.3967	276.0041,390.1855,2226.368	362.62958,288.3431,2421.472	246.58911,472.57263,2348.798	375.7397,383.37567,2185.8806	319.93198,291.23682,2342.3967	361.48425,467.41214,2335.8489	393.3243,193.31863,2329.9414	338.52872,204.76465,2071.2424	
325.82584,142.87767,2471.516	330.06073,190.70554,2440.3713	295.38614,190.82576,2382.054	282.70642,246.47446,2259.0496	330.06073,190.70554,2440.3713	363.1168,190.59093,2498.6887	399.18396,239.89183,2514.7175	334.51395,240.36426,2415.013	317.09982,292.71988,2352.9363	272.20908,390.64105,2222.4336	360.35876,289.48367,2426.3728	245.76807,472.82135,2351.473	372.1599,384.28726,2188.0972	317.09982,292.71988,2352.9363	360.70062,468.5205,2337.5432	387.2943,203.61208,2291.307	328.54538,212.2999,2069.984	
323.40536,144.29819,2468.2612	327.01147,192.22708,2439.057	291.6266,192.54655,2389.3193	277.4645,248.38719,2282.589	327.01147,192.22708,2439.057	360.9821,191.92038,2488.7944	394.8199,240.97472,2496.9258	330.88074,242.01205,2414.933	312.3458,294.34198,2359.4587	266.11728,391.25586,2215.9407	356.7283,291.3013,2422.16	242.63766,473.85922,2348.0962	367.12015,384.9292,2182.391	312.3458,294.34198,2359.4587	359.2108,470.52554,2326.5903	377.21512,214.2759,2258.9897	316.2663,218.17226,2073.0562	
321.4755,144.7526,2467.7185	323.84302,192.83197,2439.379	287.85834,192.82288,2399.1306	272.82556,249.31326,2298.441	323.84302,192.83197,2439.379	358.6595,192.84079,2479.6272	390.75726,242.47298,2467.6128	326.51883,242.68182,2415.189	306.30844,294.61432,2365.6348	261.11057,391.54956,2209.3037	351.70755,292.48892,2416.3633	240.73068,473.08435,2351.786	361.44867,382.75235,2183.9773	306.30844,294.61432,2365.6348	357.58493,469.74866,2321.62	364.81183,225.62688,2234.0308	307.5557,221.4126,2069.5193	
319.61273,144.01642,2458.9463	319.70087,192.53755,2437.6008	283.21048,191.58273,2412.6936	268.06665,245.68567,2311.7437	319.70087,192.53755,2437.6008	355.4531,193.47305,2462.508	386.49628,244.76453,2435.7522	319.88232,242.50742,2416.3242	296.32007,293.4211,2379.063	255.98145,384.25858,2207.1155	343.4991,293.3098,2411.0322	238.39151,466.8651,2350.0671	353.81082,380.72925,2186.479	296.32007,293.4211,2379.063	354.86008,468.3025,2320.731	349.9412,234.83344,2227.1165	293.55127,223.13297,2056.977	
317.1968,143.31369,2462.3909	316.24634,191.9222,2440.1792	279.59158,190.50348,2426.0308	258.688,243.31203,2332.0022	316.24634,191.9222,2440.1792	352.4785,193.32454,2454.3276	380.96155,246.6148,2404.5981	315.15344,241.79378,2416.9543	290.38235,292.0967,2384.7566	256.358,388.0904,2205.4937	337.51965,293.16547,2402.7024	240.80704,470.72894,2349.842	351.94318,377.79834,2188.3572	290.38235,292.0967,2384.7566	357.85315,465.95245,2318.328	334.27234,240.5776,2232.2573	277.00964,223.56956,2066.619	
314.7835,142.83017,2463.7002	313.0458,191.59012,2440.9153	276.38318,190.05966,2436.2385	250.79439,240.90561,2352.0637	313.0458,191.59012,2440.9153	349.56824,193.11475,2445.592	373.12735,247.12611,2370.9229	311.17764,241.41219,2416.495	285.65588,291.39032,2389.1213	256.1355,383.02908,2200.146	332.82855,293.11057,2395.0286	242.45541,467.22217,2341.0999	349.6429,375.9792,2193.936	285.65588,291.39032,2389.1213	358.36185,465.0002,2317.3562	317.67355,244.34952,2235.0437	262.9765,223.78448,2079.0437	
312.89966,142.22697,2465.8264	310.8667,190.93372,2442.2327	274.307,189.42374,2445.0823	243.04256,236.42422,2363.5608	310.8667,190.93372,2442.2327	347.5118,192.44724,2439.383	363.0762,246.58084,2337.028	308.49805,240.6613,2415.898	282.5257,290.43658,2391.359	254.86789,387.2484,2208.3916	329.66412,292.5349,2387.7676	243.88507,471.36584,2349.1953	347.61948,374.36365,2200.4463	282.5257,290.43658,2391.359	358.32953,463.31332,2322.401	301.39243,246.30476,2236.0393	249.82846,219.87183,2086.1477	
310.74744,141.16635,2473.8652	308.34415,189.52274,2445.9363	272.04117,188.22333,2456.3596	235.78235,233.77979,2400.3076	308.34415,189.52274,2445.9363	344.95786,190.83325,2435.513	354.42078,243.98393,2305.0586	305.60376,238.97192,2414.5686	279.3035,288.60632,2389.766	252.06677,388.1961,2216.1672	326.40872,290.84552,2376.6357	242.63672,473.76367,2348.687	344.2635,374.1109,2201.6794	279.3035,288.60632,2389.766	358.15292,462.42352,2324.605	288.34933,245.73058,2228.2131	236.40532,217.88322,2117.2158	
308.9114,140.1976,2477.528	305.34442,188.27567,2448.2737	269.59845,186.70856,2469.017	231.12927,234.73639,2462.7983	305.34442,188.27567,2448.2737	341.7013,189.86957,2427.5303	344.4338,241.15195,2281.731	301.26797,237.48172,2414.529	273.87827,286.51843,2393.8618	247.46875,387.5399,2229.8193	320.52997,289.66415,2367.707	241.52853,474.33618,2355.0635	337.6369,384.5609,2229.2812	273.87827,286.51843,2393.8618	359.0167,471.34387,2342.2715	275.75314,242.89175,2224.6602	221.33707,217.10345,2197.04	
307.2386,140.18353,2479.3481	302.82376,187.89732,2449.9607	267.84457,186.29295,2481.7703	226.16278,232.77885,2495.0352	302.82376,187.89732,2449.9607	338.7232,189.54391,2418.1511	336.93918,238.04988,2256.0527	297.60574,236.91489,2414.853	269.5255,285.5021,2399.7915	247.09756,387.5625,2235.6123	315.32785,289.28723,2359.6992	242.1745,474.66013,2358.8267	335.92615,389.23526,2247.3735	269.5255,285.5021,2399.7915	359.21613,477.62457,2343.3315	266.43942,237.8319,2223.2712	210.7035,211.67963,2241.4514	
306.08313,140.3504,2481.9346	300.01276,187.70201,2450.0935	266.33365,185.93695,2495.9062	222.18909,225.49278,2510.3032	300.01276,187.70201,2450.0935	334.97534,189.53435,2404.2808	327.07343,233.68445,2245.4163	292.9546,236.37646,2412.498	263.77835,284.2462,2403.8123	244.5624,386.9685,2241.044	308.1072,288.9956,2345.993	240.68106,475.36536,2356.4233	329.97964,391.87842,2251.956	263.77835,284.2462,2403.8123	358.89206,479.7557,2339.8647	255.77841,233.90938,2225.9749	203.50806,203.04471,2251.6343	
305.168,140.18338,2482.9978	298.2574,187.0869,2447.635	265.44305,185.56914,2502.5747	213.90854,214.4866,2498.2336	298.2574,187.0869,2447.635	332.57864,188.67438,2392.6953	318.89877,229.64615,2236.846	290.28406,235.57689,2407.5732	260.78238,283.29587,2402.0488	245.15271,386.7646,2242.0305	303.9288,288.1914,2332.974	244.57915,476.49554,2350.3547	329.42953,391.72906,2259.4597	260.78238,283.29587,2402.0488	362.73328,478.40887,2344.0454	247.30655,227.04907,2223.2795	197.5647,191.69852,2232.5037	
304.36874,140.46182,2483.5781	296.153,186.7697,2445.1868	264.44696,185.25285,2509.4023	212.11658,210.77962,2520.2493	296.153,186.7697,2445.1868	329.5693,188.36836,2380.9712	311.8313,225.80823,2232.1147	286.86774,235.04164,2404.0254	256.7454,282.34735,2403.27	243.89148,386.08197,2243.2212	298.4864,287.7356,2322.458	242.38826,475.59644,2352.7698	325.82947,391.2755,2271.037	256.7454,282.34735,2403.27	360.52698,478.4438,2347.3716	239.78595,220.03024,2220.187	190.60555,184.77866,2275.619	
304.19263,141.32863,2491.347	294.86087,186.45671,2445.8752	264.04865,185.26627,2516.9358	208.30087,201.24359,2570.702	294.86087,186.45671,2445.8752	327.51706,187.7184,2374.8147	304.67252,221.44763,2232.1504	284.69315,234.38129,2401.3352	254.22073,281.51566,2401.4775	244.49756,385.5108,2240.9019	294.8315,286.81943,2312.1128	243.09033,475.67953,2347.4673	325.80582,389.2422,2281.191	254.22073,281.51566,2401.4775	361.72467,477.75458,2343.3252	232.33334,212.26408,2222.117	187.11543,179.48117,2325.095	
303.804,141.25978,2494.7085	294.0019,185.99527,2447.4612	264.9464,185.47012,2529.5625	208.04028,199.44255,2562.9443	294.0019,185.99527,2447.4612	325.0744,186.55688,2365.3599	299.05792,214.7457,2232.1963	283.1965,233.78368,2403.3145	253.23553,280.92227,2410.941	245.65765,384.4253,2246.9116	291.57935,285.9083,2307.3945	245.37132,473.5774,2358.7651	323.51575,387.5255,2294.8335	253.23553,280.92227,2410.941	362.12674,476.31772,2343.628	226.8013,202.9697,2227.205	181.13507,171.92099,2341.0718	
303.0801,142.03204,2497.8025	293.35202,186.45427,2447.5598	265.53992,186.80806,2537.187	211.16006,197.27676,2579.6506	293.35202,186.45427,2447.5598	323.27844,186.0736,2357.9326	294.38852,210.8335,2229.1187	282.41537,234.12885,2401.455	253.16653,281.6313,2411.7307	245.37596,384.03815,2227.7776	289.81183,285.80835,2298.97	245.86546,471.545,2353.2092	322.84454,387.03137,2297.0115	253.16653,281.6313,2411.7307	363.75323,475.98926,2337.0396	223.98776,193.32298,2236.4863	177.29318,167.69745,2358.8303	
302.61862,143.05699,2499.3445	292.65097,187.05585,2446.8398	265.05356,187.514,2538.0752	211.46272,198.88681,2574.5366	292.65097,187.05585,2446.8398	322.3861,186.5622,2355.6045	291.6805,205.3827,2228.0647	281.46576,234.65657,2399.7163	252.11676,282.1579,2409.9058	244.50589,384.7274,2224.6182	288.43292,286.27078,2295.2798	244.55145,471.9527,2352.165	322.02258,386.99454,2302.4507	252.11676,282.1579,2409.9058	363.22305,475.35193,2344.6504	223.56079,183.62761,2250.608	174.59367,162.16763,2376.0178	
301.80585,143.71346,2500.1084	291.52826,187.79335,2446.1318	264.3556,188.53871,2539.7224	209.3146,200.7991,2547.2742	291.52826,187.79335,2446.1318	320.86295,186.98868,2352.5413	290.30423,200.04253,2226.0322	280.2756,235.37259,2398.1982	251.10857,283.01434,2409.1277	244.62381,385.87396,2225.8828	286.91614,286.86737,2291.4016	244.48239,473.02545,2353.3105	321.20444,387.2381,2303.9253	251.10857,283.01434,2409.1277	362.7686,475.2965,2346.8862	225.3544,175.21054,2266.7021	171.34567,158.21698,2385.6826	
301.7535,143.83124,2490.481	291.06424,188.18948,2437.9395	264.07422,188.7577,2532.9187	210.10175,193.44897,2550.637	291.06424,188.18948,2437.9395	320.2425,187.5752,2342.9602	288.45477,195.81406,2225.003	279.687,236.04819,2392.373	250.5711,283.7187,2406.565	244.10269,386.9133,2225.5989	286.06885,287.91898,2287.0483	245.64337,474.7845,2349.0264	320.96597,388.11145,2302.5679	250.5711,283.7187,2406.565	363.22412,475.61462,2347.671	227.00912,168.97325,2284.5925	168.13785,154.37636,2391.8176	
301.92984,144.30362,2485.6663	291.0481,188.75085,2434.2659	263.80194,188.95518,2528.1094	208.19598,190.90329,2546.3057	291.0481,188.75085,2434.2659	320.4792,188.53012,2340.4224	291.8907,195.71158,2221.4968	279.45914,236.7003,2389.6377	249.97696,284.20926,2404.071	244.27686,387.83914,2228.2314	285.78305,288.85748,2285.948	245.08838,475.19037,2353.6882	321.6517,388.41864,2306.1106	249.97696,284.20926,2404.071	363.96146,476.62027,2344.6624	233.73056,166.1998,2285.3682	166.14471,152.30548,2390.8855	
301.8344,144.64302,2483.7583	290.97192,189.32227,2434.3308	262.76193,188.72995,2522.543	206.08192,188.70872,2543.647	290.97192,189.32227,2434.3308	321.30328,189.9591,2346.1187	295.46353,196.38736,2223.7354	279.30255,237.32922,2391.026	249.09547,284.45398,2403.303	245.10504,388.4508,2234.5227	286.188,289.88913,2292.139	243.18375,474.93634,2362.4026	322.47522,388.8582,2314.183	249.09547,284.45398,2403.303	364.66605,476.98706,2350.9248	238.52779,162.57443,2284.3157	164.7663,152.05853,2391.1575	
301.84662,144.58002,2482.314	291.21222,189.51822,2434.8677	262.0289,188.20099,2517.0242	206.36273,189.92923,2539.329	291.21222,189.51822,2434.8677	322.4337,190.92746,2352.7112	297.6607,197.03299,2227.3606	279.5594,237.57626,2392.7234	248.74074,284.38083,2402.3262	244.82863,388.81635,2243.63	287.08066,290.46838,2298.832	245.12343,477.61786,2356.5137	324.15704,389.3015,2314.4565	248.74074,284.38083,2402.3262	365.21356,477.74463,2352.495	242.53949,162.5086,2299.9124	164.096,153.6529,2381.3035	
302.4457,143.67459,2489.6155	292.06165,188.15941,2441.3616	262.2049,186.85365,2519.145	205.13477,198.77101,2519.1885	292.06165,188.15941,2441.3616	323.88348,189.55109,2363.5781	300.70737,198.89275,2228.6992	280.74164,236.01031,2396.8892	249.75328,282.8208,2401.3665	246.84366,387.27518,2244.6375	289.0517,288.6413,2303.467	247.98425,476.3219,2356.842	325.5802,387.9585,2312.142	249.75328,282.8208,2401.3665	367.25925,476.17053,2350.689	246.7405,162.53793,2307.7556	162.09558,155.89679,2377.5928	
302.5548,142.49539,2494.2832	292.75317,187.19281,2446.3267	262.13068,185.74525,2518.6646	205.01442,205.5383,2517.6306	292.75317,187.19281,2446.3267	325.24185,188.72859,2373.9888	306.0865,202.37506,2227.3833	281.88815,234.96524,2400.837	250.79861,281.7795,2400.8896	247.7121,386.32513,2247.649	291.18933,287.49698,2309.8047	248.13165,476.27863,2354.1128	326.43726,387.3968,2312.09	250.79861,281.7795,2400.8896	366.9495,475.07358,2358.3022	249.46129,165.3974,2301.7988	162.71011,159.57056,2368.636	
302.8989,141.79295,2487.5718	293.2207,187.30647,2444.2974	262.48602,185.51361,2516.0886	209.25903,208.61583,2510.8188	293.2207,187.30647,2444.2974	325.81546,189.20784,2372.506	312.9101,206.1987,2227.6753	282.43842,235.32742,2402.7134	251.47102,282.02618,2406.2927	248.04147,386.53284,2259.1418	291.8541,288.17108,2315.966	248.28072,477.27863,2358.0774	325.36154,388.84082,2310.6558	251.47102,282.02618,2406.2927	366.22546,475.78156,2361.341	253.96512,170.71054,2306.8447	163.02483,165.15381,2361.974	
302.92053,140.71515,2492.7607	293.74915,186.47064,2448.6643	262.43933,184.7428,2516.0627	208.64978,215.48778,2499.944	293.74915,186.47064,2448.6643	326.8313,188.2963,2381.2659	319.1722,209.45447,2231.3772	283.58224,234.4796,2406.4097	252.8074,281.34406,2406.5894	248.96732,385.64496,2254.499	294.03644,287.1699,2321.7207	249.2222,476.61255,2353.5444	328.22717,387.50836,2313.8086	252.8074,281.34406,2406.5894	369.0016,475.62363,2355.224	256.69852,173.46994,2289.3208	163.6702,171.77893,2354.1062	
303.11725,139.50465,2486.47	295.16623,185.85294,2444.6392	262.77554,184.31404,2504.0093	210.80618,218.36761,2495.612	295.16623,185.85294,2444.6392	329.1693,187.46844,2385.269	327.9423,214.49762,2237.352	286.42474,234.22195,2403.3481	256.35043,281.73483,2399.477	253.34683,386.59805,2254.5938	299.08176,286.91125,2324.6372	250.39769,479.27887,2341.419	332.2395,387.52267,2315.866	256.35043,281.73483,2399.477	372.24207,477.02158,2348.5588	261.4694,178.70724,2265.375	164.10635,176.22842,2342.3752	
302.86032,138.20001,2483.2595	296.1755,184.95105,2444.0464	262.99792,183.68634,2496.9436	214.16306,219.71196,2495.4055	296.1755,184.95105,2444.0464	330.82098,186.27171,2391.1492	336.73605,220.93999,2249.797	288.76547,233.59178,2404.374	259.5672,281.6619,2398.0034	254.56631,386.7984,2265.4712	303.26184,286.1302,2331.4	248.94846,479.0558,2351.1377	333.13403,387.21252,2325.7622	259.5672,281.6619,2398.0034	371.73355,477.61694,2352.6724	268.15793,185.82144,2247.9817	164.68079,181.67938,2326.4487	
302.68475,137.90446,2482.6042	296.673,184.66818,2442.9712	263.1172,183.6435,2492.9568	217.59653,226.74126,2495.7231	296.673,184.66818,2442.9712	331.63068,185.73567,2392.9856	342.19537,224.03323,2261.93	289.9826,233.45122,2403.6963	261.28564,281.88254,2395.8638	254.53708,387.20944,2270.7292	305.44147,285.88043,2332.979	246.95166,479.78094,2351.9097	331.73257,387.98175,2325.1304	261.28564,281.88254,2395.8638	371.04297,478.25168,2351.1052	272.3605,190.58212,2240.0132	168.94997,189.30444,2311.0667	
303.41077,135.88559,2481.2578	297.71115,182.56392,2442.9534	263.6811,181.41061,2488.2834	221.99931,229.07811,2490.8828	297.71115,182.56392,2442.9534	333.02792,183.76083,2397.6233	347.8368,226.6367,2276.9856	291.3777,231.40616,2404.5771	262.73535,279.89563,2394.7336	255.20218,385.2201,2274.6985	307.48175,283.81705,2337.6682	246.79927,477.82056,2354.759	333.16348,385.68005,2333.3901	262.73535,279.89563,2394.7336	369.54083,477.4795,2353.4817	277.54605,196.90436,2228.2686	171.7623,195.50092,2295.9553	
