325.45837,118.74721,2512.734	324.96313,164.66397,2474.9993	291.10757,160.03014,2421.6975	302.04294,211.74898,2281.0398	324.96313,164.66397,2474.9993	357.3912,169.10243,2528.301	374.03403,238.39862,2533.221	324.11557,212.29105,2436.9966	301.23932,259.80154,2365.2004	282.36414,348.55414,2497.441	344.6317,263.00742,2432.7874	279.7898,446.92728,2404.674	353.44232,360.99203,2452.3384	301.23932,259.80154,2365.2004	382.50006,454.85916,2408.9846	360.21292,225.09016,2275.3367	354.41782,190.97098,2114.672	
325.85767,118.873116,2513.02	325.08774,164.88455,2475.3796	291.26895,160.26733,2421.651	299.97568,212.70486,2288.0076	325.08774,164.88455,2475.3796	357.46964,169.3056,2529.1084	374.1974,238.6908,2536.3796	324.25345,212.5516,2437.901	301.42703,260.10522,2366.359	282.9947,349.757,2491.5515	344.74445,263.26422,2434.4854	281.1185,448.5142,2395.6343	355.37488,361.37628,2447.311	301.42703,260.10522,2366.359	383.70944,455.274,2409.9526	360.24353,225.57455,2278.4653	352.25034,193.02567,2116.58	
326.21198,118.57383,2513.7756	325.3589,164.53271,2476.2737	291.57294,159.78699,2422.485	299.9059,213.49266,2286.003	325.3589,164.53271,2476.2737	357.70825,169.07666,2530.0623	373.463,239.31383,2533.9517	324.35852,212.18095,2438.7964	301.37708,259.63168,2367.2168	282.52808,349.5561,2489.4087	344.66205,262.95407,2435.4214	281.10767,448.3182,2396.167	355.19635,361.08154,2447.8276	301.37708,259.63168,2367.2168	383.999,455.5955,2399.0571	360.032,225.91635,2275.5212	353.0263,193.63832,2117.085	
326.1593,118.23605,2506.182	325.23633,164.79634,2472.5962	291.27838,160.32329,2420.1064	295.70508,214.01573,2295.9946	325.23633,164.79634,2472.5962	357.7825,169.08344,2525.086	373.972,242.14139,2543.393	324.2547,212.65495,2437.6577	301.22513,260.37262,2369.4382	282.8701,350.3455,2491.1575	344.6623,263.39633,2436.0002	280.54492,449.05603,2398.1038	355.356,361.9297,2440.2102	301.22513,260.37262,2369.4382	383.62558,455.78528,2406.8972	360.66086,225.87587,2288.1733	349.7711,197.37714,2129.4795	
326.23492,118.20623,2509.8572	325.26984,164.46149,2474.9265	291.45044,159.7555,2421.2812	296.87888,213.7668,2289.493	325.26984,164.46149,2474.9265	357.6542,168.96779,2528.5718	373.98404,243.60867,2550.1372	324.12982,212.24002,2439.4197	301.0157,259.77325,2369.9004	282.8586,349.97394,2490.1648	344.2844,263.04047,2437.9253	280.2565,448.80316,2393.9	354.01627,361.66248,2441.0483	301.0157,259.77325,2369.9004	383.69855,454.95255,2409.3127	361.44968,226.98929,2294.4788	352.9132,197.04343,2127.9685	
327.17133,117.63485,2512.1306	325.63922,163.92685,2475.3835	291.84732,158.79785,2422.1091	298.47498,214.01964,2286.2502	325.63922,163.92685,2475.3835	358.00726,168.83975,2528.658	374.96655,241.80428,2550.695	323.88986,211.65852,2439.7002	300.14374,258.86465,2370.2388	282.74023,350.8695,2475.4717	343.42526,262.6959,2437.795	279.90616,449.8875,2391.565	353.0099,361.60333,2435.8003	300.14374,258.86465,2370.2388	382.899,454.7589,2408.0542	361.69873,230.1654,2292.2266	353.917,198.80469,2116.9414	
327.30634,118.288284,2504.8074	325.7865,164.72148,2469.8867	291.87265,159.78094,2416.9993	294.0745,212.34653,2281.6199	325.7865,164.72148,2469.8867	358.27838,169.45488,2522.7742	372.12775,237.84763,2543.348	324.06268,212.68141,2436.316	300.30643,260.16254,2369.2148	284.7761,354.0529,2459.1055	343.6699,263.75043,2436.2754	280.7342,453.2076,2388.8113	354.01538,363.1712,2422.537	300.30643,260.16254,2369.2148	383.84912,455.8274,2407.427	361.00787,234.29561,2282.4583	351.2015,200.01485,2121.4692	
327.82935,118.95778,2500.6584	325.98163,165.42401,2466.711	291.96512,160.36624,2414.855	290.78702,212.453,2273.8198	325.98163,165.42401,2466.711	358.59738,170.27351,2518.567	373.2207,232.32625,2533.1748	323.7801,213.5381,2435.306	299.49335,260.99512,2371.0232	284.79883,357.30975,2433.748	342.9543,264.7719,2436.7786	278.25717,454.00964,2409.1497	354.467,364.5071,2411.7449	299.49335,260.99512,2371.0232	382.78137,456.84906,2409.8137	361.0745,237.4096,2278.4329	349.43063,202.07877,2119.0405	
328.41013,120.39794,2498.615	326.14948,166.669,2464.6	291.92953,161.37111,2415.878	286.3701,210.5187,2262.9539	326.14948,166.669,2464.6	359.04266,171.76147,2513.3223	378.13657,228.14944,2521.6108	323.12448,214.87613,2435.0864	297.86765,262.11798,2374.6743	284.12872,360.14673,2415.9082	341.62088,266.35986,2436.4712	277.61432,455.67432,2416.3328	355.47714,366.2583,2398.4912	297.86765,262.11798,2374.6743	382.15622,458.37576,2408.9736	362.5878,241.89436,2279.2773	347.21634,206.20421,2128.7422	
329.09097,121.202034,2498.558	326.6055,167.64438,2463.6096	292.36523,162.22018,2415.2908	286.7275,208.81868,2242.4817	326.6055,167.64438,2463.6096	359.5285,172.85986,2511.9285	381.8872,227.28235,2510.3054	323.36722,215.86261,2433.8225	297.87503,263.03653,2373.4048	286.3604,362.54813,2399.1836	341.66437,267.45862,2434.666	279.658,457.89056,2410.8809	358.8612,367.1944,2387.7773	297.87503,263.03653,2373.4048	382.74136,459.63507,2406.3662	365.624,245.9885,2276.2244	350.77023,207.0171,2123.825	
329.8125,122.22589,2498.0217	327.41974,168.63232,2462.3997	293.44217,162.92876,2410.8394	286.19394,207.6333,2227.7334	327.41974,168.63232,2462.3997	360.00357,174.10196,2513.96	387.88535,225.53743,2497.1448	324.031,216.8848,2432.7485	298.5499,263.99704,2370.401	288.54205,364.74994,2382.0342	341.97653,268.59644,2435.794	280.27118,458.36902,2415.1738	362.46732,367.9634,2377.67	298.5499,263.99704,2370.401	380.62112,460.60858,2408.2417	371.0041,249.04895,2274.2815	351.3802,207.81046,2117.4155	
331.0666,123.04988,2498.7551	328.3862,169.42654,2463.227	294.5963,163.62459,2409.7073	285.1564,204.05927,2212.862	328.3862,169.42654,2463.227	360.73898,174.98178,2516.7468	394.93604,223.54616,2479.5671	324.86542,217.72644,2435.0986	299.40778,264.81744,2373.0403	289.42072,365.7327,2381.6611	342.50934,269.428,2440.9001	280.7077,458.7558,2420.9587	364.98956,368.3368,2377.5693	299.40778,264.81744,2373.0403	379.2138,461.6814,2408.4722	378.1562,251.31615,2268.3843	350.93094,207.89395,2111.611	
331.64487,122.99308,2498.6335	329.4561,169.39445,2463.1272	295.87292,163.53711,2407.3306	286.33368,203.30333,2205.4368	329.4561,169.39445,2463.1272	361.55142,174.99232,2518.9238	400.29944,220.07806,2469.2915	326.14716,217.67313,2434.0923	301.02783,264.80368,2369.6814	291.71707,366.72534,2363.5486	343.85883,269.3642,2440.4333	281.67926,458.91467,2414.7068	369.24426,367.72998,2370.5596	301.02783,264.80368,2369.6814	378.18677,462.64948,2395.3586	386.56003,250.87636,2254.8735	352.7537,208.04538,2105.3118	
333.2398,123.09523,2497.5884	331.49417,169.61769,2462.4683	298.211,163.9234,2403.423	291.36404,198.74783,2181.2424	331.49417,169.61769,2462.4683	363.21857,175.04529,2521.5134	405.2502,216.80547,2463.1675	328.71158,217.9461,2433.501	304.34354,265.31998,2367.0923	295.90552,367.96228,2350.427	346.72055,269.49298,2441.975	283.97064,458.50278,2416.3306	374.87476,367.17538,2366.0596	304.34354,265.31998,2367.0923	378.41223,462.22528,2394.6687	397.16168,246.5444,2240.334	360.46765,206.83499,2098.2483	
334.03064,123.20925,2497.591	333.04773,169.43648,2460.4495	300.18124,163.71608,2397.1816	297.0256,195.73247,2160.1729	333.04773,169.43648,2460.4495	364.26633,174.87006,2523.7173	407.16022,214.61879,2453.6294	331.07703,217.65746,2427.6016	307.76422,265.17392,2354.6304	299.39578,368.7257,2330.5684	349.63864,269.16187,2434.877	283.80945,457.99884,2406.9707	380.0749,366.56952,2356.585	307.76422,265.17392,2354.6304	377.05734,462.45178,2380.8506	407.27997,237.05237,2215.5967	368.95364,204.46335,2088.675	
336.2839,123.53036,2498.1926	336.26614,169.99829,2460.8088	304.46622,164.5101,2389.0205	300.91528,193.71056,2145.248	336.26614,169.99829,2460.8088	366.26328,175.17535,2532.5972	407.55103,211.43642,2441.4553	335.54083,218.23871,2427.6885	314.22635,266.16714,2348.975	306.1054,370.07977,2323.6968	354.59592,269.3985,2440.1611	287.54904,457.07794,2413.6338	386.32477,366.13852,2368.2449	314.22635,266.16714,2348.975	378.30466,461.92047,2387.029	417.45526,224.50418,2199.3706	375.6829,201.9248,2086.0754	
337.59122,124.02494,2497.5024	338.16663,170.34082,2456.5576	307.9946,164.28064,2373.9014	303.43347,192.37202,2134.2754	338.16663,170.34082,2456.5576	366.37436,176.00645,2539.2139	406.83282,209.02692,2438.896	338.37366,218.48216,2419.5315	319.05917,266.4002,2329.9731	309.00842,371.10223,2302.3027	357.27252,269.76523,2435.0376	284.80804,456.5008,2398.5664	388.4235,367.0467,2359.1565	319.05917,266.4002,2329.9731	375.53024,463.16608,2373.5889	426.83368,210.93088,2197.5903	380.3717,197.09528,2075.15	
338.93933,125.03364,2498.574	339.62616,170.92657,2452.3848	310.67285,164.085,2362.5771	304.84824,191.57068,2129.6921	339.62616,170.92657,2452.3848	366.5338,177.28474,2542.1924	405.62372,208.28737,2455.0457	340.4992,218.84375,2409.7886	322.68658,266.4553,2310.2878	312.6632,371.72153,2290.5232	359.24194,270.42026,2424.097	283.98257,454.71625,2396.4087	391.5236,367.8175,2352.3694	322.68658,266.4553,2310.2878	375.0736,463.63983,2368.2017	433.30554,195.09569,2225.809	382.97693,192.11269,2068.1514	
340.20538,126.09274,2498.6335	341.46463,171.28447,2446.551	313.44507,163.84097,2351.7556	303.02405,192.09323,2132.4124	341.46463,171.28447,2446.551	367.3939,178.17267,2541.3464	406.1469,209.49846,2467.65	343.52548,218.84926,2397.108	327.54187,266.1205,2287.6326	319.89026,372.2478,2275.3857	362.90024,270.59998,2407.697	286.12665,452.81213,2388.9512	397.14618,367.8246,2347.288	327.54187,266.1205,2287.6326	376.7294,463.46698,2359.8896	435.67566,181.41519,2273.4177	381.38547,188.10889,2063.1875	
342.5887,127.61718,2498.6128	344.39404,172.26086,2443.062	317.16998,164.29138,2344.841	301.8935,195.60287,2141.7292	344.39404,172.26086,2443.062	369.51367,179.61432,2541.283	406.19318,214.77036,2462.8904	347.27792,219.54865,2388.6519	332.6619,266.48138,2272.0298	327.6437,373.2759,2263.9678	367.01508,271.4676,2396.4536	287.18668,450.38806,2383.2368	401.32837,368.99475,2344.5688	332.6619,266.48138,2272.0298	377.31027,462.94092,2367.2046	435.9459,170.94391,2337.9302	376.99792,182.41377,2044.2944	
343.84222,129.04932,2499.243	347.0224,173.44379,2443.5483	321.2216,165.70245,2339.2385	299.25748,199.83208,2156.0605	347.0224,173.44379,2443.5483	370.71063,180.55122,2547.8582	404.76086,219.02933,2472.1177	351.8357,220.5176,2387.8174	340.2715,267.5868,2265.9214	337.9787,375.0596,2252.2297	372.57022,271.97137,2398.2515	290.78296,447.78137,2379.2305	405.50568,369.76654,2351.1572	340.2715,267.5868,2265.9214	378.6789,462.08035,2380.287	429.77344,166.43274,2422.146	370.66418,179.92584,2035.1096	
345.21338,131.23514,2489.4087	349.32928,175.76053,2435.5745	323.95837,168.60764,2328.9353	298.66455,204.90376,2168.5798	349.32928,175.76053,2435.5745	372.57175,182.31332,2542.2136	403.99747,223.46986,2491.5798	355.43365,223.00043,2380.662	345.6259,270.6911,2258.201	343.68884,379.0462,2235.1096	377.11218,274.1505,2393.2986	289.60114,448.04047,2362.3716	407.97247,373.04034,2342.216	345.6259,270.6911,2258.201	377.3831,464.44553,2372.698	421.78983,168.98282,2515.6252	366.78452,178.48724,2035.7537	
346.22763,134.10268,2493.455	351.17303,178.21112,2434.7024	325.85803,170.95221,2328.1194	297.2106,210.13145,2189.783	351.17303,178.21112,2434.7024	374.36456,184.86115,2541.2854	403.94592,228.65569,2525.7974	357.9748,225.16908,2375.8428	348.94186,272.644,2249.4583	346.8465,381.5772,2224.212	380.38602,276.27585,2384.508	288.0101,449.1475,2344.5237	408.96732,376.37842,2330.9807	348.94186,272.644,2249.4583	375.2666,466.2373,2370.17	413.682,171.81198,2584.6086	359.30856,178.86165,2030.186	
347.3426,136.52032,2495.5066	353.26752,180.54137,2435.9443	328.599,173.28934,2327.2188	298.47293,214.95677,2201.9163	353.26752,180.54137,2435.9443	375.828,187.17368,2544.67	402.25568,233.04688,2563.2651	360.8466,227.34494,2375.7056	353.0983,274.7681,2246.546	354.46075,384.08966,2216.28	383.63287,278.29446,2384.3877	291.0413,449.35437,2332.9678	411.52344,378.67596,2331.1213	353.0983,274.7681,2246.546	374.5126,466.0374,2380.8997	409.22574,175.48976,2639.0737	356.81052,181.94537,2025.2327	
348.27658,139.42963,2487.9436	355.20862,183.3675,2431.4033	330.1338,177.55269,2323.7869	299.20117,218.08495,2204.9158	355.20862,183.3675,2431.4033	378.15787,188.68938,2539.0198	398.17532,240.56416,2601.8826	364.14944,230.33852,2374.1357	357.65265,278.74225,2248.6106	360.43127,388.3037,2212.1611	388.503,280.46997,2385.1257	293.1002,452.02948,2320.8372	414.7677,381.4884,2326.8176	357.65265,278.74225,2248.6106	376.39142,468.6219,2375.8948	404.61725,180.27003,2643.9578	355.42883,184.39197,2014.4664	
349.48724,140.58676,2484.7205	356.43518,185.20224,2429.8271	332.12097,179.28828,2319.4512	299.93713,221.3406,2205.4565	356.43518,185.20224,2429.8271	378.63644,190.60225,2540.2026	398.08093,243.5022,2617.023	365.34357,232.38583,2374.147	359.34772,280.97552,2248.4966	365.14545,392.21942,2196.9734	389.1136,282.64557,2388.437	289.69653,446.7635,2309.4106	411.01227,384.5716,2326.7488	359.34772,280.97552,2248.4966	370.99878,470.2851,2381.304	403.62415,181.69742,2639.5356	355.38373,188.44014,2004.7493	
350.02667,142.32564,2482.1343	357.22806,187.3663,2428.0317	333.55508,181.7401,2315.2366	301.53677,222.11853,2196.7527	357.22806,187.3663,2428.0317	378.79922,192.49297,2540.827	399.2381,244.40979,2616.1497	366.74435,234.63388,2373.7676	361.8695,283.51712,2247.9988	369.91455,397.6105,2188.0737	390.65494,284.67343,2391.008	289.23322,446.05368,2301.5352	413.50983,386.6856,2319.3967	361.8695,283.51712,2247.9988	370.50378,470.19736,2382.859	406.92874,181.93134,2627.6567	358.60257,190.96263,1993.8605	
349.92975,143.9483,2483.3267	357.24564,188.94344,2428.9558	334.38303,183.17642,2313.4507	302.13043,221.76712,2182.385	357.24564,188.94344,2428.9558	378.03256,194.18687,2544.461	400.82904,245.9582,2621.7515	366.91727,236.24338,2375.263	362.7652,285.12146,2248.335	369.97977,399.9615,2177.1042	390.43445,286.30368,2394.8052	286.63153,442.61865,2301.974	411.93054,388.62122,2318.2136	362.7652,285.12146,2248.335	367.58432,471.03345,2385.3909	413.50778,184.24023,2586.1548	363.8327,192.50662,1988.2593	
350.33542,144.59355,2481.9084	357.30566,189.52602,2428.035	335.03647,183.59387,2310.579	300.735,223.19756,2178.1887	357.30566,189.52602,2428.035	377.5197,194.9107,2545.4907	402.9654,246.73273,2615.913	366.8297,236.95291,2375.3833	362.92245,285.87778,2248.2737	367.86768,400.59674,2175.307	389.78738,287.14163,2397.1897	284.9429,443.91293,2301.8254	411.0316,389.51166,2318.162	362.92245,285.87778,2248.2737	365.5925,472.02216,2380.412	420.80396,186.378,2547.3652	364.28503,196.37636,1992.8274	
350.36392,145.2853,2480.7017	357.26578,190.31287,2427.0867	335.10785,184.45569,2309.161	301.169,222.27217,2169.0881	357.26578,190.31287,2427.0867	377.3703,195.62726,2545.0125	405.48468,245.91888,2606.4556	366.78558,237.819,2375.0835	362.95398,286.86847,2248.3333	366.8011,402.23737,2174.7637	389.6502,287.9992,2397.8274	283.2397,443.9643,2303.8618	411.21082,390.37457,2316.664	362.95398,286.86847,2248.3333	366.44824,473.63568,2376.2217	428.4546,187.75684,2516.8757	368.71146,198.3666,1997.5142	
349.7335,144.8099,2480.096	356.6566,189.95847,2428.017	334.78223,184.17426,2309.052	301.49255,221.51299,2161.5369	356.6566,189.95847,2428.017	376.4875,195.20235,2546.9822	406.7342,245.30984,2592.2234	365.90643,237.61073,2378.2188	361.97192,286.80164,2253.0005	364.9521,401.7331,2175.5361	388.2799,287.7696,2403.8403	282.12418,442.29675,2312.689	408.88406,390.12823,2317.711	361.97192,286.80164,2253.0005	366.1578,473.98932,2379.4739	434.5509,190.7495,2502.3108	371.89233,199.97641,2000.0969	
350.14563,145.32858,2471.7974	356.9158,190.7387,2421.4585	334.86053,185.28645,2302.775	302.73053,221.00482,2158.2651	356.9158,190.7387,2421.4585	376.9101,195.68144,2540.142	406.71597,245.22388,2584.613	366.12708,238.65468,2373.4976	362.03827,288.28024,2250.2935	365.14972,404.12726,2164.7288	388.54083,288.79715,2400.7798	283.01218,443.72644,2311.4475	411.80963,390.96252,2300.0588	362.03827,288.28024,2250.2935	367.45383,473.43115,2372.1748	435.60007,192.91046,2503.1848	375.4358,201.63272,2001.4122	
350.6721,145.62044,2468.6475	357.22787,190.85806,2418.7197	335.8341,185.27252,2298.0278	302.06497,222.27051,2163.131	357.22787,190.85806,2418.7197	376.58807,195.91267,2539.4116	406.48056,246.74503,2580.804	366.41403,238.89673,2371.7915	362.74283,288.59103,2248.3293	365.36832,402.8448,2163.2546	388.35608,289.14038,2401.3972	283.45578,443.12848,2309.8284	420.614,385.63678,2285.178	362.74283,288.59103,2248.3293	370.3481,464.22305,2368.6096	434.12308,193.61397,2514.7664	373.11533,201.83018,2002.2612	
350.73865,144.77728,2466.0662	358.0291,190.41978,2417.1316	335.74625,185.35794,2299.1807	296.37714,228.13174,2198.0576	358.0291,190.41978,2417.1316	378.23843,195.01059,2535.0825	406.44028,249.94339,2583.3953	367.34137,238.50508,2370.959	363.21317,288.48087,2249.976	364.4093,403.15015,2163.743	389.97287,288.51877,2399.5967	282.14368,443.31784,2308.4365	427.92905,381.612,2272.996	363.21317,288.48087,2249.976	372.9736,456.8246,2366.4302	423.6725,196.86455,2561.8765	358.429,204.94214,2020.6226	
350.86865,144.65764,2456.2786	358.245,190.50479,2410.989	334.8902,186.31372,2296.2847	293.72046,231.29141,2224.5142	358.245,190.50479,2410.989	379.47845,194.31519,2525.6934	404.86975,250.99358,2546.5605	367.6002,238.85313,2367.629	362.81158,289.47714,2251.511	363.39444,405.53885,2162.5696	390.91742,288.56226,2397.0266	280.52237,445.08237,2305.5955	430.3105,380.936,2264.8567	362.81158,289.47714,2251.511	372.95834,454.0733,2365.7747	438.4126,197.98206,2474.683	348.05676,207.45148,2031.5872	
351.50714,145.1257,2444.985	358.23712,191.79597,2401.268	332.94638,188.30334,2293.497	292.31967,233.8994,2240.3364	358.23712,191.79597,2401.268	381.35526,194.98857,2509.039	403.3554,254.01544,2513.414	366.8935,240.55537,2359.3257	360.0202,291.83926,2248.942	361.44208,407.81097,2154.4272	390.79727,290.36386,2385.8247	278.64273,446.69922,2300.957	430.89435,382.47046,2252.042	360.0202,291.83926,2248.942	371.9073,454.6518,2356.2832	448.42877,210.56833,2404.0798	341.5663,209.05508,2042.117	
351.63446,144.83295,2439.2925	357.89462,191.61092,2395.6287	331.4715,188.07423,2292.007	291.72806,235.5586,2247.7114	357.89462,191.61092,2395.6287	382.12668,194.85432,2499.2502	400.48672,255.52342,2494.4016	365.91806,240.53621,2352.704	357.6188,291.90723,2244.124	361.8051,406.3767,2151.979	389.94186,290.68732,2375.435	278.21814,445.05188,2296.018	431.37262,381.21252,2251.743	357.6188,291.90723,2244.124	373.22952,454.19275,2355.483	453.55536,223.9663,2358.205	337.65137,210.08571,2047.0061	
352.09094,145.25684,2443.3828	357.83853,191.75409,2397.9006	331.5571,187.4068,2293.814	291.13144,235.72867,2247.3433	357.83853,191.75409,2397.9006	381.93326,195.73965,2501.9873	396.8661,257.30078,2492.6436	365.11298,240.60631,2352.4565	356.06952,291.4957,2241.074	362.919,406.10416,2151.3955	388.3557,291.27682,2372.951	278.52985,443.21802,2296.6594	431.25317,381.14343,2260.4385	356.06952,291.4957,2241.074	373.4093,454.20413,2362.512	454.39026,238.57507,2339.0657	335.7134,210.54707,2047.0427	
351.3274,145.3902,2444.9446	357.18445,191.72115,2398.9072	331.05447,187.40254,2293.9656	289.5216,235.14948,2235.6736	357.18445,191.72115,2398.9072	381.12408,195.67773,2503.8489	401.70605,261.04053,2498.8262	364.6603,240.52895,2353.4426	355.9386,291.41205,2241.4836	363.60785,405.1242,2156.6814	387.99915,291.11584,2374.4724	280.28915,444.51263,2299.307	431.67932,379.93842,2270.9626	355.9386,291.41205,2241.4836	373.11777,452.78192,2368.346	447.1838,223.49847,2397.6963	334.96896,210.62204,2046.1326	
350.82465,145.40051,2446.22	356.40253,191.59453,2400.2207	330.3887,187.32077,2294.6274	288.72733,232.89452,2221.8318	356.40253,191.59453,2400.2207	380.22394,195.5081,2505.814	403.13293,259.45868,2510.9243	363.86536,240.4167,2355.5566	355.21008,291.3247,2243.9653	363.22742,403.7976,2161.1277	387.0996,290.93866,2377.8198	279.6118,442.7739,2302.6182	431.12076,378.3897,2275.0522	355.21008,291.3247,2243.9653	374.57507,453.16223,2367.2476	438.62595,210.1096,2440.6677	337.55975,210.12146,2038.9169	
349.8884,143.71407,2454.8618	355.84747,190.05722,2407.5508	330.21402,185.6206,2300.6492	286.82986,229.39601,2210.4182	355.84747,190.05722,2407.5508	379.30133,194.11658,2514.4524	403.3258,257.12527,2522.364	363.40247,238.67336,2362.6877	355.09793,289.2809,2250.0537	361.00992,399.7621,2167.9136	386.4842,289.06827,2385.5957	279.7341,441.27844,2311.53	431.2916,375.72815,2274.1316	355.09793,289.2809,2250.0537	374.54895,449.57886,2372.9692	430.35605,201.59256,2469.5156	339.1736,208.85007,2036.2676	
348.92438,142.10585,2467.1816	354.92773,187.5761,2416.6384	329.19434,182.77927,2310.4548	288.14438,224.52634,2190.208	354.92773,187.5761,2416.6384	378.49493,191.96913,2522.822	404.3844,254.04288,2528.7544	362.44708,235.82256,2369.3396	354.0134,285.8579,2254.7234	356.48163,396.66382,2166.575	385.6159,286.20123,2389.3582	278.3758,441.89526,2312.3552	428.8429,373.28687,2274.4414	354.0134,285.8579,2254.7234	373.44055,448.64404,2368.9973	424.59885,197.73032,2471.153	344.89444,206.50269,2027.6106	
348.55353,139.47435,2466.3728	354.25598,185.22084,2417.4736	327.19214,180.76108,2317.101	290.08243,220.05095,2176.6333	354.25598,185.22084,2417.4736	379.16208,189.32503,2517.8462	407.35733,249.75961,2521.2227	361.46216,233.42351,2369.8	351.7523,283.4765,2258.4092	352.21622,394.27087,2171.137	385.25674,283.72742,2385.8438	276.71036,444.25836,2309.6233	427.0798,372.50006,2272.8232	351.7523,283.4765,2258.4092	373.12585,449.67865,2361.2166	423.134,192.89754,2446.658	350.05936,205.0105,2020.468	
348.02438,136.76599,2465.5066	353.52817,182.88353,2418.4304	324.79407,179.19408,2326.3877	288.05258,217.02425,2170.8667	353.52817,182.88353,2418.4304	380.15527,186.30244,2510.4731	410.5704,244.04979,2509.8284	360.16647,231.21555,2373.0376	348.70038,281.56918,2269.1792	348.23676,390.79498,2182.881	384.52716,281.30286,2386.1104	274.92938,443.76782,2317.1213	425.08978,370.35083,2275.9868	348.70038,281.56918,2269.1792	372.49957,448.06628,2365.6956	422.61664,187.6871,2411.4736	348.8307,204.4376,2020.127	
347.21844,133.64362,2465.0042	352.6463,179.8902,2419.5898	322.1771,177.1807,2337.7976	288.1574,213.97931,2164.4124	352.6463,179.8902,2419.5898	381.12286,182.42252,2501.382	417.85733,233.2302,2464.5288	359.26624,228.16888,2374.6187	346.58423,278.79,2277.6914	343.95233,385.98828,2190.4106	384.84604,277.85385,2381.6035	277.12067,445.542,2322.0781	422.29236,367.89313,2271.3635	346.58423,278.79,2277.6914	374.61008,448.50684,2360.2273	411.77176,186.73563,2293.622	351.35233,205.15898,2022.2594	
346.7082,131.62442,2464.8953	351.38452,177.71118,2419.4504	319.34512,175.3917,2348.565	286.77972,209.17726,2163.8176	351.38452,177.71118,2419.4504	381.6,179.89864,2490.336	419.52554,225.25632,2440.9392	357.11377,226.02356,2374.1414	342.3896,276.64233,2283.8523	329.55716,383.16565,2208.403	382.9588,275.80548,2373.8123	275.79706,453.62744,2325.4998	415.47205,366.55655,2266.2017	342.3896,276.64233,2283.8523	373.88986,449.5426,2358.6614	408.36874,189.07674,2240.113	349.659,204.6072,2019.4875	
345.97244,128.9873,2464.8293	350.19867,175.29886,2420.2808	316.69998,173.71844,2362.6467	285.17297,206.24207,2171.9907	350.19867,175.29886,2420.2808	382.13907,176.80577,2477.9148	423.44662,217.10262,2421.146	355.2235,223.64284,2375.456	338.69516,274.38504,2294.0303	321.7786,380.3549,2226.644	381.5156,273.32443,2367.2324	277.59918,456.89185,2338.6353	411.89423,364.68042,2262.2815	338.69516,274.38504,2294.0303	374.60968,447.2868,2370.1792	404.19263,191.85286,2205.1562	347.39938,203.43913,2028.7051	
345.4898,126.73021,2472.2964	349.12823,172.81729,2423.7402	314.4937,171.87418,2380.6099	286.61502,203.32553,2169.5803	349.12823,172.81729,2423.7402	382.55167,173.72742,2466.8706	426.16425,208.9049,2380.2637	353.49332,220.94147,2376.4463	335.40112,271.56894,2301.7715	316.38882,377.01892,2240.9531	380.14423,270.4838,2356.5332	278.4048,459.70755,2333.1558	401.31226,368.84033,2264.0193	335.40112,271.56894,2301.7715	376.5436,451.28723,2389.1309	399.57285,194.83644,2171.9302	349.09116,201.71655,2024.2988	
344.89035,125.56337,2476.016	348.22147,171.56514,2426.6702	312.79727,171.61719,2399.9463	284.96353,202.417,2184.346	348.22147,171.56514,2426.6702	382.87393,171.51425,2453.394	428.1468,199.67111,2344.837	351.99423,219.61156,2378.7976	332.64276,270.38516,2313.9514	311.6026,374.97815,2256.4001	378.86465,268.8888,2347.8987	280.66095,461.5094,2339.1719	394.04944,370.88004,2269.6953	332.64276,270.38516,2313.9514	380.7343,453.6886,2400.8633	397.1082,196.66382,2139.1514	344.9796,199.83171,2029.5862	
344.59943,124.40373,2477.8801	347.4865,170.22021,2429.004	311.70645,171.24509,2419.2427	281.79706,201.20235,2208.2324	347.4865,170.22021,2429.004	382.98013,169.20352,2438.7651	426.77377,194.65637,2311.6543	350.6143,218.16179,2380.104	330.26016,269.05237,2325.0083	307.55365,372.99316,2260.3777	377.36124,267.18192,2337.3994	280.5682,461.68353,2338.6858	388.9953,371.1642,2271.4253	330.26016,269.05237,2325.0083	384.11047,453.59546,2408.4053	393.77832,197.5332,2104.4976	339.10605,197.60257,2041.9432	
344.92096,123.87533,2479.8071	347.4354,169.57816,2431.641	311.50998,171.079,2430.8154	281.66614,201.37378,2219.6123	347.4354,169.57816,2431.641	383.33643,168.07834,2432.4668	422.30023,189.90144,2281.4275	350.16043,217.4526,2382.3945	329.36392,268.35742,2332.6267	305.67633,371.8799,2260.2795	376.62656,266.33914,2333.6692	280.91168,462.43024,2331.954	385.51712,370.9937,2283.496	329.36392,268.35742,2332.6267	388.523,452.64868,2422.186	390.21234,198.36653,2067.048	337.3813,195.27429,2050.7527	
344.93433,124.95277,2480.3074	346.74936,170.76305,2431.3196	311.09518,173.05331,2445.62	282.39005,203.41621,2234.3945	346.74936,170.76305,2431.3196	382.82547,168.44568,2417.019	419.8404,185.51816,2252.9058	348.78055,218.62189,2381.0452	327.22745,269.68555,2339.8484	300.45654,372.2298,2258.825	374.75638,267.39624,2321.693	279.73645,463.922,2330.047	380.01984,373.11072,2274.7961	327.22745,269.68555,2339.8484	390.7376,452.73743,2421.0767	386.9229,196.43149,2036.452	333.99084,192.22502,2054.7234	
345.5179,125.375244,2480.6223	346.47272,171.52084,2434.4973	311.54297,174.36118,2464.878	283.88895,205.93225,2254.8455	346.47272,171.52084,2434.4973	382.2853,168.6087,2404.1167	416.3249,182.38458,2229.2415	347.43652,219.43164,2385.5166	325.22195,270.43695,2355.8237	295.52136,371.46722,2270.879	372.04608,268.2473,2317.248	279.0975,464.2917,2336.8032	377.04132,373.9234,2283.623	325.22195,270.43695,2355.8237	394.494,452.67633,2426.4333	380.70917,191.68094,2014.1799	329.44376,189.17358,2059.4695	
345.8559,127.05478,2480.6829	346.4443,173.24405,2436.6106	312.38867,176.66562,2480.6926	285.15213,209.31445,2282.9712	346.4443,173.24405,2436.6106	381.7549,169.69641,2392.5286	413.79837,185.28763,2210.3064	346.75275,221.2357,2388.9175	324.47467,272.29788,2369.1523	291.06573,371.4723,2267.8633	370.21844,270.04044,2313.2964	279.11615,464.23657,2339.862	375.83826,376.15778,2276.9016	324.47467,272.29788,2369.1523	398.4051,452.17242,2427.8694	375.21884,187.31433,1999.5862	322.75513,186.72635,2071.388	
346.275,127.994316,2480.6914	346.491,174.1372,2437.8787	313.40094,178.08449,2493.6858	282.5672,210.36507,2309.032	346.491,174.1372,2437.8787	381.13156,170.00497,2382.0715	410.47287,189.74231,2199.2983	346.2143,222.11731,2390.1748	323.96304,273.21762,2377.8047	286.06302,370.23633,2266.9224	368.56232,270.84995,2307.1372	278.52023,464.04346,2335.4429	374.8305,377.3603,2269.5254	323.96304,273.21762,2377.8047	401.09717,451.17017,2427.0386	370.71075,182.76068,1995.3365	311.75803,185.46527,2086.9507	
346.7664,129.96672,2480.917	345.36087,176.46481,2439.4263	313.86157,180.37154,2509.317	280.88364,212.43767,2348.277	345.36087,176.46481,2439.4263	378.71835,172.3276,2369.5356	408.5368,196.67537,2197.5217	343.43692,224.45702,2392.8784	320.52127,275.13986,2390.6978	278.32227,369.57642,2266.064	363.15817,273.53668,2301.9634	274.17444,463.4079,2336.7864	368.5567,380.0775,2271.8567	320.52127,275.13986,2390.6978	398.8102,454.211,2420.381	368.75824,177.25893,2003.4009	302.0917,185.37738,2112.0127	
346.61667,131.98822,2480.7585	344.28452,178.35974,2441.5022	313.156,181.87148,2515.4172	279.94016,215.78654,2382.664	344.28452,178.35974,2441.5022	377.3567,174.62874,2367.5872	405.0426,206.723,2200.3264	341.3992,226.35603,2395.9043	317.89166,276.63623,2396.9744	274.73276,370.29422,2260.7686	359.74323,275.776,2303.6384	274.75403,464.67807,2329.8567	367.7511,382.30243,2269.119	317.89166,276.63623,2396.9744	401.6588,452.45197,2428.7969	368.45724,173.62589,2027.8977	290.06174,184.68823,2142.3015	
346.26785,135.09909,2480.6536	343.943,181.0395,2441.238	313.5269,184.9139,2520.6792	279.21677,220.63733,2427.3472	343.943,181.0395,2441.238	376.40524,176.90448,2361.7969	402.52002,215.20308,2218.69	340.82578,228.99863,2394.164	317.47412,279.40784,2397.3743	273.85748,372.78152,2251.597	358.5735,278.33215,2296.806	277.07886,466.43542,2327.969	366.3958,385.80438,2247.053	317.47412,279.40784,2397.3743	403.463,452.15784,2419.2754	370.3788,172.40504,2062.3535	278.93298,188.42036,2192.0508	
346.72107,138.0593,2480.628	343.75955,183.814,2440.9214	314.10086,187.67729,2525.7043	280.6081,226.0886,2455.2124	343.75955,183.814,2440.9214	375.55273,179.67267,2356.1384	401.62064,222.12617,2246.8997	340.05023,231.80829,2394.1304	316.599,282.10043,2401.0466	271.28345,374.73285,2255.7112	356.70465,281.31354,2293.632	275.21252,469.23602,2324.8262	362.6216,389.16364,2243.422	316.599,282.10043,2401.0466	403.16406,452.46393,2420.7751	373.10727,172.96066,2097.2363	267.6237,191.06142,2233.6104	
346.41534,140.06638,2482.5837	343.30103,186.02261,2441.0728	314.2998,190.12433,2529.9365	281.12808,231.5145,2488.6223	343.30103,186.02261,2441.0728	374.49353,181.61098,2352.209	400.91156,228.54102,2278.967	339.3515,233.98166,2393.2761	316.07556,284.33844,2401.7798	269.26657,376.11398,2250.1335	355.34915,283.43045,2289.1792	276.47354,469.48053,2327.3706	354.87735,390.6331,2231.8086	316.07556,284.33844,2401.7798	404.11108,448.09674,2410.0015	376.78284,175.56818,2131.8267	257.57285,195.63402,2288.3215	
346.79788,142.66635,2481.6233	343.01703,188.63841,2439.5886	315.04074,192.68501,2534.3513	297.34036,243.90308,2533.387	343.01703,188.63841,2439.5886	373.25458,184.26474,2344.826	400.868,235.24316,2315.0657	338.23553,236.61182,2392.0823	314.80493,286.78754,2404.6738	263.81396,371.89844,2242.5596	352.6866,286.2575,2284.478	276.69897,463.92746,2328.0732	348.5583,393.0935,2229.431	314.80493,286.78754,2404.6738	402.48737,448.43826,2403.6084	381.67047,180.98215,2172.5369	261.94055,209.29112,2374.2336	
346.75766,144.66942,2482.664	342.23553,190.54514,2443.6433	315.5674,194.18156,2544.8596	305.53152,248.4294,2566.129	342.23553,190.54514,2443.6433	371.20834,186.59444,2342.427	400.3349,241.22736,2330.638	336.4228,238.53546,2399.6025	312.91476,288.15195,2419.771	260.41022,367.8204,2250.3865	348.85022,288.4981,2291.3525	276.7057,458.85315,2339.0627	343.86755,394.02716,2240.8289	312.91476,288.15195,2419.771	401.63007,447.065,2410.601	382.7649,186.20053,2195.6208	262.24615,217.5945,2428.9543	
346.65298,147.01688,2481.118	341.65247,193.0614,2446.1082	316.3347,196.5624,2553.4172	306.19736,250.37521,2599.7234	341.65247,193.0614,2446.1082	369.29355,189.23917,2338.799	401.34714,243.48329,2308.8574	335.47653,241.1831,2405.6433	312.5926,290.54352,2433.2273	259.30063,368.0417,2244.0256	346.5633,291.38342,2297.1296	278.06006,458.5483,2335.7004	343.3227,396.5572,2234.1313	312.5926,290.54352,2433.2273	402.13583,447.2964,2409.9016	379.478,188.67355,2181.6838	261.02197,223.07411,2452.1956	
346.99237,148.55869,2480.3235	341.86646,194.97333,2445.9165	316.78345,197.98393,2554.6802	304.31223,250.56482,2611.8694	341.86646,194.97333,2445.9165	369.284,191.68253,2337.1528	401.65594,244.91837,2281.9478	334.92133,243.08414,2406.7446	311.4917,292.0209,2436.444	256.39948,366.5088,2234.46	344.97507,293.59885,2298.7014	276.68533,457.62592,2323.6501	343.98538,398.48846,2227.7266	311.4917,292.0209,2436.444	402.3079,449.75195,2404.1719	375.93475,189.85333,2160.7637	260.03796,225.3018,2465.8848	
347.1398,149.88925,2481.446	341.77295,196.43507,2447.4036	317.5407,199.29129,2559.743	301.165,253.12402,2630.964	341.77295,196.43507,2447.4036	368.33682,193.30403,2335.0642	402.96405,244.79904,2251.008	334.3232,244.5328,2409.7476	310.98547,293.20627,2443.3022	255.68939,364.8674,2240.3699	343.2572,295.16782,2300.8809	276.4478,456.68195,2323.0488	343.19144,398.17358,2226.341	310.98547,293.20627,2443.3022	402.40338,448.31775,2404.4126	371.72275,190.5533,2137.8113	260.9242,228.26682,2485.7412	
347.4591,150.97115,2480.9905	341.9822,197.33841,2446.7075	318.31146,200.202,2561.4336	299.19946,255.01932,2644.497	341.9822,197.33841,2446.7075	367.982,194.19307,2331.9814	403.98587,244.11725,2222.5205	334.19073,245.42108,2409.2388	310.90463,294.0191,2444.4788	255.18457,364.17462,2233.428	342.366,296.09036,2299.0613	277.1215,455.92645,2317.26	343.48544,398.40552,2221.2021	310.90463,294.0191,2444.4788	403.73694,447.08478,2401.477	367.2091,192.22916,2110.704	261.5755,231.43387,2493.1406	
347.4074,151.82088,2488.802	341.47418,197.96797,2453.2021	319.4173,201.1741,2573.3042	298.3404,253.45256,2652.306	341.47418,197.96797,2453.2021	365.8019,194.43175,2333.1	404.56445,243.52525,2203.3132	333.2382,245.84868,2415.6074	310.58124,294.35547,2454.2502	254.2233,363.66907,2241.3584	339.84033,296.1899,2301.7751	276.8541,454.78375,2326.6145	341.6139,398.3352,2227.2322	310.58124,294.35547,2454.2502	402.1682,446.2976,2408.5667	363.53033,194.87277,2089.3406	257.5088,230.9415,2488.6716	
347.88153,152.12518,2493.181	341.3885,198.11418,2456.0168	320.31934,201.54842,2579.4014	296.79352,255.01117,2664.6812	341.3885,198.11418,2456.0168	364.68658,194.31665,2332.6323	405.29126,242.82802,2192.6855	332.7804,245.86142,2418.1255	310.4448,294.32663,2458.4297	253.51059,363.53735,2238.525	338.2656,295.98553,2302.0386	277.16327,454.74994,2322.4663	341.3722,397.86472,2225.361	310.4448,294.32663,2458.4297	402.7897,445.71793,2404.516	363.1807,196.94304,2070.6423	258.39276,232.79955,2495.5698	
347.7276,152.73573,2497.3472	340.8215,198.58424,2459.713	320.07977,202.05072,2584.1099	297.6148,255.0532,2667.347	340.8215,198.58424,2459.713	363.77292,194.74846,2335.316	405.54,243.49818,2203.847	331.9992,246.21393,2421.521	309.6768,294.57706,2462.1367	252.54738,363.84296,2238.2727	337.0155,296.21738,2304.5215	276.12256,455.07242,2322.3213	341.71912,399.1139,2226.081	309.6768,294.57706,2462.1367	401.99896,446.06522,2411.7334	366.5714,199.79689,2063.0562	258.99182,233.75673,2496.84	
347.8604,152.86588,2496.9055	340.24033,198.73465,2460.3286	318.84277,201.81992,2582.56	298.4198,254.34607,2664.15	340.24033,198.73465,2460.3286	363.87515,195.3268,2338.0972	404.05637,245.75014,2220.906	331.0476,246.27385,2421.896	307.91116,294.3567,2460.9531	250.69264,363.53363,2230.048	336.1229,296.40216,2305.9736	274.62607,454.68552,2316.6663	341.96344,400.52545,2225.2913	307.91116,294.3567,2460.9531	402.2187,449.29462,2404.5205	374.28735,202.37323,2056.8586	259.5946,234.18858,2495.017	
347.62042,153.38171,2498.6973	339.89114,199.10931,2459.88	317.94684,202.26532,2580.2068	300.5194,253.8067,2657.0686	339.89114,199.10931,2459.88	364.09274,195.62868,2339.553	402.87726,251.89053,2255.444	330.5185,246.49448,2418.5571	306.78397,294.63345,2453.51	250.81665,363.73273,2223.215	335.78656,296.4798,2300.9587	275.39667,454.81046,2311.2517	341.86444,400.0347,2218.403	306.78397,294.63345,2453.51	401.87436,451.62793,2389.7253	381.57602,205.99844,2083.1956	259.92886,233.59042,2503.2756	
347.2304,153.78705,2498.6	339.75732,199.58017,2460.224	317.86102,202.83374,2580.7197	303.4575,255.6849,2660.793	339.75732,199.58017,2460.224	363.90897,195.99147,2339.7285	400.65814,259.05328,2290.2207	330.6178,247.01584,2418.8916	307.14374,295.26556,2453.9326	252.1371,364.46658,2229.2495	336.10773,296.9915,2301.1855	277.08548,454.68317,2320.58	341.12576,399.04694,2224.4526	307.14374,295.26556,2453.9326	403.1735,448.43137,2395.6362	386.90775,210.36597,2118.7612	259.93518,233.48033,2506.6255	
347.26218,153.5318,2506.051	340.14084,199.2521,2464.459	318.33926,202.92792,2585.131	306.67996,256.76886,2651.4993	340.14084,199.2521,2464.459	364.18735,195.1978,2343.7869	397.61212,263.00406,2325.1074	331.2254,246.52827,2420.8643	307.98773,294.99152,2453.7717	252.13336,364.32544,2227.2378	336.90903,296.12158,2300.7673	277.4475,454.2682,2320.4514	341.19318,397.86725,2223.7117	307.98773,294.99152,2453.7717	403.4975,445.68207,2399.8918	388.9425,217.01453,2139.963	260.2292,233.67981,2506.3406	
347.1079,153.83296,2501.2742	340.02805,199.53003,2462.7793	318.12012,202.87306,2583.211	305.62875,256.77414,2651.33	340.02805,199.53003,2462.7793	364.18878,195.84326,2342.3477	396.43393,264.42062,2333.0486	331.0166,246.91876,2421.0747	307.6492,295.19977,2455.721	249.87915,365.37738,2225.6555	336.66016,296.78864,2303.0193	276.55124,454.4248,2322.8542	341.05524,400.7395,2226.3105	307.6492,295.19977,2455.721	404.11996,445.92175,2407.3628	389.97382,219.546,2144.7634	260.3165,233.67776,2491.7712	
346.65372,154.34239,2498.8848	339.7673,200.17076,2462.2432	317.74734,203.25847,2582.315	305.41757,256.20236,2648.01	339.7673,200.17076,2462.2432	364.04498,196.76646,2342.1714	397.88043,264.19696,2331.5205	330.65836,247.61458,2421.6143	307.1408,295.745,2457.1091	249.01154,365.72964,2222.2437	336.26746,297.67172,2304.8616	276.6332,454.60938,2319.8635	341.65942,401.05484,2223.8757	307.1408,295.745,2457.1091	403.0076,446.25385,2411.2346	389.65945,219.4998,2142.523	260.10294,233.46683,2482.8423	
345.67557,154.5014,2497.7034	338.8843,200.37994,2461.8115	316.27548,203.23618,2579.6182	306.93155,256.53464,2645.7693	338.8843,200.37994,2461.8115	363.76572,197.23663,2344.005	399.42062,263.4407,2321.2686	329.93823,247.888,2421.5435	306.18347,295.96613,2455.9849	248.99023,364.83826,2217.3062	336.13547,298.10666,2306.566	275.52643,453.94202,2316.852	343.06287,400.87695,2224.7275	306.18347,295.96613,2455.9849	404.9269,445.62244,2411.3706	387.9136,217.76653,2137.3965	260.62323,233.25948,2486.7666	
345.14124,154.33713,2497.611	338.29688,200.39769,2460.4937	315.30054,203.30963,2576.7925	305.4984,255.55911,2637.9795	338.29688,200.39769,2460.4937	363.57498,197.19681,2344.1948	399.81134,262.9487,2302.1414	329.53967,247.9252,2419.224	305.69107,296.13446,2451.6865	250.01744,364.58716,2214.928	336.21234,298.13232,2304.2227	276.26123,454.33038,2311.414	344.01074,400.1121,2219.6392	305.69107,296.13446,2451.6865	405.43103,447.42166,2400.0823	386.7434,213.60698,2132.5728	260.09738,231.2619,2474.145	
344.3151,153.43219,2497.0642	337.7135,199.8411,2459.816	314.42044,202.82489,2574.9019	302.1311,255.42073,2625.2305	337.7135,199.8411,2459.816	363.29312,196.56439,2344.73	400.63583,260.69073,2292.5786	329.21976,247.40518,2418.1475	305.4194,295.74246,2449.4407	250.5455,363.9092,2219.348	336.38766,297.58862,2303.5173	276.77185,453.83255,2313.6145	344.913,396.3283,2226.2927	305.4194,295.74246,2449.4407	405.74536,444.83966,2404.5283	385.43228,208.79567,2133.542	260.76053,229.04875,2446.3438	
343.81873,149.80418,2496.813	337.62662,196.5493,2458.1958	312.87198,199.25406,2567.0588	295.8389,252.4779,2614.6448	337.62662,196.5493,2458.1958	364.6754,193.59389,2349.3328	397.53845,257.8936,2291.3176	329.36658,244.09135,2415.6934	304.76297,292.40198,2442.326	252.4937,358.95782,2221.1711	337.82135,294.32672,2304.056	276.5331,450.15756,2310.7646	347.45575,389.7699,2235.035	304.76297,292.40198,2442.326	405.53406,441.41354,2411.2966	383.8617,204.52353,2132.9922	262.50235,225.58282,2412.1372	
341.86893,146.95471,2498.181	336.32263,193.93427,2458.4165	311.27084,197.09973,2565.821	289.21246,246.63455,2587.8372	336.32263,193.93427,2458.4165	363.66336,190.47958,2351.012	394.95142,253.24504,2287.6887	329.04904,241.58418,2415.9097	305.2481,290.34485,2441.4468	257.18665,357.93988,2236.3516	338.74203,291.57208,2305.359	277.85242,449.98624,2320.202	349.79193,386.55487,2246.4055	305.2481,290.34485,2441.4468	404.96237,441.68317,2417.7935	379.31052,199.01773,2133.776	266.03586,219.33559,2363.1135	
340.25803,143.34038,2497.35	335.3523,189.8039,2460.3303	310.1662,193.0293,2567.002	283.82684,240.9904,2557.9285	335.3523,189.8039,2460.3303	362.82135,186.28612,2353.6587	395.15155,247.52306,2282.3494	328.54575,237.5321,2420.162	305.15277,286.33423,2447.5913	259.07455,353.13397,2249.123	338.82242,287.43994,2312.3965	277.22217,446.4407,2324.2083	358.4726,385.68726,2275.0886	305.15277,286.33423,2447.5913	404.96988,446.51648,2442.0955	373.0767,195.19012,2132.34	268.8799,212.5881,2320.3516	
339.15204,139.4967,2488.9836	334.91193,186.30856,2455.5872	308.784,189.20374,2557.9707	281.21707,235.9455,2537.5369	334.91193,186.30856,2455.5872	363.31345,183.16144,2353.2036	394.0581,243.90038,2284.715	328.74597,234.33543,2419.2036	305.40356,283.1607,2447.7666	263.3996,351.66248,2254.651	340.33188,284.5347,2317.8735	277.99982,446.89993,2316.8716	365.48862,384.3,2284.934	305.40356,283.1607,2447.7666	405.4477,450.26715,2444.796	367.9527,193.94333,2130.501	272.43927,208.06178,2289.638	
338.02502,134.90067,2484.8801	334.98807,181.55917,2453.6965	307.5237,184.6094,2549.1008	279.53,230.57343,2503.9053	334.98807,181.55917,2453.6965	364.67456,178.26216,2358.2922	394.05402,240.33838,2277.4915	329.96094,229.71283,2417.9395	306.84305,278.9091,2442.743	268.3228,348.51862,2257.2185	343.6587,279.73605,2321.6218	279.39404,444.8295,2313.8289	370.83136,379.81894,2301.0247	306.84305,278.9091,2442.743	406.3935,451.4674,2442.81	361.78912,192.31909,2132.5342	277.00665,202.418,2252.3193	
337.56104,131.87292,2482.2957	335.26617,178.51978,2451.634	306.60855,181.69638,2540.3384	278.87347,225.77979,2471.0608	335.26617,178.51978,2451.634	366.07544,175.10466,2362.9297	393.21777,238.41525,2276.3438	331.18256,226.7593,2415.7778	308.21405,276.29166,2436.1824	273.79123,359.37308,2264.1716	346.64618,276.6209,2323.661	277.82947,455.3829,2320.9407	371.95163,377.88214,2304.4316	308.21405,276.29166,2436.1824	404.31458,452.46515,2439.73	355.11313,194.27316,2138.7534	280.88437,197.11151,2223.0662	
337.3444,128.79248,2473.6108	335.67917,176.03397,2445.3481	305.1081,178.83124,2521.078	278.30145,220.98901,2441.7637	335.67917,176.03397,2445.3481	368.20425,173.05792,2369.6184	392.36124,234.06407,2276.8582	332.6276,224.51251,2411.0146	309.38647,274.28766,2424.8684	277.9728,365.1646,2272.9082	350.42123,274.50003,2328.494	277.09903,462.75143,2313.0908	374.1908,375.9312,2316.5217	309.38647,274.28766,2424.8684	402.82324,453.83234,2440.3108	348.6291,195.50427,2147.6768	284.30136,192.37708,2193.259	
336.95798,124.38031,2469.8237	336.05713,171.63123,2440.777	303.53882,174.04874,2499.3428	280.44794,217.44005,2407.703	336.05713,171.63123,2440.777	370.17438,169.09485,2382.2114	389.6979,231.51149,2280.6375	334.0517,220.17575,2405.9963	310.5574,270.2165,2408.518	282.45187,366.00092,2283.2524	354.10242,270.06995,2333.913	277.1567,464.57733,2310.1675	376.399,371.66443,2324.296	310.5574,270.2165,2408.518	399.58356,452.16083,2443.0312	340.9566,196.5371,2160.0889	293.04642,187.72679,2164.3584	
336.19156,121.68665,2466.3645	335.7499,168.98138,2437.2961	301.8189,170.97415,2480.363	282.9152,213.93037,2378.6375	335.7499,168.98138,2437.2961	370.90158,166.9169,2394.2292	389.1735,229.46976,2289.3005	334.63666,217.60454,2402.7358	311.2312,267.83054,2395.4937	287.64136,366.87112,2294.6462	356.2702,267.45892,2340.8574	275.8343,465.06903,2314.8716	375.8902,369.41144,2330.4004	311.2312,267.83054,2395.4937	395.4925,453.01074,2435.8828	336.092,197.64627,2177.2	298.52856,183.45612,2137.0715	
336.37732,120.05405,2466.0012	336.00098,167.25436,2435.3254	301.16876,168.77219,2466.722	284.22018,210.89304,2350.45	336.00098,167.25436,2435.3254	371.74307,165.69691,2403.929	389.31085,227.28986,2297.9707	335.28378,215.86108,2399.8174	311.76428,266.09915,2384.1665	290.54022,366.92676,2300.5784	357.71167,265.7535,2344.4521	276.66403,465.15045,2317.3115	375.82413,367.98334,2332.0396	311.76428,266.09915,2384.1665	391.89902,454.12454,2426.6348	333.69147,198.40707,2189.4255	304.83456,180.71146,2120.2898	
336.1744,119.32843,2448.8757	336.06317,167.53299,2426.1396	300.4392,168.36203,2442.807	284.72235,209.09831,2332.4285	336.06317,167.53299,2426.1396	372.18,166.69247,2409.4724	389.50067,225.87218,2307.3533	335.9749,216.65355,2397.9966	312.69763,267.0389,2380.425	294.4262,368.8462,2313.6372	359.2793,266.84174,2359.282	277.1437,466.4163,2326.5212	374.7919,368.50232,2353.3286	312.69763,267.0389,2380.425	390.55438,456.55966,2430.172	332.75076,199.17699,2198.3523	308.50977,179.29146,2107.0745	
336.7674,117.6323,2440.2004	336.6748,166.06903,2422.363	300.64545,166.37755,2430.0156	285.40457,208.8494,2322.7734	336.6748,166.06903,2422.363	372.93253,165.75859,2414.7104	389.27902,225.13715,2314.3506	336.65286,215.40399,2397.643	313.35123,265.7633,2377.7612	296.61932,368.17334,2314.3325	360.00485,265.7704,2368.085	276.97778,464.73608,2332.495	374.23285,367.82425,2350.05	313.35123,265.7633,2377.7612	389.23715,456.82495,2423.067	332.30554,199.45662,2203.0393	313.82135,178.64066,2103.3574	
335.63156,119.81,2451.9858	336.99753,167.29538,2425.3804	300.86548,168.47562,2426.9294	286.73285,209.08192,2314.08	336.99753,167.29538,2425.3804	373.17575,166.11363,2423.8313	389.13287,224.58058,2319.9553	338.702,216.33308,2395.8901	317.0099,267.31747,2367.3801	301.0437,370.49567,2305.2502	363.90747,265.86792,2365.4197	280.8064,466.81497,2328.2961	377.6009,368.5874,2337.054	317.0099,267.31747,2367.3801	391.2245,458.11914,2411.6296	332.185,199.64476,2206.1362	317.6731,178.45767,2095.4233	
335.7788,120.95952,2457.7422	337.076,168.04613,2426.431	300.86227,169.08554,2424.0923	275.8075,218.25766,2369.6328	337.076,168.04613,2426.431	373.21997,167.00873,2428.7695	389.59665,225.35983,2328.897	338.94003,217.0208,2395.3088	317.3431,268.02188,2362.7068	299.01016,370.78473,2311.9917	364.33383,266.54877,2365.6667	276.8472,465.80542,2340.003	374.7398,369.586,2338.2239	317.3431,268.02188,2362.7068	387.39606,458.93335,2414.9976	333.72897,200.65521,2208.1729	308.99274,189.22165,2159.3389	
336.5242,118.63488,2444.5999	337.2174,166.62965,2423.0159	300.93933,167.07797,2414.0625	273.30933,222.38387,2401.6748	337.2174,166.62965,2423.0159	373.2284,166.18465,2431.9692	389.86987,225.21832,2343.7083	338.7252,215.94206,2398.7932	316.83768,266.7888,2368.8955	299.0556,369.3247,2321.4287	363.5781,265.73477,2380.2456	275.97934,463.5877,2350.9922	374.23456,367.99905,2356.086	316.83768,266.7888,2368.8955	385.70557,457.10327,2431.5378	337.20093,200.60808,2205.6516	305.01614,193.98732,2188.1973	
336.91852,118.943184,2454.0203	337.2731,166.20244,2426.5723	301.05115,166.00763,2413.8027	271.87177,224.47136,2417.3938	337.2731,166.20244,2426.5723	373.1158,166.3952,2439.3418	390.13098,226.21886,2352.146	338.30215,215.31673,2398.7751	315.9187,265.7968,2362.8877	299.3547,368.99158,2308.6145	362.6326,265.3699,2379.0684	275.3121,464.0436,2334.2546	373.97983,367.99634,2345.0642	315.9187,265.7968,2362.8877	385.63986,458.08145,2416.2976	340.29694,200.19508,2203.0808	304.25058,197.60481,2203.7754	
337.69788,117.94909,2442.7573	337.3675,166.13591,2423.3062	301.08923,165.61658,2409.16	270.88846,226.58864,2425.611	337.3675,166.13591,2423.3062	373.22467,166.64923,2437.4524	389.22113,227.02693,2351.8337	337.9193,215.52148,2400.6252	315.11093,265.89175,2368.9814	299.9878,368.93994,2319.0508	361.6769,265.80682,2386.9072	276.1417,463.49066,2345.6938	373.70255,367.9037,2356.4697	315.11093,265.89175,2368.9814	385.75815,458.22617,2422.3726	341.34622,199.59084,2195.618	303.7644,200.47456,2212.6355	
337.6753,118.74949,2439.1003	336.87897,167.4483,2420.674	300.64462,166.32248,2402.084	270.46515,226.97545,2424.3467	336.87897,167.4483,2420.674	372.561,168.55696,2439.2642	382.63605,224.39616,2342.8796	336.9068,216.93562,2398.5608	313.5963,267.11673,2364.66	298.7173,370.542,2311.1663	360.04355,267.56885,2388.235	276.66718,466.534,2331.6028	373.22745,369.63416,2354.2834	313.5963,267.11673,2364.66	384.58997,460.62833,2416.1653	336.8,197.24814,2171.1865	305.5046,201.28267,2216.669	
338.5473,116.68806,2451.7837	337.14926,164.92505,2427.3818	301.07074,163.05771,2406.8564	270.0857,226.22083,2420.233	337.14926,164.92505,2427.3818	372.62277,166.76111,2447.9072	376.74777,221.79527,2333.456	336.56882,213.99692,2399.3682	312.62817,263.56802,2358.3438	298.9542,367.26782,2308.8723	359.06638,264.8812,2384.3652	276.94437,463.6081,2327.6135	373.41528,366.73474,2355.3394	312.62817,263.56802,2358.3438	386.07715,458.48438,2410.1252	331.59277,195.06828,2154.1401	309.14548,202.71689,2221.5386	
338.73068,116.303215,2457.1394	337.16116,164.2605,2430.5713	301.1958,162.07893,2407.6218	270.03848,225.15329,2412.6287	337.16116,164.2605,2430.5713	372.4537,166.40126,2453.5208	372.32935,218.9209,2332.726	336.42914,213.20917,2401.13	312.38345,262.5723,2357.141	300.4242,366.3448,2313.4656	358.69037,264.16412,2386.2358	278.63306,462.63934,2331.451	373.3727,365.48392,2366.3442	312.38345,262.5723,2357.141	386.1604,457.693,2414.1172	328.25702,194.29301,2146.686	311.91644,204.18813,2218.792	
338.73886,116.17569,2460.8303	337.26822,163.95312,2433.436	301.4485,161.68848,2407.1836	268.1071,226.26306,2416.455	337.26822,163.95312,2433.436	372.32333,166.16943,2459.6885	370.12106,218.03072,2337.872	336.7244,212.8508,2403.9731	312.9741,262.19498,2357.866	302.059,366.04858,2314.3708	359.03717,263.71817,2391.1545	279.60245,462.17218,2332.244	373.69196,364.8399,2371.3577	312.9741,262.19498,2357.866	386.60355,457.2373,2416.0254	327.83057,194.64114,2145.6216	310.67828,204.74724,2226.5798	
