341.43274,121.19369,2448.94	339.80844,168.99568,2433.9282	304.10593,166.72131,2406.27	288.53888,218.76953,2358.181	339.80844,168.99568,2433.9282	374.70862,171.21896,2461.5864	403.2038,237.94656,2444.426	338.2557,218.46513,2424.9583	313.94998,267.581,2398.4456	297.21265,368.01587,2377.4658	359.105,269.01242,2433.531	287.56735,458.94052,2435.2068	367.62616,370.2116,2374.6616	313.94998,267.581,2398.4456	384.21558,461.18866,2422.9734	401.6136,255.15228,2187.7837	308.87317,222.91008,2107.3066	
339.68054,122.34961,2449.6758	338.73453,170.28598,2431.7148	302.80276,168.62549,2409.224	289.23615,223.74962,2338.5503	338.73453,170.28598,2431.7148	374.0077,171.91606,2454.2056	402.97174,239.2045,2419.1643	337.77722,219.84636,2421.5898	313.901,269.35684,2397.203	293.52045,369.40283,2370.6824	359.4533,270.28348,2425.7268	286.92142,461.54785,2422.4548	366.0628,372.1407,2361.3044	313.901,269.35684,2397.203	385.2184,463.4317,2407.346	392.98996,262.11197,2177.006	309.39365,224.80463,2081.9712	
338.58536,124.26906,2441.0767	338.02454,172.42712,2427.9966	301.92447,171.20627,2408.831	286.02005,226.75186,2345.7495	338.02454,172.42712,2427.9966	373.55917,173.62888,2447.162	403.4525,241.03352,2396.5818	337.32303,222.15926,2421.6147	313.67462,271.88266,2403.0852	291.11633,371.20593,2378.0417	359.33136,272.42303,2427.3806	287.08273,462.98462,2431.6042	363.1713,374.44086,2360.5256	313.67462,271.88266,2403.0852	384.51147,463.6689,2418.361	385.42377,266.37143,2168.308	306.69632,228.42433,2091.4731	
337.6939,126.2972,2435.8154	336.92722,174.84624,2425.0168	300.6813,173.71259,2412.9036	283.68738,228.89975,2357.4014	336.92722,174.84624,2425.0168	372.8128,175.96861,2437.1301	403.0807,243.05792,2375.3171	335.9278,224.6824,2420.7925	311.88467,274.29092,2408.883	285.841,372.87198,2374.6868	357.81906,275.09213,2424.2532	284.8521,464.2207,2433.1047	359.21097,377.4945,2348.424	311.88467,274.29092,2408.883	383.94754,464.69998,2417.113	378.06198,267.93958,2158.9985	304.48553,230.70107,2103.801	
337.24887,128.49977,2441.6707	336.33987,176.83061,2426.695	300.08432,175.78375,2420.819	285.4195,231.46568,2346.2058	336.33987,176.83061,2426.695	372.42026,177.87242,2432.571	403.4626,242.0496,2347.6775	335.2318,226.5947,2419.0337	310.99875,276.1621,2407.6465	284.7227,375.05402,2367.4946	357.16333,277.18634,2415.0981	284.7931,465.54742,2434.4075	358.9166,380.18063,2332.5276	310.99875,276.1621,2407.6465	385.5316,465.41672,2414.3892	370.38895,268.89,2149.6702	305.70587,232.00482,2087.932	
336.64517,131.62007,2445.0708	335.87253,179.72435,2427.914	299.6496,179.02724,2427.8699	281.87167,232.34724,2363.086	335.87253,179.72435,2427.914	372.09412,180.42142,2427.9583	402.94937,241.53348,2326.3245	334.9716,229.46721,2419.0034	310.92938,279.13385,2410.0647	284.32712,378.10474,2364.6365	357.198,280.02194,2410.1208	285.9793,467.9746,2436.4753	357.97797,383.2583,2334.292	310.92938,279.13385,2410.0647	387.19632,467.75824,2414.7031	363.2203,267.06836,2140.8872	303.35056,233.92067,2109.5374	
335.75262,134.57452,2454.781	335.42117,181.8247,2431.462	299.24057,181.37482,2433.2192	278.82114,234.36482,2374.0508	335.42117,181.8247,2431.462	371.65408,182.27525,2429.7046	401.7588,238.5314,2303.1436	334.79935,231.36687,2415.797	310.94116,281.22064,2401.2458	284.2021,380.80157,2350.1943	357.4192,281.8911,2399.0188	284.91068,470.74564,2424.9292	356.95224,385.75977,2317.7542	310.94116,281.22064,2401.2458	387.34937,468.09833,2412.4597	356.4029,262.7097,2133.7927	299.8374,234.66225,2125.4211	
335.26703,136.22958,2468.3052	331.40738,182.87088,2440.1064	296.00296,180.62592,2456.1912	277.4849,236.06294,2385.5332	331.40738,182.87088,2440.1064	367.28165,185.14561,2424.0217	397.32306,232.65129,2284.389	327.29376,231.79248,2418.4124	300.26346,279.73132,2406.9033	278.21457,380.15027,2357.74	346.14285,283.4841,2386.5332	279.2008,469.64807,2433.9434	350.1026,387.5531,2305.6648	300.26346,279.73132,2406.9033	381.64,466.18634,2421.6155	349.48578,256.33667,2126.0464	296.23404,237.61632,2134.2542	
334.81522,138.24164,2474.7332	328.7413,184.55664,2443.3547	294.00015,181.35782,2470.4883	275.69525,235.2376,2387.501	328.7413,184.55664,2443.3547	364.2627,187.82732,2416.2212	392.48428,224.23291,2262.1208	322.3403,233.0985,2418.1992	293.34372,279.88477,2410.2285	279.5784,381.59412,2348.6277	338.59073,285.47714,2375.859	280.68015,470.37817,2431.8264	350.70834,389.37048,2295.2532	293.34372,279.88477,2410.2285	382.80765,466.4145,2420.7222	342.19128,247.92154,2121.4688	294.0456,238.02199,2137.7012	
335.54156,139.11835,2486.7104	328.04276,184.82436,2449.0415	293.67676,181.08002,2481.4026	274.74286,234.1143,2391.281	328.04276,184.82436,2449.0415	363.3291,188.66898,2416.6804	388.32028,214.87064,2231.7126	320.20438,232.88905,2418.6333	289.90173,278.90964,2408.7	281.91083,381.48804,2336.0876	334.81607,285.50232,2367.7502	282.39157,468.6992,2432.615	353.5807,388.82007,2288.3508	289.90173,278.90964,2408.7	384.62808,465.0677,2421.676	333.53516,238.26079,2115.056	292.73993,236.3613,2143.7722	
335.34677,138.1849,2491.6401	327.42606,183.88943,2452.4639	293.4852,180.40094,2491.1807	273.96637,234.16835,2395.6638	327.42606,183.88943,2452.4639	362.45575,187.48982,2413.747	383.65503,207.78737,2219.4	319.204,231.7736,2419.872	288.7152,277.69495,2411.8103	283.49747,380.53412,2330.9985	333.2574,284.30344,2362.7502	284.62103,466.6915,2435.885	356.0705,387.15225,2284.2197	288.7152,277.69495,2411.8103	385.49448,463.26758,2422.5823	325.895,228.47093,2114.9482	291.70264,235.4922,2148.5508	
336.22202,136.23572,2494.1387	328.13974,182.32501,2453.4768	294.9909,179.43675,2502.1943	277.29037,232.70137,2384.3955	328.13974,182.32501,2453.4768	362.63168,185.33029,2404.7593	376.38437,199.34883,2216.7722	319.48734,229.9848,2417.961	288.98453,275.92493,2413.371	286.5542,378.73184,2309.938	332.7373,282.2888,2351.519	285.36465,461.37982,2439.6362	359.66364,384.81366,2263.2473	288.98453,275.92493,2413.371	384.92084,460.15042,2416.3206	317.4683,217.04724,2112.0952	292.13464,233.42044,2130.37	
336.82367,135.39032,2504.8274	328.359,180.00542,2459.1145	295.38635,177.52612,2510.1404	280.6902,230.83398,2365.217	328.359,180.00542,2459.1145	362.729,182.58978,2408.0886	372.0733,193.95265,2222.379	319.56467,227.20488,2417.9355	288.9561,273.11676,2409.0588	289.119,375.88574,2289.966	332.56775,279.0435,2344.4543	285.14337,457.53943,2429.7346	363.54388,380.68335,2257.5583	288.9561,273.11676,2409.0588	384.64673,456.7654,2415.1033	311.55093,204.04962,2130.3848	296.12772,229.5042,2102.4573	
337.323,133.38686,2510.1956	328.37558,177.44547,2463.011	296.05975,175.59848,2520.6768	284.92075,228.88968,2352.142	328.37558,177.44547,2463.011	362.2409,179.38101,2405.3452	370.7806,189.24573,2227.2136	319.33673,224.33408,2419.0557	288.8226,270.2856,2411.67	292.18625,372.3761,2277.9626	331.76523,275.71432,2338.5308	285.63278,452.4451,2428.9424	365.95532,376.5771,2244.7573	288.8226,270.2856,2411.67	382.70007,452.7849,2410.3281	309.14386,191.14523,2139.8613	299.24182,226.83882,2083.1519	
337.47958,132.32892,2520.8586	328.2655,175.98369,2470.803	296.52332,174.84863,2533.4631	285.6893,228.19176,2353.095	328.2655,175.98369,2470.803	361.65955,177.17781,2408.1428	371.81274,182.11954,2229.6018	319.17853,222.44427,2422.939	288.92178,268.46356,2414.792	295.1177,369.91626,2272.4338	331.2364,273.17007,2335.358	286.48386,450.5592,2421.4763	369.68008,372.52753,2235.338	288.92178,268.46356,2414.792	383.19492,449.96185,2401.1753	308.76184,180.91544,2148.1924	297.60605,225.40466,2079.5999	
338.42502,131.73114,2533.6626	329.52734,174.70346,2477.725	298.07816,174.52686,2543.1663	284.9325,228.84424,2383.5652	329.52734,174.70346,2477.725	362.68286,174.88965,2412.284	373.24326,176.34685,2230.248	320.88507,220.69066,2424.259	291.14346,267.01703,2412.2683	301.05783,367.3904,2254.017	333.30005,270.54886,2329.3176	290.1022,447.6643,2408.085	375.56583,368.58392,2224.3735	291.14346,267.01703,2412.2683	386.14636,447.36963,2389.1353	308.53513,171.84021,2166.3235	296.4571,224.49438,2116.86	
339.42352,130.7582,2523.541	331.09708,174.34294,2471.942	300.029,174.77716,2541.7363	282.6359,227.29756,2404.7217	331.09708,174.34294,2471.942	363.97052,173.88348,2402.1475	373.7628,171.86755,2229.6	323.0198,220.73982,2421.3484	294.17017,267.67026,2415.0027	305.63483,368.00635,2258.3752	335.80246,270.61874,2326.507	291.62814,448.09866,2410.1562	379.62805,368.2568,2226.8489	294.17017,267.67026,2415.0027	386.89514,448.43744,2386.436	308.0671,164.28499,2179.246	295.8397,222.51256,2142.2625	
340.86478,129.07755,2519.5176	332.35657,173.21838,2471.0278	301.1766,173.3623,2540.351	283.92148,225.73164,2402.361	332.35657,173.21838,2471.0278	365.3365,173.06616,2401.7046	374.3305,168.2987,2231.7915	324.13498,219.73483,2422.5977	295.12668,266.52036,2418.0942	306.69583,366.6789,2260.853	336.8003,269.83914,2330.2407	288.82596,446.37872,2410.6213	381.6609,366.8261,2236.0342	295.12668,266.52036,2418.0942	385.5556,447.4508,2394.0378	307.77023,158.07452,2197.0417	297.49146,220.44875,2140.5935	
341.96445,128.35168,2518.0396	334.3053,172.67566,2470.4011	302.7067,173.18524,2536.9126	284.61667,223.82768,2412.7065	334.3053,172.67566,2470.4011	367.6524,172.13788,2403.8896	375.5611,164.31958,2236.4297	327.00052,219.28346,2421.1206	298.59955,266.50543,2414.0078	313.913,365.46918,2243.367	340.93756,269.19852,2329.6724	292.88486,444.96054,2394.7375	389.16858,364.63013,2233.1152	298.59955,266.50543,2414.0078	389.58636,446.83575,2385.1306	309.60617,151.51376,2217.9895	297.33093,219.82076,2150.498	
341.8219,129.49507,2506.522	336.5119,174.41422,2462.603	303.89352,175.68652,2520.6707	284.47958,224.30211,2418.0608	336.5119,174.41422,2462.603	370.7057,173.08047,2404.5354	376.33545,159.42159,2242.5083	331.67172,221.49101,2413.5264	305.13812,269.89722,2401.1528	321.11935,369.63672,2233.81	348.80087,271.1666,2327.7466	295.52847,448.94806,2380.4834	396.3399,367.24704,2233.3542	305.13812,269.89722,2401.1528	393.49658,449.84583,2382.986	310.33835,147.01736,2235.102	298.64832,219.36273,2157.767	
341.1213,130.42368,2489.4233	339.40137,176.37271,2450.4387	305.75793,179.0128,2498.4768	286.15793,225.94121,2419.8223	339.40137,176.37271,2450.4387	374.39026,173.62703,2402.4006	378.14142,153.52719,2244.7844	338.1729,224.05522,2404.2139	314.68192,274.11676,2388.3535	325.53668,375.76105,2236.0244	359.69025,273.0844,2327.6245	296.26678,452.62988,2387.3462	400.53888,371.5683,2247.056	314.68192,274.11676,2388.3535	395.69925,454.6353,2390.3042	313.04178,140.10822,2246.695	300.71976,219.50684,2162.296	
341.49982,132.9212,2501.035	341.43317,177.61774,2451.0845	307.39423,181.362,2493.9514	286.59995,229.63203,2413.0625	341.43317,177.61774,2451.0845	376.6839,173.74017,2408.2175	380.24496,145.11136,2254.8855	341.96033,224.84547,2397.0498	319.86905,275.6366,2370.0996	322.40656,379.3703,2235.9297	365.68414,272.8341,2315.9307	290.3778,455.22693,2386.0374	399.24033,374.43085,2245.2532	319.86905,275.6366,2370.0996	389.65857,456.71246,2391.0762	315.42184,135.16504,2256.6343	302.99686,219.15558,2155.58	
342.60553,137.85434,2501.3945	343.44806,181.92783,2444.8003	308.80365,186.05774,2479.5344	288.9307,231.6488,2388.1875	343.44806,181.92783,2444.8003	379.09106,177.67886,2410.0662	381.9138,138.15912,2260.5376	345.40607,229.0938,2386.4187	324.27728,280.4797,2350.0325	324.4652,386.09396,2232.6052	371.08957,276.7357,2306.0417	289.37918,460.0924,2384.7156	401.20276,379.79883,2249.9126	324.27728,280.4797,2350.0325	389.8199,462.03375,2393.1208	316.70853,130.40372,2278.653	305.28326,218.47078,2130.2495	
343.37332,139.16031,2507.2725	340.77054,183.27354,2441.5586	306.7165,191.13861,2473.8687	288.67484,236.15863,2389.12	340.77054,183.27354,2441.5586	375.73795,175.19754,2409.2485	382.0639,132.54977,2274.3896	348.37634,229.92793,2385.7527	333.4412,283.24164,2350.4724	328.93652,388.96625,2256.465	379.65903,274.31415,2309.4211	291.72116,459.2935,2417.2397	405.4382,378.26364,2270.624	333.4412,283.24164,2350.4724	391.0071,458.78964,2418.493	316.95612,125.611015,2303.67	304.5091,219.07639,2136.229	
343.62415,140.34746,2501.9468	339.0702,184.62044,2439.13	305.2776,194.60062,2467.7756	291.81775,239.74747,2369.529	339.0702,184.62044,2439.13	373.666,174.40305,2410.4841	381.65277,130.2494,2280.344	350.1142,230.88759,2384.857	339.02795,285.215,2348.7126	327.9148,390.5515,2257.125	384.67224,273.31165,2312.4553	288.80975,458.87695,2422.4797	405.20023,377.79694,2278.6182	339.02795,285.215,2348.7126	388.80603,460.30365,2412.2986	318.04712,119.46062,2327.3328	306.8386,219.3259,2119.1519	
344.132,142.0274,2498.5134	343.86017,185.67918,2435.8242	309.2866,193.6468,2461.185	294.9101,241.95653,2351.4463	343.86017,185.67918,2435.8242	379.1613,177.54391,2410.4634	383.29132,126.78569,2293.5676	352.38577,232.38693,2378.0376	338.14545,286.07956,2336.3152	323.02017,391.58002,2251.8	384.8499,276.6979,2304.1868	282.05237,460.01294,2412.228	401.83203,382.27243,2268.7278	338.14545,286.07956,2336.3152	384.89188,465.35632,2399.5105	319.81622,114.17397,2346.7527	309.64777,218.41779,2098.9504	
344.234,142.90575,2490.9543	346.43463,186.72136,2430.4868	311.38602,193.76259,2452.8545	295.6092,242.21117,2342.6677	346.43463,186.72136,2430.4868	382.1343,179.54932,2408.1191	382.5863,123.8023,2314.2314	354.0674,233.80359,2372.3818	338.62634,287.35666,2328.4302	325.61084,393.2863,2260.7432	385.82922,279.0928,2300.124	283.95193,461.15836,2420.6575	403.7016,384.0241,2278.5002	338.62634,287.35666,2328.4302	384.6192,466.6372,2407.7642	319.35678,111.66496,2371.9878	313.28705,218.3394,2094.9717	
344.45694,143.05386,2493.714	347.4586,186.21005,2428.3352	312.22058,192.77588,2450.4607	294.62695,245.5094,2351.2917	347.4586,186.21005,2428.3352	383.34464,179.52347,2406.2097	381.21326,119.05561,2349.6292	354.30743,233.1059,2365.2588	337.84497,286.38638,2316.1895	325.1443,392.81766,2256.276	385.50812,278.70993,2288.1753	281.81223,459.73108,2417.2651	401.92972,383.49567,2281.817	337.84497,286.38638,2316.1895	382.33295,466.19318,2409.6528	320.99808,107.260086,2408.581	312.88895,221.29724,2109.3613	
344.79144,142.90916,2487.094	348.34625,185.84457,2422.8088	312.74777,191.79411,2439.4067	293.80322,246.04102,2358.635	348.34625,185.84457,2422.8088	384.43582,179.81296,2406.211	382.0799,119.002,2368.796	355.05038,232.91768,2359.8389	338.19916,286.11844,2307.3918	327.16794,392.6731,2261.5022	386.2653,278.9926,2286.346	282.72318,459.4621,2419.7205	402.365,382.65222,2297.6921	338.19916,286.11844,2307.3918	383.2989,465.81915,2420.22	323.5039,105.43614,2447.8813	309.6539,223.2359,2117.2983	
345.57587,142.55751,2485.235	349.00232,185.35883,2419.3167	313.08133,190.26778,2429.926	290.94608,246.0417,2370.743	349.00232,185.35883,2419.3167	385.23978,180.40663,2408.7073	381.66068,119.45836,2383.3462	355.03296,232.48056,2355.018	337.2707,285.2567,2297.448	325.80954,391.74243,2263.6467	385.67575,279.22083,2283.991	281.3788,458.4681,2421.9456	399.8046,382.60492,2304.6873	337.2707,285.2567,2297.448	382.03403,466.3789,2423.164	324.67017,103.605576,2479.4055	306.04962,223.59134,2125.8303	
346.46942,140.50862,2491.3293	349.26062,182.74391,2421.4055	313.20798,186.80115,2429.4094	289.21747,243.52289,2361.7957	349.26062,182.74391,2421.4055	385.5524,178.65976,2413.4016	381.64108,120.430824,2416.4387	354.4357,229.48035,2352.9575	335.65735,281.53204,2289.5813	323.57706,388.10358,2260.5476	384.29242,276.49158,2279.4377	281.05737,454.72174,2425.4377	397.86575,379.41855,2310.036	335.65735,281.53204,2289.5813	380.88474,464.55707,2420.321	326.0345,101.7413,2514.4675	304.18826,222.08194,2114.6223	
345.58252,139.43103,2493.9172	348.71487,181.41525,2421.8992	312.5864,184.33746,2419.1514	287.9615,241.88156,2381.883	348.71487,181.41525,2421.8992	384.76147,178.4997,2424.647	381.31042,120.47285,2443.4487	353.88196,227.89934,2351.0474	335.00638,279.31693,2278.4497	324.52487,386.80518,2244.538	383.69666,275.23056,2281.9414	283.12363,453.10742,2416.799	397.3816,377.53973,2318.9119	335.00638,279.31693,2278.4497	382.50574,463.8101,2422.0571	327.8689,101.75873,2556.0212	300.59705,221.36414,2131.8281	
345.64572,138.86589,2487.1633	348.634,181.09866,2416.91	312.4184,182.88614,2406.3508	284.8326,237.42296,2379.4263	348.634,181.09866,2416.91	384.53452,179.32674,2427.469	382.98892,120.42159,2461.9824	353.38608,227.87347,2347.8052	334.13828,278.96948,2272.0063	322.58377,386.00095,2251.0508	382.57227,276.0098,2285.3945	281.7907,455.02612,2410.9038	394.7397,378.95712,2315.2131	334.13828,278.96948,2272.0063	382.5724,465.17688,2420.9456	331.06775,101.719894,2584.6106	298.57965,220.08679,2133.026	
344.95935,136.62497,2492.33	347.4699,178.44821,2417.3188	311.17554,179.7779,2406.6145	281.67572,235.21124,2383.6958	347.4699,178.44821,2417.3188	383.44424,177.13025,2428.0232	385.2035,118.913506,2483.0017	351.69318,224.87337,2345.0176	331.81104,275.43274,2265.9404	318.5838,382.42407,2247.5928	380.4144,273.07895,2279.4922	278.23828,452.4348,2405.1946	391.74127,376.92752,2303.247	331.81104,275.43274,2265.9404	382.17886,464.79077,2402.9922	329.2755,103.359726,2595.1746	295.82846,218.0298,2136.6196	
344.39664,133.90356,2488.3635	346.1357,176.39432,2416.1108	309.81445,176.65042,2402.6604	279.52866,231.2395,2395.3208	346.1357,176.39432,2416.1108	382.0548,176.14104,2429.5613	390.50186,120.52623,2514.988	349.2589,223.02843,2345.8179	328.20154,273.07727,2267.0	314.5611,380.22034,2243.6147	376.76666,272.01407,2284.0498	278.53357,451.27737,2406.4282	388.26202,375.75824,2306.6953	328.20154,273.07727,2267.0	381.06424,463.32782,2408.7544	332.90598,103.597336,2610.7976	292.475,215.1786,2140.6633	
343.8322,132.37695,2484.8057	344.33954,175.14066,2415.2493	308.11462,173.75269,2397.2107	275.66974,226.45422,2393.0828	344.33954,175.14066,2415.2493	380.0274,176.50807,2433.2878	393.61664,123.08857,2522.0925	345.8202,222.01135,2347.3677	323.11444,271.22995,2268.0425	307.87695,378.38367,2238.2205	371.4211,272.11276,2290.9297	276.386,451.34277,2401.4548	382.66666,376.91528,2292.5261	323.11444,271.22995,2268.0425	380.23953,462.71826,2408.1555	339.88382,108.261536,2656.0925	289.51318,210.45215,2139.1545	
343.1369,131.44867,2482.6116	343.57184,174.4715,2415.27	307.58505,172.06818,2390.2483	275.2604,222.53564,2364.0256	343.57184,174.4715,2415.27	378.82065,176.82553,2440.2917	396.9148,129.04462,2535.6057	344.5933,221.53668,2349.5452	321.63412,270.382,2267.9512	306.29367,377.60046,2236.6816	369.3811,272.2268,2299.6895	278.97363,452.75433,2396.8105	383.8615,377.3139,2281.2095	321.63412,270.382,2267.9512	383.20398,460.9591,2411.6924	344.18732,108.72832,2661.6995	289.3306,205.99606,2104.7922	
342.40747,130.78253,2482.0288	341.91492,173.96133,2415.5886	305.96466,170.65393,2389.7322	275.9518,218.671,2331.507	341.91492,173.96133,2415.5886	377.1037,177.19867,2441.445	397.50238,132.70795,2532.995	341.70285,221.14357,2351.5322	317.51248,269.46335,2271.0964	299.2661,376.0525,2239.4692	365.10452,272.4519,2303.8552	276.4314,452.05374,2401.6199	378.80624,378.2899,2267.785	317.51248,269.46335,2271.0964	381.81595,460.4426,2407.9739	345.97116,110.27896,2663.8625	292.30804,199.63092,2071.9568	
341.2173,130.39423,2485.2817	340.62164,173.46411,2418.017	304.60828,169.98512,2394.668	275.42908,215.82758,2314.7708	340.62164,173.46411,2418.017	375.94617,176.87659,2441.3662	397.79666,134.54726,2531.7559	339.78165,220.59239,2354.0872	314.86667,268.66177,2275.3618	297.23914,375.32745,2239.655	362.61432,272.02023,2304.9526	277.94037,451.1988,2407.2131	378.24738,377.96558,2259.811	314.86667,268.66177,2275.3618	383.95764,459.30844,2405.0166	366.67636,121.57009,2587.2834	294.20007,195.95242,2054.364	
340.75372,130.80705,2482.3853	339.96072,174.06906,2418.4915	303.98322,170.32288,2394.1777	273.44537,214.4029,2307.8818	339.96072,174.06906,2418.4915	375.22202,177.74066,2442.8052	397.7033,137.13458,2517.414	338.78857,221.32835,2356.0571	313.57443,269.32217,2278.2136	295.33487,375.6735,2244.916	361.21072,272.97433,2309.032	279.11453,452.7574,2408.9124	376.1249,378.9899,2261.6912	313.57443,269.32217,2278.2136	385.07764,459.67902,2407.8406	361.07123,120.65937,2633.0396	293.11642,194.02068,2047.8547	
340.47537,130.27179,2481.4907	338.76624,173.91647,2420.9573	302.79083,169.52786,2400.242	272.0588,215.25253,2309.5078	338.76624,173.91647,2420.9573	374.1312,178.23062,2441.6726	400.72345,139.21602,2515.4111	336.1073,221.18535,2360.359	309.32855,268.58127,2286.6233	290.13184,374.16455,2257.7698	357.01553,273.2824,2312.8977	275.61823,451.52203,2420.4285	370.53946,379.43375,2262.0168	309.32855,268.58127,2286.6233	381.97305,458.90924,2412.7913	356.4979,123.71076,2643.2075	292.14517,193.02107,2051.3245	
339.54324,130.88358,2489.544	337.51178,174.40645,2427.4614	301.5209,170.15764,2412.8525	271.022,218.53517,2323.7998	337.51178,174.40645,2427.4614	373.07205,178.60442,2442.0703	406.18475,141.73048,2510.9346	334.2114,221.44913,2365.9507	306.70782,268.55997,2295.1733	289.16266,374.08356,2264.8684	354.56937,273.42682,2313.7065	276.79547,451.1955,2429.6003	368.80884,379.4737,2262.7288	306.70782,268.55997,2295.1733	383.35858,458.83643,2411.11	356.77338,127.837654,2639.771	291.9826,192.57133,2073.2168	
339.4437,131.96732,2493.6719	336.55258,175.47667,2431.4365	300.6425,170.97926,2425.4329	271.3513,218.19756,2318.0432	336.55258,175.47667,2431.4365	372.28577,179.95193,2437.4402	409.28592,144.6195,2501.7761	331.73367,222.27194,2369.4058	302.6407,268.73663,2303.5645	286.58148,374.38275,2266.055	350.5915,274.42053,2311.1855	275.50385,450.83008,2434.8574	364.74646,380.7495,2256.1414	302.6407,268.73663,2303.5645	381.27917,459.0506,2408.9807	357.73654,132.38611,2638.2378	290.71518,189.96262,2068.094	
339.60843,135.76874,2495.6355	336.0457,179.0889,2432.9438	300.20334,174.23444,2431.2166	271.11127,218.62717,2313.5635	336.0457,179.0889,2432.9438	371.83713,183.93648,2434.6711	412.81284,148.6785,2491.8481	330.16177,225.77977,2370.334	300.0164,271.80768,2306.6296	286.0351,377.57806,2270.99	347.87808,278.1975,2308.8186	276.74005,456.77283,2424.5793	363.98553,384.41287,2254.7812	300.0164,271.80768,2306.6296	381.51608,460.84442,2414.971	361.0449,135.46638,2635.3186	291.06308,188.4736,2065.9	
339.09592,137.14053,2498.0723	335.44336,180.72104,2435.728	299.62134,176.02252,2436.2805	270.34756,219.952,2310.285	335.44336,180.72104,2435.728	371.28162,185.42169,2435.1755	415.58185,153.17209,2478.7732	329.45032,227.39229,2373.0088	299.20355,273.44427,2310.6396	286.7584,379.0503,2279.5686	347.06747,279.7518,2309.9395	277.74866,458.8689,2428.3867	364.34207,385.36053,2266.1553	299.20355,273.44427,2310.6396	383.99966,461.40582,2423.4385	364.25934,140.17264,2632.6995	289.9785,187.27736,2067.145	
338.4382,139.01733,2497.2463	335.31467,182.96327,2438.735	299.4875,179.13988,2442.8577	269.85675,221.24472,2309.084	335.31467,182.96327,2438.735	371.26318,186.79962,2434.6125	417.4631,159.91455,2473.6504	330.01093,229.87624,2377.9736	300.5203,276.5882,2319.826	289.60184,382.00967,2288.0786	348.39175,281.91678,2314.5984	279.85764,460.23108,2442.6348	367.02588,387.23975,2268.3716	300.5203,276.5882,2319.826	386.2128,462.40747,2429.5112	366.7018,143.65466,2626.3296	288.80823,186.23587,2070.7393	
338.79144,139.78503,2499.3728	335.1475,184.25275,2443.0332	299.40973,180.11176,2447.4614	270.0338,222.28436,2311.0564	335.1475,184.25275,2443.0332	371.01505,188.40875,2438.605	419.4673,168.87689,2461.0527	329.3533,231.39713,2387.0068	299.5432,277.93954,2333.7869	287.68976,382.5401,2304.3264	347.0752,283.68292,2328.174	277.3645,462.44952,2446.1155	365.60355,388.46704,2280.9836	299.5432,277.93954,2333.7869	384.38422,463.53998,2440.8828	371.20856,145.89635,2609.1973	288.1891,185.44672,2075.4346	
338.46744,139.43033,2499.4336	334.79553,184.1947,2446.2207	299.0992,180.17764,2451.5488	270.28687,221.77632,2308.0225	334.79553,184.1947,2446.2207	370.64767,188.2293,2440.8926	420.3991,177.22014,2459.485	329.04507,231.45782,2392.6248	299.36707,278.08258,2342.4062	288.75842,382.9339,2299.269	346.76355,283.69937,2335.6514	279.0442,461.85016,2447.8494	368.9827,387.85324,2272.1108	299.36707,278.08258,2342.4062	385.38748,462.6089,2437.6123	373.77173,147.69913,2591.2795	289.10873,182.75043,2076.7869	
338.45096,138.4686,2498.1333	336.01404,183.67622,2450.2927	300.2716,180.20148,2447.1624	271.62943,221.6305,2306.147	336.01404,183.67622,2450.2927	371.66528,187.14209,2453.423	419.1311,185.37897,2455.9368	331.95575,231.24202,2400.4658	304.0685,278.60742,2348.651	296.0514,383.74878,2294.1506	351.3423,283.0375,2352.627	283.82953,462.1467,2444.5525	375.84927,386.1032,2282.8865	304.0685,278.60742,2348.651	391.5572,461.671,2443.613	375.93777,151.30118,2584.2585	289.81085,180.72923,2077.3977	
338.95197,137.90907,2498.889	337.51718,183.328,2454.767	301.79114,180.31085,2446.3823	271.80453,222.23102,2310.6338	337.51718,183.328,2454.767	373.0,186.32462,2463.1519	418.70026,193.51094,2464.0496	334.63306,231.04716,2407.475	308.094,278.91156,2354.8682	296.57257,383.60995,2293.9722	355.06696,282.43784,2365.498	283.05933,461.65384,2445.3257	378.25278,385.49756,2275.0	308.094,278.91156,2354.8682	389.9069,461.1184,2440.4736	378.94437,154.02591,2567.295	288.81042,179.55246,2083.3955	
338.51337,136.3093,2498.2502	338.10944,182.29265,2458.4307	302.3976,180.18497,2446.5098	272.63147,223.02568,2312.3467	338.10944,182.29265,2458.4307	373.4766,184.37999,2470.3516	417.7854,198.58823,2474.1016	336.77475,230.15688,2414.0955	311.93564,278.7403,2362.2036	297.42203,382.8806,2294.6304	358.6955,280.87704,2377.317	283.82083,460.12146,2450.3506	380.23346,383.82648,2277.7998	311.93564,278.7403,2362.2036	389.66672,461.01282,2437.3726	381.51083,155.42874,2558.391	288.32568,178.81226,2089.154	
338.51303,135.03973,2498.8926	338.60883,181.51779,2461.2595	302.92313,179.86552,2447.4097	274.78748,223.5026,2306.6812	338.60883,181.51779,2461.2595	373.89514,183.15158,2475.1094	416.7943,201.60042,2481.0735	338.0501,229.44844,2418.7397	314.09064,278.37378,2367.4438	298.39917,382.24194,2294.1892	360.68005,279.80975,2384.996	281.03555,459.09747,2448.0684	382.21536,382.3792,2271.2168	314.09064,278.37378,2367.4438	386.98895,460.20312,2431.7056	381.53894,155.19919,2569.4495	286.26944,176.75443,2088.632	
337.9587,134.17776,2515.2454	339.23245,179.67949,2470.9592	303.7301,178.60446,2453.7227	277.30115,222.47607,2299.4312	339.23245,179.67949,2470.9592	374.24292,180.73962,2488.1958	416.6071,202.99448,2486.0383	340.03348,227.03291,2422.6028	317.50534,276.05444,2363.3184	301.74197,380.1444,2282.9766	364.0149,276.57367,2385.1743	282.11786,456.8676,2437.829	385.43933,378.8731,2257.2466	317.50534,276.05444,2363.3184	388.1832,456.5806,2422.9324	380.72,154.89224,2577.3901	285.6386,174.78766,2085.1343	
337.5937,134.02399,2505.9446	340.3931,180.327,2468.2004	304.96933,180.31693,2446.895	280.16095,221.42961,2295.2302	340.3931,180.327,2468.2004	375.21054,180.33687,2489.5059	415.86444,204.77045,2489.6436	342.87833,228.00737,2425.473	322.27554,277.94485,2369.2312	306.6926,381.74054,2295.5288	368.36838,276.8568,2396.2595	283.1371,459.10242,2438.8381	390.99493,377.81244,2253.0474	322.27554,277.94485,2369.2312	388.26202,454.17523,2427.3264	380.72955,153.96518,2579.5664	285.13882,173.64502,2082.4905	
337.6817,133.56488,2518.2097	341.2109,179.25441,2476.926	305.90247,179.84802,2456.089	283.5411,222.82095,2296.6265	341.2109,179.25441,2476.926	375.93027,178.6707,2497.763	413.33847,206.82965,2493.781	344.64572,226.50249,2430.4321	325.07327,276.5198,2370.734	307.04517,379.7536,2297.972	371.10083,274.67743,2397.1426	282.1883,457.7319,2436.4404	394.3671,372.84576,2237.3354	325.07327,276.5198,2370.734	385.9552,448.79938,2417.4482	379.85794,154.21335,2591.8987	285.4296,174.35335,2083.2185	
338.3609,133.72888,2524.861	342.13248,179.00484,2482.9592	306.92645,179.79585,2461.5918	286.91998,224.17307,2301.3198	342.13248,179.00484,2482.9592	376.7377,178.22731,2504.3267	412.7861,210.87949,2507.891	345.97305,226.03656,2434.9097	326.87015,276.0294,2373.3179	309.7199,379.32068,2298.9111	372.80573,273.9064,2400.4023	281.28687,457.22925,2431.5718	397.3055,372.85413,2238.974	326.87015,276.0294,2373.3179	385.14496,448.8424,2418.0554	381.9124,157.08315,2571.45	285.6333,176.49344,2085.8208	
338.40994,134.6057,2530.7214	343.17392,179.44762,2487.039	308.16885,180.94086,2462.7554	288.60956,224.72977,2303.727	343.17392,179.44762,2487.039	377.502,177.98325,2511.3228	412.1052,214.53728,2519.956	348.4321,226.11438,2436.3071	330.918,276.3692,2370.1755	315.1039,380.06653,2292.5347	376.6148,273.1833,2400.9749	283.83588,456.67957,2428.4434	401.99286,369.92645,2243.9226	330.918,276.3692,2370.1755	387.57092,448.3387,2410.189	383.03613,159.55588,2558.67	285.48413,178.26474,2082.686	
338.72144,135.37093,2539.61	344.10687,179.6743,2492.6199	309.19687,181.47261,2468.4111	289.7949,225.98595,2302.872	344.10687,179.6743,2492.6199	378.34528,177.91058,2516.8286	411.215,217.39838,2516.126	349.93036,225.97433,2438.5867	333.0409,276.17355,2369.209	316.77933,379.78882,2294.7368	378.70078,272.5948,2399.898	281.99487,455.75867,2426.3062	399.45074,372.27347,2258.9756	333.0409,276.17355,2369.209	385.97394,452.23083,2414.229	385.52103,160.52985,2542.2993	286.18073,179.98077,2080.0405	
339.08554,137.41498,2535.5605	344.94833,181.84015,2490.6213	310.07812,183.91998,2465.1633	292.59103,226.08966,2298.434	344.94833,181.84015,2490.6213	379.1129,179.8024,2516.0793	409.7936,222.86076,2515.572	351.21768,228.29845,2438.2607	334.85352,278.81415,2369.761	319.33566,382.6632,2291.111	380.36304,274.8047,2402.0393	282.52124,457.35938,2425.2332	398.80292,376.01306,2272.5647	334.85352,278.81415,2369.761	385.80588,457.49658,2415.9534	387.8257,164.68066,2534.4746	285.17413,181.02823,2071.8965	
339.7139,138.71223,2542.034	345.55023,182.81644,2493.1174	310.71802,184.80666,2467.4438	295.71924,227.25417,2293.2166	345.55023,182.81644,2493.1174	379.67236,180.86679,2518.791	407.07666,226.38477,2513.791	351.85178,229.06874,2438.0054	335.51096,279.42685,2366.6177	319.97528,383.4744,2285.642	381.0675,275.52087,2399.169	280.315,456.96948,2420.0142	397.28864,377.7948,2279.9287	335.51096,279.42685,2366.6177	384.6551,459.35834,2421.3442	388.6424,167.97736,2539.4175	285.0834,184.12836,2063.9197	
339.83533,140.71353,2536.2844	346.4836,185.13232,2490.2607	311.75558,187.70557,2462.5215	296.76132,227.69975,2288.6055	346.4836,185.13232,2490.2607	380.4465,182.61577,2518.0	405.3845,230.09904,2512.428	353.64664,231.5933,2438.531	338.3393,282.46912,2369.211	324.47546,386.728,2288.44	383.5677,277.70242,2404.3916	283.01794,458.5367,2426.1755	399.53497,380.1951,2296.2102	338.3393,282.46912,2369.211	385.96283,461.93323,2432.3276	388.17773,170.33142,2535.1963	286.64896,186.67691,2057.9314	
340.2126,142.08609,2541.909	347.47137,186.19257,2494.3152	312.92264,189.01851,2464.5588	298.10867,227.51521,2279.822	347.47137,186.19257,2494.3152	381.2055,183.43324,2524.0715	402.7154,232.64156,2508.9583	355.29025,232.42285,2441.1865	340.7986,283.3266,2369.1921	325.04434,387.37982,2279.3223	385.76028,278.13477,2406.9236	282.0028,456.31866,2428.608	398.53485,381.00433,2303.8499	340.7986,283.3266,2369.1921	385.69025,464.61826,2427.3313	388.76053,171.4134,2525.5686	288.8523,187.79706,2045.0874	
340.98083,143.8938,2527.7014	348.0616,188.52765,2487.7688	313.4096,191.87262,2459.5603	300.80402,226.65172,2273.3784	348.0616,188.52765,2487.7688	381.93665,185.25766,2515.9773	401.26532,235.28279,2510.0015	356.05417,235.26361,2440.9678	341.74194,286.73914,2376.2822	325.07486,390.49362,2280.212	386.64105,280.9576,2412.0513	281.8161,458.06674,2434.6582	396.86627,383.97705,2300.9292	341.74194,286.73914,2376.2822	385.09985,464.99857,2439.4172	389.02292,174.51404,2525.108	291.4397,189.67482,2035.2021	
340.91434,145.93857,2530.1196	347.1941,190.63904,2485.281	312.35376,193.39235,2459.106	301.88867,228.62267,2270.1914	347.1941,190.63904,2485.281	381.30817,187.94312,2511.456	400.65137,236.93697,2519.3567	354.2647,237.43373,2435.5037	338.8002,288.66266,2369.1287	319.81738,392.44226,2265.7268	384.14517,283.7339,2402.324	277.63876,460.2945,2422.9006	393.33917,387.4432,2287.173	338.8002,288.66266,2369.1287	379.5811,467.26514,2432.7593	392.18994,175.18394,2510.898	294.7549,192.54018,2027.8684	
341.19135,145.95248,2531.2795	346.09814,191.05983,2484.117	311.1872,192.77806,2457.1494	303.1258,229.51703,2276.066	346.09814,191.05983,2484.117	380.25925,189.37851,2511.0845	400.97784,249.0131,2498.897	351.85748,238.00012,2433.6255	334.95404,288.75403,2366.0322	317.93863,393.0469,2268.9849	380.4413,285.13092,2400.2358	275.99884,459.86267,2430.5698	390.3368,388.8806,2301.8828	334.95404,288.75403,2366.0322	378.0841,469.2862,2441.981	375.03214,191.84062,2526.147	297.843,195.85495,2027.5786	
341.42346,146.54225,2532.3857	345.1448,191.35812,2483.3503	310.15192,192.33763,2456.843	304.87146,231.85617,2278.0378	345.1448,191.35812,2483.3503	379.39856,190.39932,2509.8577	396.61203,251.12149,2486.1892	349.799,238.4568,2433.3257	331.6848,288.86026,2366.4963	318.2108,393.69232,2264.5642	377.2908,286.2236,2400.1057	276.13177,458.57544,2434.9893	389.9764,389.73517,2307.55	331.6848,288.86026,2366.4963	378.2809,471.10913,2441.2324	357.22858,203.02184,2542.7612	302.68155,199.43219,2027.3302	
341.74994,146.41025,2523.4226	344.08093,191.53989,2478.393	309.00708,191.75302,2451.1707	308.35205,230.84366,2271.53	344.08093,191.53989,2478.393	378.39264,191.33139,2505.6155	392.10217,252.97018,2477.6396	347.56003,239.017,2431.9417	328.2108,289.18842,2368.2314	323.31665,392.53558,2249.7996	373.80853,287.50992,2402.749	275.91205,452.2488,2430.7158	387.784,390.81668,2312.698	328.2108,289.18842,2368.2314	379.2171,472.4931,2444.4136	343.23795,215.9336,2556.3867	307.50375,202.4596,2018.3262	
341.9449,146.35133,2509.945	343.06903,192.57442,2471.0757	307.88962,192.1166,2443.2976	308.9514,232.237,2267.8027	343.06903,192.57442,2471.0757	377.4663,193.02205,2498.8538	388.14688,255.41212,2470.8489	345.2647,240.60472,2431.9253	324.6226,290.6321,2375.1643	324.84235,391.8662,2249.5088	370.10706,289.78766,2410.3855	274.79962,450.90625,2426.9019	385.75626,392.66626,2317.532	324.6226,290.6321,2375.1643	381.53094,474.8282,2445.3894	333.2446,230.06094,2564.9866	312.7279,204.76326,2014.3882	
341.8836,146.07973,2503.074	341.44073,192.87053,2466.0056	306.48358,190.94075,2432.4944	309.49988,234.44374,2265.2942	341.44073,192.87053,2466.0056	375.4605,194.74855,2499.5168	383.6546,257.51276,2473.6897	341.98508,241.12129,2428.6416	319.7803,290.50232,2370.0046	323.3136,389.7378,2235.6812	364.9111,291.25085,2412.5505	272.336,449.74167,2409.402	383.10095,393.74292,2311.3801	319.7803,290.50232,2370.0046	378.06598,475.31287,2443.7053	325.75674,243.69363,2577.3281	318.34006,208.44798,2012.3552	
341.65164,145.7279,2501.2202	340.34796,192.43416,2463.643	305.61417,189.5369,2425.5867	309.03516,236.20142,2266.5923	340.34796,192.43416,2463.643	374.025,195.24329,2501.6995	380.28705,258.19272,2478.974	339.92523,240.7487,2426.4497	316.89737,289.68475,2365.1296	322.70367,387.9709,2235.1963	361.62955,291.43246,2413.383	272.98175,448.8941,2409.4749	382.72562,393.33405,2313.6338	316.89737,289.68475,2365.1296	380.99634,475.1443,2444.192	321.5931,255.1805,2587.3105	323.17075,212.21967,2013.6285	
341.89835,145.7591,2499.3232	339.90567,192.10196,2461.825	305.30136,188.43547,2421.5037	307.42468,238.1002,2270.7742	339.90567,192.10196,2461.825	373.3947,195.65028,2502.1462	378.1917,258.73682,2482.7246	338.5401,240.47163,2425.4922	314.63657,288.99374,2363.6072	320.5056,386.8789,2235.1042	359.15332,291.60324,2414.7117	273.031,448.2657,2413.6775	382.676,392.96558,2303.1204	314.63657,288.99374,2363.6072	381.1581,472.57117,2447.7068	320.22885,265.48953,2592.0344	329.3371,214.38597,2022.3069	
341.67142,145.57544,2499.8752	338.99734,191.79907,2460.7043	304.5762,187.30139,2417.9421	304.73032,240.18944,2273.3516	338.99734,191.79907,2460.7043	372.24255,196.1431,2503.4666	387.9241,243.0905,2524.2417	336.74326,240.11304,2423.3828	312.0007,288.14374,2358.954	316.36206,386.05066,2230.2166	356.33304,291.69275,2413.1685	272.57397,448.83438,2412.5618	381.37286,392.80328,2298.3794	312.0007,288.14374,2358.954	381.11795,472.326,2444.365	338.9954,223.62006,2557.3765	331.98044,215.90736,2033.8438	
340.70197,145.77249,2506.6848	338.10474,191.30931,2462.2515	303.76743,186.45549,2418.601	297.9425,239.59404,2300.6663	338.10474,191.30931,2462.2515	371.2458,195.99403,2505.9019	388.08786,256.5777,2519.8657	335.63147,239.46521,2422.3616	310.66492,287.22455,2354.8076	314.67725,385.20685,2227.325	354.97134,291.19666,2410.1357	273.71405,448.59888,2414.353	382.71335,391.72516,2292.7263	310.66492,287.22455,2354.8076	382.56207,470.73315,2442.8699	327.47928,244.69246,2573.72	329.95435,223.82288,2074.8286	
340.0843,146.09303,2501.589	337.58508,191.89902,2459.2527	303.46167,186.89902,2411.8499	293.27982,239.04338,2307.8318	337.58508,191.89902,2459.2527	370.41788,196.70992,2506.6555	384.3896,258.17853,2513.0415	335.02515,240.2257,2421.6035	310.14874,288.08405,2353.8977	313.09644,385.96133,2224.3318	354.06628,292.02386,2414.011	274.54288,448.7155,2419.3125	380.34735,392.76697,2306.1685	310.14874,288.08405,2353.8977	384.529,472.89655,2445.665	323.0673,256.80496,2576.8945	329.6827,226.84889,2085.4722	
339.3374,146.24886,2499.045	337.00058,192.03354,2457.2588	302.95416,187.04358,2408.0576	288.07175,239.15002,2318.4148	337.00058,192.03354,2457.2588	369.71036,196.82759,2506.46	381.1291,258.9015,2508.414	334.48587,240.46404,2420.8757	309.74326,288.4391,2353.3052	310.57697,384.88,2226.0256	353.47357,292.2559,2415.6802	274.36136,448.9197,2420.3706	378.86966,393.16605,2299.16	309.74326,288.4391,2353.3052	385.5009,471.8436,2446.2947	320.75342,267.08423,2578.3718	327.81348,231.03375,2105.2751	
338.82974,146.71524,2499.2732	336.54883,192.49341,2456.1868	302.54813,187.46558,2406.0085	285.68356,239.45111,2320.203	336.54883,192.49341,2456.1868	369.18814,197.31992,2506.365	378.4336,259.78735,2505.879	334.0417,240.95764,2419.8335	309.33755,288.97043,2351.6714	308.74194,384.2982,2224.1816	352.99588,292.77924,2415.289	274.56122,449.39874,2418.357	376.15918,394.2502,2301.1267	309.33755,288.97043,2351.6714	386.8913,472.73126,2445.6545	320.1702,276.42822,2578.8472	328.07028,232.97552,2108.8162	
337.9931,147.30768,2499.385	336.0863,193.12805,2455.7068	302.02893,188.49841,2405.4631	286.18237,240.59749,2309.601	336.0863,193.12805,2455.7068	368.77798,197.57202,2505.9504	376.223,260.30182,2504.2412	334.11075,241.64583,2419.56	309.934,289.96722,2351.5593	308.61847,383.67166,2225.2947	353.63257,293.2593,2415.2673	275.4303,449.46027,2418.6152	376.1071,394.91653,2295.3884	309.934,289.96722,2351.5593	386.16464,471.34204,2451.8938	320.82352,284.31442,2577.85	329.37183,234.03119,2096.5264	
337.5645,148.6066,2497.9382	335.80194,194.51627,2454.5276	301.65057,190.11858,2404.9382	282.94748,242.04178,2312.798	335.80194,194.51627,2454.5276	368.60068,198.73978,2504.117	374.5795,261.67725,2501.903	334.00598,243.11163,2418.964	309.9685,291.62488,2351.9617	307.0177,383.85455,2221.1082	353.76657,294.64966,2414.8396	275.02374,449.73694,2416.5642	374.5407,396.74634,2294.2153	309.9685,291.62488,2351.9617	385.20374,473.60117,2448.0635	322.46378,292.0163,2574.4019	327.64398,237.24849,2108.5984	
337.13574,149.75833,2499.2256	335.61053,195.51825,2455.0403	301.47742,191.10083,2405.2761	279.61005,243.00934,2315.4038	335.61053,195.51825,2455.0403	368.38736,199.76015,2504.8044	373.1747,262.7829,2502.492	333.8514,244.0841,2418.564	309.84653,292.5952,2350.5378	305.42224,383.21216,2214.9355	353.65015,295.6391,2413.6375	274.58365,448.7978,2414.5066	372.55316,398.15204,2288.427	309.84653,292.5952,2350.5378	385.42163,472.41132,2453.4705	324.62512,298.4843,2572.6377	324.64993,239.80579,2115.2664	
336.85736,150.59036,2498.364	335.34586,196.67744,2454.4373	301.0183,192.37292,2407.167	276.9454,244.5973,2323.2053	335.34586,196.67744,2454.4373	368.37616,200.81929,2501.7075	372.21133,263.98483,2499.5117	333.53885,245.255,2417.54	309.3388,293.80133,2350.669	304.16684,383.56558,2213.805	353.45734,296.8372,2410.6167	274.06415,448.9378,2415.4065	371.5422,399.7177,2286.9521	309.3388,293.80133,2350.669	385.53815,473.61603,2452.692	327.2215,304.26636,2566.465	320.7021,243.38603,2121.414	
336.5755,152.97734,2497.9277	335.23502,199.25851,2453.5046	300.84155,195.09961,2406.7937	276.0108,247.73564,2328.1	335.23502,199.25851,2453.5046	368.34335,203.26204,2500.2156	371.41205,266.50674,2498.2383	333.44324,247.9284,2417.4624	309.2371,296.61746,2351.807	303.89682,385.97168,2211.4695	353.40805,299.48984,2411.0334	274.40845,450.99982,2414.965	371.2152,402.5575,2289.8713	309.2371,296.61746,2351.807	386.01727,476.31754,2454.2747	329.97223,310.59088,2561.4724	318.07474,247.62845,2126.666	
336.12827,155.60612,2497.2146	334.96643,201.87802,2452.7234	300.3998,197.89648,2408.2725	274.7391,250.76859,2333.5518	334.96643,201.87802,2452.7234	368.30243,205.71783,2497.1743	370.75873,269.0653,2495.4514	333.14038,250.61615,2417.0657	308.78494,299.41516,2353.2231	303.16226,387.4895,2208.092	353.2086,302.17975,2409.5928	274.29626,452.5025,2412.482	370.83926,405.48148,2285.3335	308.78494,299.41516,2353.2231	386.6488,477.8487,2455.0051	332.7297,316.36362,2554.676	315.7347,250.62524,2129.7625	
336.13565,158.04715,2488.3557	335.33215,204.73395,2449.157	300.69263,201.43825,2404.3464	274.04718,253.65175,2333.252	335.33215,204.73395,2449.157	368.72693,207.9112,2493.9675	370.69327,271.35565,2492.4993	334.0725,253.73962,2418.0083	310.358,303.0902,2358.4468	306.04642,389.15692,2208.5586	354.67444,304.93658,2415.2725	276.83902,454.44263,2411.0557	372.64713,408.0774,2288.1301	310.358,303.0902,2358.4468	389.50943,477.9693,2466.475	335.9017,321.35785,2547.5996	314.54346,252.11476,2126.1309	
335.64703,160.59875,2484.423	335.38815,207.39812,2447.0732	300.68036,204.47055,2402.4688	273.80392,257.4467,2332.1172	335.38815,207.39812,2447.0732	368.85336,210.22087,2491.6777	370.42676,273.7328,2490.4458	334.39597,256.5512,2418.056	310.96317,306.20142,2360.7607	306.259,390.60175,2199.4685	355.27164,307.57898,2417.3164	275.2144,454.33557,2405.7905	371.01334,399.61304,2251.7861	310.96317,306.20142,2360.7607	385.97473,469.3697,2440.4346	338.702,325.98016,2541.4333	314.25574,255.95241,2128.883	
335.29062,162.14606,2482.9536	335.18524,209.01868,2446.1052	300.26694,206.3961,2404.4395	275.19275,259.20914,2333.0515	335.18524,209.01868,2446.1052	368.9339,211.5534,2487.771	370.1938,275.16983,2486.7488	334.36603,258.22794,2417.3953	310.9712,308.0414,2362.2646	306.88046,391.92065,2192.0854	355.58957,309.18616,2415.106	274.61157,453.51373,2405.181	371.05762,393.96396,2228.6646	310.9712,308.0414,2362.2646	384.1824,463.5891,2424.628	341.3122,329.3459,2533.7239	313.79608,258.61978,2124.8977	
335.46207,164.0009,2481.7402	334.97064,211.13443,2444.5474	299.81958,208.54826,2406.7327	278.98044,262.4414,2320.0386	334.97064,211.13443,2444.5474	369.05078,213.6418,2482.362	370.06033,277.39954,2481.5208	333.9082,260.3977,2415.8423	310.09668,310.18732,2363.1575	307.57724,394.4856,2183.1873	355.09177,311.4911,2411.117	275.7101,452.89093,2408.9548	371.84702,392.99567,2214.4607	310.09668,310.18732,2363.1575	382.33173,461.63724,2418.7952	343.79803,333.21603,2524.6438	317.72733,258.81897,2106.0466	
335.50082,165.41388,2481.6267	334.79535,212.68925,2444.456	299.47916,210.17892,2409.8447	283.99448,265.90887,2305.026	334.79535,212.68925,2444.456	369.12543,215.12949,2479.0674	369.93372,278.97302,2478.3794	333.58148,261.97983,2416.1484	309.5092,311.7431,2365.8967	309.50525,395.78796,2179.3718	354.75272,313.12234,2409.785	276.81387,451.6714,2413.1326	374.47385,392.1159,2207.8828	309.5092,311.7431,2365.8967	381.82236,460.07,2418.1692	346.1085,336.1399,2517.8489	322.5455,258.67993,2079.767	
335.83316,167.1219,2480.5664	335.0216,214.44217,2443.527	299.58212,211.97054,2411.3494	286.44205,268.37225,2300.5176	335.0216,214.44217,2443.527	369.5398,216.84955,2475.7048	370.18713,280.78003,2475.1448	333.72977,263.7534,2414.477	309.47687,313.52905,2365.0278	311.98245,398.98517,2171.9436	354.9472,314.98972,2405.8262	277.74194,452.96973,2409.85	377.40656,392.67642,2199.1401	309.47687,313.52905,2365.0278	382.0852,459.83167,2414.9072	348.59283,339.08215,2511.1812	326.42834,259.55252,2071.6086	
335.76883,168.84021,2472.5315	335.00565,216.40784,2438.3809	299.4532,214.06718,2406.777	288.23688,270.92313,2293.7542	335.00565,216.40784,2438.3809	369.64832,218.6886,2469.9846	370.1672,282.76694,2469.5305	333.6303,265.9112,2412.7869	309.28766,315.81433,2367.159	314.33502,401.32446,2171.5369	354.7815,317.1267,2407.2268	276.60928,452.5633,2411.8406	379.4875,393.15784,2199.4438	309.28766,315.81433,2367.159	380.62103,459.93112,2417.8562	350.5991,342.08154,2502.365	328.49557,262.36542,2060.0037	
336.09897,170.62906,2468.5264	334.80634,217.97389,2434.8677	299.1287,215.41333,2405.4373	290.8071,273.79156,2293.3872	334.80634,217.97389,2434.8677	369.6318,220.4733,2464.298	400.26483,276.91217,2502.3577	333.05035,267.531,2408.028	308.19485,317.34393,2362.5283	315.83524,402.30032,2166.074	353.95615,319.05316,2399.8486	274.85092,452.19495,2404.9272	381.1102,393.68668,2186.1445	308.19485,317.34393,2362.5283	379.24823,459.28198,2411.2578	349.70026,311.33508,2504.5962	329.62436,264.73785,2051.4568	
336.1678,171.9351,2466.5413	334.25534,219.30966,2432.8174	298.44412,216.45506,2407.0415	290.28815,274.25952,2299.2231	334.25534,219.30966,2432.8174	369.31567,222.10442,2458.5933	403.40997,264.01212,2527.1504	331.8854,268.88934,2405.6262	306.2858,318.452,2362.0889	317.35822,403.10184,2170.8984	352.32037,320.73767,2394.7812	274.57455,451.26062,2411.311	382.0775,393.51215,2183.1858	306.2858,318.452,2362.0889	379.20523,458.56836,2411.1768	348.70483,272.60986,2487.808	329.25308,268.4725,2053.086	
336.3257,173.68819,2465.0298	333.81653,220.89815,2429.957	297.9373,217.71149,2405.6057	290.97943,275.55322,2298.1177	333.81653,220.89815,2429.957	368.98376,224.02156,2454.3083	407.88132,270.21454,2552.3315	330.9524,270.49857,2401.3044	304.76904,319.89285,2357.2146	320.21832,404.97736,2167.2632	350.96857,322.6829,2388.089	275.33356,451.58002,2408.4993	384.15756,393.93338,2178.9084	304.76904,319.89285,2357.2146	379.504,459.30957,2406.1904	355.12997,260.0233,2488.5742	329.87915,271.1488,2045.3308	
336.66428,174.34164,2464.8247	333.15094,221.60838,2428.7864	297.2364,217.64276,2408.4775	293.2748,277.90338,2293.111	333.15094,221.60838,2428.7864	368.46985,225.50824,2449.0952	405.76324,273.5726,2554.9512	329.0421,271.09924,2398.379	301.48514,319.83707,2355.0896	321.0901,404.23218,2171.4368	347.91785,323.8633,2380.8533	273.4934,448.9884,2412.046	383.82227,392.97998,2177.5535	301.48514,319.83707,2355.0896	377.9861,458.35538,2405.4534	357.62753,249.0057,2478.3865	333.63876,272.4841,2039.0989	
337.4654,174.43118,2472.6802	333.14865,221.16293,2431.8457	297.30563,216.55919,2413.705	295.16803,278.316,2336.0376	333.14865,221.16293,2431.8457	368.46088,225.69849,2449.9863	407.44476,281.91852,2567.6116	328.26212,270.33417,2395.4395	299.81302,318.51147,2347.533	312.72208,414.6574,2217.8066	346.4093,323.5103,2370.5334	269.96783,466.4577,2434.3115	387.75964,391.11508,2171.5264	299.81302,318.51147,2347.533	378.96893,456.30466,2401.2688	364.98593,247.02158,2482.0142	327.673,279.91708,2082.6807	
338.72296,174.9801,2469.106	333.43433,221.52397,2432.279	297.6542,216.30074,2415.5413	298.4718,280.61044,2350.0679	333.43433,221.52397,2432.279	368.7254,226.6758,2449.0168	401.29327,287.69403,2544.306	327.43628,270.68988,2400.6855	297.99225,318.22406,2358.4814	320.39075,412.34235,2213.0918	344.35654,324.0839,2379.7026	274.01227,463.4894,2427.3047	388.9211,390.18512,2193.5923	297.99225,318.22406,2358.4814	378.8057,455.97137,2418.7607	382.22278,235.74767,2449.1316	325.01172,282.41663,2103.2593	
339.79672,174.71231,2466.7986	333.55798,221.1029,2432.7551	297.8407,215.47865,2415.809	297.49545,280.0856,2339.542	333.55798,221.1029,2432.7551	368.7811,226.64932,2449.7012	404.85886,290.36407,2545.5872	326.93347,270.246,2403.7803	296.94974,317.39713,2364.0635	337.76324,388.64514,2125.5535	343.13593,323.75073,2385.5474	290.99207,443.45062,2348.6392	391.66046,388.10065,2193.5186	296.94974,317.39713,2364.0635	380.66925,455.56,2412.5366	385.12567,237.14369,2454.8462	327.05222,282.03394,2108.1611	
340.1974,174.64214,2473.6562	333.8051,220.53961,2435.9678	298.135,214.7374,2420.919	294.07593,277.72803,2326.2737	333.8051,220.53961,2435.9678	369.03723,226.27055,2451.0166	405.96646,286.84735,2542.306	326.932,269.51306,2404.0269	296.6447,316.43692,2362.5454	361.74298,353.94623,2119.2007	342.9168,323.1469,2381.6265	296.70346,431.0522,2325.523	394.69714,386.1401,2187.911	296.6447,316.43692,2362.5454	380.64017,454.9063,2401.878	384.11108,234.54922,2455.3098	329.28662,279.52792,2101.7449	
340.93756,173.64977,2468.5837	334.52863,220.17479,2435.6309	298.864,214.53818,2418.4182	291.3949,274.13638,2322.6382	334.52863,220.17479,2435.6309	369.6927,225.7323,2452.8435	407.28024,291.87424,2537.0623	327.92267,269.25986,2406.563	297.98645,316.35144,2366.582	374.3966,310.2092,2177.5254	344.11224,322.70972,2388.4082	319.43045,396.71155,2295.6138	392.8025,402.17755,2253.1829	297.98645,316.35144,2366.582	382.46967,470.23083,2457.15	388.17395,236.35959,2467.7249	330.3354,278.07523,2108.04	
341.5822,172.99365,2474.0413	335.35587,219.39534,2439.596	299.8002,213.60312,2421.134	289.42996,271.9758,2320.315	335.35587,219.39534,2439.596	370.3774,225.10056,2458.0579	405.50436,291.19058,2534.0342	328.663,268.3556,2409.3633	298.68036,315.29504,2367.4263	377.0451,280.3915,2230.8813	344.69336,321.79337,2390.835	324.19086,388.07928,2271.1216	396.5286,395.52078,2233.624	298.68036,315.29504,2367.4263	382.83215,466.35803,2429.127	387.34296,235.63004,2466.74	331.2284,276.82224,2112.1501	
342.30325,172.30487,2477.2805	336.01578,218.38676,2443.2026	300.6051,212.62564,2421.019	288.32666,269.39694,2319.6692	336.01578,218.38676,2443.2026	370.7892,224.0442,2465.3862	406.85046,290.07693,2536.7124	329.58124,267.30402,2413.2168	299.95978,314.307,2369.163	343.24744,350.6242,2250.7043	345.7395,320.56052,2397.2988	316.59088,404.76828,2270.8743	399.12686,387.0506,2232.5642	299.95978,314.307,2369.163	382.0574,458.98135,2424.7979	389.4934,232.7999,2480.0474	332.02856,274.36517,2123.119	
343.23575,170.57883,2471.6057	338.5837,217.67807,2444.358	303.35706,213.38297,2414.248	287.98392,267.35858,2318.4976	338.5837,217.67807,2444.358	372.95306,221.86865,2474.4678	405.74252,287.27264,2526.126	334.36707,266.8545,2419.664	307.1319,315.06174,2375.7402	333.71716,386.11206,2257.754	352.62976,318.9967,2414.2002	302.0963,439.2907,2386.9883	405.7043,382.0094,2239.6729	307.1319,315.06174,2375.7402	387.05908,454.65988,2428.9897	386.6303,229.65689,2476.975	333.84024,271.096,2124.8928	
343.1436,168.58792,2476.148	339.66745,216.06165,2449.4243	304.7284,212.48059,2413.185	287.11288,266.32727,2319.8445	339.66745,216.06165,2449.4243	373.58774,219.53828,2485.6636	408.01987,284.19122,2532.0547	336.64014,265.2637,2426.9375	310.98755,314.0399,2381.411	335.74344,393.4088,2230.871	355.6964,316.7066,2427.4905	290.63876,443.88208,2397.0088	403.2792,378.71005,2235.632	310.98755,314.0399,2381.411	383.50916,451.01672,2427.5923	387.2622,227.07498,2480.4114	335.02933,267.5485,2130.516	
343.07425,167.0149,2487.354	340.27997,214.04169,2455.774	305.60168,210.55771,2415.8306	288.1115,265.17053,2323.963	340.27997,214.04169,2455.774	373.84824,217.41412,2495.7173	409.60416,277.95547,2540.464	337.9358,263.06207,2428.8872	313.12323,311.9901,2376.6572	338.3948,395.489,2210.2563	357.4869,314.34485,2427.3438	283.96848,446.30548,2381.4194	401.2919,377.38422,2226.4219	313.12323,311.9901,2376.6572	383.51843,451.34558,2413.6711	385.9171,222.12793,2487.5803	336.8437,264.5694,2133.2627	
342.8161,164.51993,2491.9407	340.53894,211.50348,2459.8616	305.96823,208.35919,2418.253	289.6023,263.95465,2327.0073	340.53894,211.50348,2459.8616	373.9596,214.54318,2501.4702	410.20035,275.74152,2540.3938	338.974,260.41565,2431.0728	315.02292,309.5701,2375.8982	340.4966,394.7845,2211.2356	359.23456,311.41,2428.6697	281.5646,446.02365,2383.4592	400.36325,375.6458,2230.06	315.02292,309.5701,2375.8982	382.9106,449.69955,2417.2598	386.4396,219.1947,2501.4966	337.94778,259.4496,2136.872	
342.64404,161.94708,2495.222	340.64847,208.63799,2464.5422	306.1764,205.62544,2421.9934	289.888,261.46295,2331.5044	340.64847,208.63799,2464.5422	373.95047,211.54828,2507.091	407.95496,272.34125,2543.2012	339.36502,257.4546,2436.1174	315.78656,306.60007,2380.7156	339.10507,393.78412,2216.8113	359.82257,308.22937,2434.6697	279.78253,445.57123,2393.6284	397.85077,373.98285,2239.3413	315.78656,306.60007,2380.7156	382.37512,449.615,2418.996	382.29694,216.75461,2496.166	338.45938,256.27795,2143.4155	
342.87238,158.94855,2504.3616	340.96408,205.56432,2471.4531	306.6887,202.27397,2427.603	290.2945,258.48785,2334.7463	340.96408,205.56432,2471.4531	374.0444,208.73993,2515.3032	408.15054,270.88977,2547.0537	339.69113,254.12248,2439.974	316.19452,302.97162,2380.6921	338.18393,393.15472,2213.9722	360.0688,304.90594,2436.298	278.50247,445.0409,2394.085	396.65784,372.5389,2235.2954	316.19452,302.97162,2380.6921	382.70514,448.83643,2413.6433	380.29584,216.61299,2495.1526	339.4512,252.04657,2149.6228	
343.082,155.07976,2501.9358	341.09955,201.79608,2472.222	306.92007,198.49524,2426.9924	290.7514,253.54416,2337.3713	341.09955,201.79608,2472.222	374.05084,204.9783,2517.4514	407.63577,271.14337,2546.5916	339.93045,250.32816,2441.664	316.62726,299.1416,2382.4297	336.03696,389.8767,2221.73	360.3166,301.0169,2439.7827	278.0104,443.99695,2400.1245	394.68732,369.0334,2247.3228	316.62726,299.1416,2382.4297	382.21616,447.31732,2415.3657	381.06454,215.48288,2511.187	339.90646,244.55098,2154.74	
342.7535,151.28754,2499.2397	341.0627,198.55135,2474.208	307.11212,195.513,2425.8699	290.31882,250.06116,2345.1975	341.0627,198.55135,2474.208	373.71216,201.47324,2522.5461	406.96765,269.31216,2550.5437	340.34766,247.09033,2446.224	317.7218,296.05582,2387.5857	333.95905,387.99902,2230.1504	360.96222,297.43216,2448.8948	278.69476,444.5717,2407.469	392.9901,367.3092,2264.0315	317.7218,296.05582,2387.5857	381.77338,447.1853,2421.7495	384.43054,211.72522,2524.7615	339.4943,239.32722,2160.6506	
342.3567,147.53854,2507.377	340.27908,194.22455,2478.9465	306.352,190.65933,2431.384	290.8254,246.12776,2347.5889	340.27908,194.22455,2478.9465	372.9288,197.65553,2526.509	406.37866,269.78775,2549.2932	339.2025,242.47928,2447.1006	316.1435,290.93857,2385.101	328.57788,383.86734,2232.4822	359.5102,293.0481,2445.4082	276.0663,444.064,2403.5115	389.8725,364.5933,2257.4656	316.1435,290.93857,2385.101	379.05792,445.76862,2410.5005	387.48688,210.68011,2534.6123	339.5752,234.21046,2164.008	
342.12964,143.99484,2518.9404	340.1571,190.46669,2484.7346	306.21002,186.76602,2438.631	291.66245,243.29364,2356.7937	340.1571,190.46669,2484.7346	372.86737,194.03253,2530.8381	405.69995,268.88745,2550.3677	339.1155,238.44893,2449.9512	316.02118,286.60782,2385.9392	327.6661,381.9439,2246.3147	359.53998,288.98984,2444.3962	277.62344,445.42188,2408.7583	389.43298,362.87555,2269.9636	316.02118,286.60782,2385.9392	381.164,445.8584,2411.5454	389.967,208.75336,2541.91	338.7182,229.33482,2168.0342	
