316.2531,125.39586,2465.0232	314.91708,172.69269,2424.4893	278.2865,172.94008,2439.3723	280.4769,225.60274,2295.7866	314.91708,172.69269,2424.4893	352.00015,172.44226,2409.6062	375.14383,243.34332,2302.1562	313.68872,222.04285,2384.774	288.5363,272.8265,2354.4282	292.09525,375.25293,2379.3157	336.4929,273.30457,2335.689	282.42023,475.01776,2366.3608	336.35913,376.68665,2359.359	288.5363,272.8265,2354.4282	344.7412,479.88535,2318.6301	365.22104,181.64897,2403.1138	300.99466,194.00809,2055.8215	
316.20947,125.12415,2464.4849	314.877,172.29633,2424.0012	278.28262,172.59027,2439.9434	280.41782,225.65085,2295.4019	314.877,172.29633,2424.0012	351.95593,171.99847,2408.059	374.95877,243.66656,2302.7866	313.59454,221.6345,2384.0151	288.40112,272.41992,2354.0654	292.0047,374.76392,2380.4675	336.3408,272.8941,2333.9927	282.06702,474.4455,2367.8977	336.96603,376.29663,2358.4255	288.40112,272.41992,2354.0654	344.3928,479.98682,2312.697	365.81058,181.48007,2400.6553	300.0446,194.33656,2054.2183	
316.26587,125.146996,2464.6907	314.72638,172.26425,2423.6885	278.1324,172.53247,2439.741	278.96625,225.57747,2299.726	314.72638,172.26425,2423.6885	351.80838,171.99245,2407.636	375.10315,243.82373,2300.5193	313.3815,221.58185,2383.2378	288.1146,272.34665,2352.8926	291.3877,375.01532,2375.545	336.0726,272.86057,2332.6816	280.6527,473.7915,2373.484	336.95056,376.7245,2351.2505	288.1146,272.34665,2352.8926	344.5592,479.87924,2315.9307	365.754,181.671,2399.3813	297.50986,195.29861,2055.5789	
316.42307,124.82116,2464.785	314.70892,171.92581,2423.3027	278.17337,172.21353,2440.8237	277.05844,225.6476,2298.8691	314.70892,171.92581,2423.3027	351.7766,171.63388,2405.7817	374.81305,244.12541,2300.6792	313.24197,221.25137,2383.015	287.8863,271.99103,2353.7576	290.83508,374.7198,2375.221	335.78836,272.55853,2331.6965	281.2195,473.1,2378.5186	337.10864,376.66534,2347.3435	287.8863,271.99103,2353.7576	344.18747,479.77966,2315.24	366.09613,181.6416,2397.3936	297.2848,194.83582,2060.5032	
316.81085,124.14795,2464.8325	315.13107,171.19771,2422.7578	278.4995,171.43398,2438.2092	274.5246,223.69662,2300.9353	315.13107,171.19771,2422.7578	352.23288,170.9584,2407.3064	373.10126,241.05974,2304.3462	313.79495,220.50558,2382.109	288.50766,271.26465,2351.188	291.3168,374.11493,2372.6836	336.5167,271.7885,2331.732	282.3803,473.0663,2372.1213	338.10486,376.30048,2341.071	288.50766,271.26465,2351.188	345.7942,479.25604,2313.5833	363.81006,179.16028,2394.7966	296.93732,194.62152,2058.118	
316.96878,124.30407,2465.3325	315.19943,170.94998,2421.807	278.5419,171.12271,2437.0212	272.1339,223.21994,2301.949	315.19943,170.94998,2421.807	352.32047,170.77505,2406.5925	373.32648,243.12291,2296.716	313.81512,220.30673,2381.79	288.4781,271.05408,2351.3506	290.23294,373.65735,2376.5007	336.48523,271.64902,2332.1958	281.9092,473.12567,2369.5112	336.9728,376.70776,2332.0457	288.4781,271.05408,2351.3506	346.40936,479.20404,2312.3176	363.31863,180.37245,2385.6665	294.50006,194.3659,2061.6372	
317.23145,124.21838,2456.5972	315.28864,171.56122,2416.8486	278.6056,171.72134,2433.264	269.33908,222.11925,2303.4746	315.28864,171.56122,2416.8486	352.4734,171.39888,2400.4333	370.36868,237.03056,2284.853	313.87802,221.2266,2380.7876	288.5763,272.08124,2355.0608	291.0004,374.73245,2376.9084	336.48294,272.76105,2334.3923	281.49463,473.74295,2373.4314	336.93396,378.40414,2321.4558	288.5763,272.08124,2355.0608	349.33176,480.08765,2311.419	360.01038,177.16217,2386.3855	294.75443,195.35927,2072.3137	
317.62863,123.48758,2452.7366	316.0244,171.02927,2414.98	279.22302,171.139,2429.212	265.7302,221.31134,2272.8408	316.0244,171.02927,2414.98	353.26212,170.91824,2400.748	372.38303,235.52718,2275.6345	314.83868,220.8869,2382.2402	289.7645,271.82104,2358.4607	291.8778,374.91388,2371.2942	337.65805,272.44937,2340.5403	282.87958,473.54626,2374.433	339.21198,378.48016,2312.6465	289.7645,271.82104,2358.4607	353.29544,478.5816,2318.962	359.05518,175.0645,2377.668	306.1136,196.22049,2079.2625	
318.61993,123.31132,2442.291	317.25052,171.48312,2411.0327	280.46332,171.87631,2427.483	265.68396,222.10403,2255.764	317.25052,171.48312,2411.0327	354.54315,171.08453,2394.5825	371.59836,232.52408,2307.3362	316.45334,221.70615,2384.9146	291.92007,272.85114,2369.151	293.54813,375.89496,2375.4011	339.56616,273.23334,2348.442	283.90787,474.60373,2375.5603	341.98788,379.53302,2303.242	291.92007,272.85114,2369.151	357.8971,479.25684,2314.623	368.47305,180.16782,2468.9321	291.10706,189.07973,2041.0493	
319.53497,123.17656,2444.6086	318.6779,171.22098,2409.6934	282.6235,172.77417,2439.2349	262.26202,224.50142,2326.3801	318.6779,171.22098,2409.6934	355.62726,169.62924,2380.1519	371.20367,233.30351,2314.175	318.29736,221.3277,2380.1533	294.4939,272.90442,2369.2517	294.60687,376.91324,2356.6116	341.69485,272.4798,2331.9749	284.9937,475.37134,2366.617	343.58286,380.03662,2268.4954	294.4939,272.90442,2369.2517	364.46304,478.9459,2291.1233	376.40753,191.65912,2518.4648	274.565,200.85947,2084.235	
320.3738,122.79056,2445.761	320.21008,170.53857,2408.3525	284.93478,173.27399,2449.0237	258.4856,225.75429,2358.1582	320.21008,170.53857,2408.3525	356.6973,167.70918,2367.6814	370.29984,232.96555,2317.9897	320.40417,220.566,2376.4736	297.67773,272.63693,2370.1716	295.5212,376.99768,2349.4583	344.03503,271.25574,2319.0178	286.02014,475.13208,2365.3857	345.8962,379.2246,2264.6128	297.67773,272.63693,2370.1716	366.2912,477.41968,2295.8755	381.98508,203.10272,2550.39	264.33276,208.9497,2101.5918	
321.3691,123.01337,2438.8691	321.58765,171.02097,2402.647	287.1683,174.61574,2454.1035	259.76636,228.72224,2382.095	321.58765,171.02097,2402.647	357.51355,167.26884,2351.191	369.09628,233.84001,2313.7244	322.07178,221.17859,2370.6436	300.17642,273.66,2370.9634	294.7683,378.5017,2334.1301	345.58957,271.73132,2306.317	285.72183,474.8018,2370.556	345.1835,380.0626,2260.5142	300.17642,273.66,2370.9634	366.42822,478.02118,2294.0474	385.6375,215.63654,2561.69	260.40103,216.53372,2116.9312	
321.97195,123.19155,2435.417	322.9416,171.42374,2399.3354	289.6729,176.16165,2461.7808	257.38034,231.80972,2412.5251	322.9416,171.42374,2399.3354	357.98828,166.43262,2336.8901	367.67303,233.96796,2308.528	324.1304,221.63141,2366.9048	303.64203,274.638,2373.694	294.46304,379.44208,2327.7605	347.8044,271.7821,2295.2542	286.8399,475.7896,2367.286	346.1426,380.46185,2255.0203	303.64203,274.638,2373.694	368.83167,477.69565,2293.533	387.66,227.00443,2561.991	252.43472,224.36473,2143.1667	
323.21155,123.989716,2433.2578	324.273,172.25177,2396.0103	292.43024,178.01491,2469.617	255.38382,237.12057,2432.8276	324.273,172.25177,2396.0103	358.13428,166.1233,2322.4036	366.14105,234.44897,2300.8157	325.76273,222.41061,2361.055	306.4199,275.86066,2372.327	292.6503,380.56775,2314.6406	349.02112,272.22095,2279.8723	286.09897,476.42084,2362.8416	344.0957,381.37927,2243.2854	306.4199,275.86066,2372.327	369.03986,477.39972,2290.284	388.41373,237.87456,2552.1445	247.14285,232.24281,2160.4595	
324.32352,124.150444,2433.3882	325.3491,172.46939,2396.8384	295.3707,178.86104,2482.5117	257.7237,240.55809,2508.6274	325.3491,172.46939,2396.8384	357.55002,165.60388,2311.165	364.1064,234.49953,2294.6338	326.49066,222.5533,2360.519	307.95886,276.0914,2378.0103	289.1522,379.69388,2322.0942	348.31122,272.22406,2270.3892	283.24957,476.37238,2361.9585	340.7123,381.41306,2240.1858	307.95886,276.0914,2378.0103	367.01883,475.82962,2297.0166	387.73895,247.3827,2538.351	252.21863,239.1352,2234.9265	
325.0971,126.22107,2432.7283	326.46442,174.23645,2395.1682	298.3406,181.36743,2491.122	268.04572,239.36949,2537.4697	326.46442,174.23645,2395.1682	356.9356,166.51025,2299.2144	362.279,235.92674,2286.4788	327.52036,224.27483,2356.6904	310.0745,278.08533,2378.419	288.1718,381.34467,2316.0928	348.13672,273.7507,2258.0063	281.17532,478.15967,2356.1772	339.3667,383.5109,2227.9219	310.0745,278.08533,2378.419	365.8676,476.47736,2297.3516	386.5102,257.12515,2518.8887	253.3032,243.83069,2275.2146	
326.2368,128.19125,2432.9055	327.67114,175.88116,2391.875	301.03137,183.90767,2494.942	275.4642,241.60536,2536.831	327.67114,175.88116,2391.875	356.71014,167.13177,2288.808	361.04837,236.96748,2278.941	328.6955,225.7592,2348.7817	312.1149,280.0291,2370.33	284.79214,382.40973,2305.849	348.4192,274.82846,2241.0469	278.21997,478.60498,2354.0364	337.72644,384.85724,2219.2808	312.1149,280.0291,2370.33	366.79895,477.9417,2285.4766	385.23578,265.51825,2497.7505	249.3371,247.23016,2284.275	
326.51703,129.71231,2432.507	328.12207,177.3999,2389.706	303.08286,186.12021,2499.454	277.475,243.8863,2522.5269	328.12207,177.3999,2389.706	355.5719,167.84009,2279.958	359.07962,238.01389,2272.2737	328.96573,227.16873,2343.3926	313.18582,281.77097,2365.9834	281.26248,382.5202,2316.4062	347.53125,275.94308,2228.1748	273.90237,479.12067,2357.6082	333.93463,385.69604,2216.787	313.18582,281.77097,2365.9834	365.1214,477.23822,2289.378	382.8438,272.96713,2476.2527	244.00296,248.3782,2274.586	
327.0599,130.48642,2432.7546	328.2033,177.73373,2385.7688	304.20294,187.30138,2499.1584	281.75467,245.80257,2525.8462	328.2033,177.73373,2385.7688	354.59888,167.21126,2272.3792	357.4288,237.65857,2266.3677	328.63846,227.20438,2333.4902	313.056,282.26175,2352.412	277.08936,382.06714,2310.3113	346.16455,275.4093,2210.0112	269.07028,478.63602,2353.406	331.31384,385.8203,2200.9824	313.056,282.26175,2352.412	364.2692,475.99786,2282.7974	380.4189,278.24957,2455.064	240.31094,248.55122,2296.5085	
327.58926,131.85345,2432.9229	327.9402,178.59698,2381.3735	305.3709,189.12962,2499.0586	281.52505,245.27145,2530.0513	327.9402,178.59698,2381.3735	352.85614,166.96921,2263.6885	355.1357,237.71349,2258.9673	327.88965,227.72792,2322.9395	312.6711,283.2831,2338.5195	274.4675,382.1605,2313.2834	344.0267,275.24298,2190.4912	266.55966,478.43488,2357.815	327.96967,385.90762,2190.615	312.6711,283.2831,2338.5195	362.40387,474.74902,2280.309	377.1925,283.1534,2432.477	235.64761,247.06471,2318.3882	
327.96198,133.3536,2440.432	327.07095,179.71039,2383.0295	306.38535,191.27426,2505.29	276.15393,242.15532,2537.119	327.07095,179.71039,2383.0295	349.99387,166.89578,2260.769	360.15085,236.19876,2188.421	326.64893,228.39151,2319.02	312.24017,284.35297,2331.9854	272.10837,382.0698,2320.0527	341.15268,275.00043,2178.0356	264.9626,477.74658,2367.5366	323.6615,385.07178,2192.0608	312.24017,284.35297,2331.9854	360.80298,473.0567,2280.8972	367.83057,246.18742,2281.2878	230.31232,241.92436,2320.647	
328.36804,134.06047,2444.3423	325.7586,180.48691,2391.374	307.31152,190.86238,2520.8333	270.83408,235.75647,2539.7485	325.7586,180.48691,2391.374	346.31732,168.92377,2261.9148	352.23294,234.3238,2134.471	323.6494,229.52974,2335.1138	309.14627,284.50998,2360.6035	268.38617,380.3238,2348.3044	334.64044,277.21658,2197.1035	263.1969,475.83868,2389.2212	316.88983,385.4077,2210.2876	309.14627,284.50998,2360.6035	357.36227,470.90558,2301.061	347.96515,248.5682,2300.6475	222.99481,237.34775,2333.5786	
328.87195,135.50833,2446.152	326.08722,182.239,2398.9126	311.51434,191.6438,2537.2783	264.1917,228.20793,2546.376	326.08722,182.239,2398.9126	342.4441,171.68289,2260.5469	339.2661,232.6226,2107.2603	323.6946,231.797,2353.0015	311.57587,285.94748,2395.012	270.29346,381.20862,2360.696	331.60083,280.49973,2219.1687	267.88733,476.70416,2398.4976	317.73624,389.74597,2213.947	311.57587,285.94748,2395.012	360.1604,473.43066,2308.153	316.4018,253.13846,2301.1428	217.62817,231.55626,2342.0225	
328.5842,137.25171,2446.7307	327.27905,184.38927,2401.736	319.80304,193.7693,2547.701	260.25983,229.43509,2551.7646	327.27905,184.38927,2401.736	335.72253,173.79532,2255.7712	324.40234,228.22675,2100.817	325.43307,234.26009,2360.8748	318.60202,288.30325,2413.7205	271.71265,380.80276,2346.2014	328.85626,283.2686,2226.3064	272.59406,476.44366,2387.8167	316.0371,393.80478,2198.5034	318.60202,288.30325,2413.7205	361.47607,476.4048,2293.6982	285.9315,253.91365,2278.375	212.20952,225.14688,2345.482	
328.58618,138.80078,2455.7397	327.77548,185.2803,2411.3318	323.95627,194.52539,2561.19	253.5233,226.87054,2539.1304	327.77548,185.2803,2411.3318	332.10086,174.80997,2261.4736	313.79642,225.92966,2102.8364	326.15366,235.12978,2373.1099	322.08588,288.79944,2428.656	265.5735,374.55984,2337.3909	327.0718,284.24005,2241.1199	269.39157,469.48233,2388.1228	315.10388,394.7062,2206.737	322.08588,288.79944,2428.656	363.2651,475.5194,2301.596	264.6516,252.89577,2247.621	203.28683,217.3876,2336.2942	
328.70078,140.05475,2451.9824	327.31976,186.62106,2410.5522	326.8389,195.33665,2562.3367	260.3681,226.51283,2558.6748	327.31976,186.62106,2410.5522	327.86526,176.73413,2258.7678	303.5773,222.12292,2107.2595	324.6909,236.64032,2376.4106	321.8767,289.89948,2437.4333	260.4602,372.09647,2327.2478	322.10327,286.18515,2247.1047	264.85236,467.4378,2378.5957	309.22522,397.07013,2196.3345	321.8767,289.89948,2437.4333	360.14337,476.87094,2291.168	246.86597,247.43793,2217.3755	208.11765,210.39029,2381.7046	
328.84985,140.75836,2449.514	327.2697,187.23004,2410.2334	329.92084,195.65468,2562.0894	264.95203,232.17917,2577.2173	327.2697,187.23004,2410.2334	324.2621,177.67242,2258.3774	281.046,205.17296,2126.2114	324.09085,237.3533,2378.8699	322.82437,290.39877,2442.8552	260.24762,371.85373,2325.05	318.66058,287.099,2252.1575	266.1579,467.06058,2377.861	310.50385,398.47873,2194.0251	322.82437,290.39877,2442.8552	362.81586,477.29254,2289.987	210.38248,218.69907,2117.8438	219.03404,200.22423,2445.9556	
329.37524,140.8787,2449.224	327.5178,187.39035,2412.308	332.49295,195.39503,2563.6565	267.244,232.76955,2585.159	327.5178,187.39035,2412.308	321.8766,178.314,2260.9597	275.7681,199.93796,2138.1191	324.04022,237.57796,2384.3452	324.0185,290.27515,2451.3757	256.37732,365.5292,2328.2073	316.64444,287.5275,2261.389	267.38895,460.57446,2378.5151	311.83826,398.9853,2194.3088	324.0185,290.27515,2451.3757	363.7396,476.19897,2299.6594	203.3503,202.52158,2115.6228	221.3917,197.43056,2455.653	
329.88675,141.02887,2449.0542	327.89084,187.57999,2410.5752	335.1652,195.52377,2560.2207	267.1519,228.40344,2583.051	327.89084,187.57999,2410.5752	319.65356,178.58467,2260.9297	272.93845,194.19182,2154.0547	324.31467,237.83969,2383.5415	325.7111,290.56656,2450.5696	257.88675,366.48956,2323.7107	315.1815,287.82925,2262.446	265.74203,462.33408,2371.1052	311.73285,399.56323,2188.52	325.7111,290.56656,2450.5696	364.83105,476.94904,2290.5747	201.02731,185.15613,2120.2146	219.10178,195.17676,2444.788	
330.491,141.54185,2448.9626	328.31528,187.90201,2409.5254	337.0858,195.83383,2557.7986	266.63904,224.25955,2579.5403	328.31528,187.90201,2409.5254	318.3946,178.92998,2261.2522	271.28583,185.53178,2169.0237	324.67807,238.19888,2382.8218	326.99252,290.97064,2449.2725	258.00116,366.29227,2322.1294	314.4275,288.19122,2262.9639	264.94284,462.058,2371.683	312.02274,399.96143,2190.2058	326.99252,290.97064,2449.2725	365.65683,476.5567,2294.141	200.44678,168.4979,2131.8823	216.53296,191.72385,2435.1301	
330.81735,141.68863,2439.928	328.41614,188.73492,2404.2898	338.23553,195.87144,2551.8958	267.90912,225.29355,2575.3003	328.41614,188.73492,2404.2898	317.3122,180.66483,2256.6838	272.08832,178.18716,2171.0156	324.4275,239.26346,2383.0674	327.08972,291.5097,2454.6482	256.83627,365.44504,2324.9631	313.09467,289.82416,2269.0417	264.09866,460.65833,2378.3462	311.8116,401.29208,2199.3398	327.08972,291.5097,2454.6482	365.28506,477.503,2303.3132	203.85513,153.17325,2148.9717	217.67993,189.50073,2433.1687	
331.2939,142.59192,2441.911	329.00098,189.5415,2401.9941	340.2184,196.86325,2547.4465	270.6161,227.93033,2571.1726	329.00098,189.5415,2401.9941	316.3374,181.27588,2256.5417	274.08484,167.47087,2167.5205	324.82028,240.09549,2379.8	328.2187,292.57947,2449.1375	257.58853,366.59872,2318.7686	312.2845,290.54413,2266.0745	264.58517,462.7276,2366.729	313.47104,402.1856,2195.987	328.2187,292.57947,2449.1375	368.08804,478.95874,2293.5369	207.79964,138.8464,2159.5286	221.37599,188.65903,2435.6936	
331.78082,143.1878,2445.3862	329.61395,189.74869,2400.8547	341.1355,197.5841,2545.602	273.32053,231.47556,2563.0908	329.61395,189.74869,2400.8547	316.61404,180.90788,2256.1074	277.44962,160.17932,2164.2598	325.45908,240.23822,2375.3242	329.0847,293.15723,2440.832	257.1195,366.47766,2313.6187	312.70868,290.38516,2258.7554	263.20563,462.29675,2366.2397	316.49927,402.136,2194.3037	329.0847,293.15723,2440.832	369.29132,479.98914,2292.224	215.60577,126.70545,2179.0005	225.81833,190.94293,2439.5056	
332.30466,144.13261,2438.1636	329.8153,191.11816,2395.475	342.63715,198.67303,2538.1414	273.32135,234.81013,2553.4307	329.8153,191.11816,2395.475	315.3695,182.60638,2252.8088	281.2028,159.16864,2158.162	325.0982,241.75484,2372.39	329.03967,294.57022,2439.1284	256.0659,367.18726,2316.9243	310.84137,292.10904,2259.481	263.0513,462.13507,2374.937	315.30997,403.4264,2205.9458	329.03967,294.57022,2439.1284	367.17566,482.22064,2298.7979	226.59167,117.68204,2190.8232	228.82092,191.105,2439.8647	
333.27692,144.09119,2443.3467	330.3853,190.59647,2405.3975	337.6403,197.9227,2554.015	275.2014,237.41266,2538.532	330.3853,190.59647,2405.3975	322.1748,182.30533,2256.78	284.31924,160.58546,2157.9358	325.19797,240.97868,2382.5728	325.12543,293.26794,2454.458	252.51633,365.52484,2335.051	314.259,291.3252,2265.038	259.4032,459.73584,2393.6821	322.489,401.94965,2215.0024	325.12543,293.26794,2454.458	373.1255,481.5559,2304.5337	237.53535,112.5051,2206.313	232.76889,192.45465,2435.722	
333.66055,144.10017,2445.961	329.92874,190.95352,2410.0583	331.15787,197.87392,2561.3706	278.35162,240.99135,2539.4492	329.92874,190.95352,2410.0583	328.53497,183.10594,2258.746	288.50302,164.58243,2156.3474	324.34143,241.17902,2386.46	319.89664,293.021,2458.9568	250.02069,367.469,2324.3179	317.28198,291.7425,2266.7664	258.19693,461.76764,2384.6484	322.6787,402.8402,2207.0422	319.89664,293.021,2458.9568	372.49155,481.96518,2303.5215	249.90543,110.11249,2220.7954	238.09158,194.35678,2433.33	
334.3449,144.67049,2448.305	330.31372,191.21313,2413.434	328.21304,197.82518,2565.992	277.655,239.1769,2523.1646	330.31372,191.21313,2413.434	332.69788,183.70874,2260.8762	291.58167,172.82745,2150.0627	324.21185,241.30136,2389.5608	317.095,292.78918,2461.0947	253.03758,372.18997,2325.853	318.95367,291.97916,2270.2803	260.71045,467.11932,2380.0105	321.37076,402.94882,2212.771	317.095,292.78918,2461.0947	372.52853,481.32587,2307.727	262.46588,109.85068,2219.5806	236.52075,192.23506,2418.6318	
335.2709,145.3498,2450.5537	331.02704,191.67316,2414.6597	326.69348,198.31024,2567.3794	276.90665,237.19608,2520.5664	331.02704,191.67316,2414.6597	335.94577,184.13983,2261.94	296.11795,181.6993,2147.4897	324.709,241.6558,2388.777	315.91708,293.14227,2458.4678	254.29391,374.73138,2317.3452	320.78497,292.29016,2267.3213	262.52655,469.28308,2376.3452	322.49332,403.5606,2207.6252	315.91708,293.14227,2458.4678	373.01376,482.64462,2301.9192	274.17773,112.795494,2227.2761	235.62991,190.9148,2400.4705	
336.1967,144.88156,2449.6072	331.4106,191.09814,2412.6487	322.97784,197.48355,2562.0688	275.47437,235.18884,2516.204	331.4106,191.09814,2412.6487	340.95685,183.8696,2263.2285	301.26788,190.23882,2150.1248	324.66605,240.9733,2384.0754	312.71884,292.38666,2449.7769	252.43967,375.75507,2310.0015	323.21707,291.70288,2261.2275	259.71716,470.7826,2367.9263	324.015,403.18182,2204.552	312.71884,292.38666,2449.7769	373.93268,483.00055,2297.5037	282.74097,117.16367,2236.5627	233.39987,189.84837,2381.026	
336.73874,144.84796,2448.5608	330.78458,191.12828,2410.3433	318.6761,196.85449,2555.1987	271.81586,232.8075,2510.9531	330.78458,191.12828,2410.3433	344.4415,184.66982,2265.4878	307.0157,200.32202,2148.8643	323.2671,240.89162,2380.3433	308.14734,291.9332,2441.5544	251.1493,378.39206,2314.9707	323.5665,291.91678,2259.132	258.69885,473.26898,2371.9722	323.1781,403.33435,2206.8884	308.14734,291.9332,2441.5544	371.23312,483.85596,2301.1145	290.27768,124.13098,2231.193	228.25226,189.336,2361.1792	
337.4528,144.43047,2449.037	330.7569,190.29404,2406.502	314.99472,195.953,2544.623	267.94305,229.81857,2511.838	330.7569,190.29404,2406.502	348.43857,183.94594,2268.3809	315.99567,208.45415,2149.2234	322.42752,239.71605,2369.9526	304.01062,290.82513,2420.3748	251.61552,381.34763,2304.2544	324.42465,290.53674,2246.432	258.9157,476.44232,2362.459	324.50214,402.3421,2199.5212	304.01062,290.82513,2420.3748	372.14783,483.3802,2294.1572	296.32095,133.11255,2229.7764	224.36673,189.4437,2341.9373	
338.4284,144.90503,2456.4106	331.25974,190.31712,2410.1042	313.74814,196.01979,2545.0278	263.5231,226.18832,2506.904	331.25974,190.31712,2410.1042	350.84827,183.93811,2275.1807	324.31592,214.81006,2147.0469	322.59406,239.41113,2369.2437	302.67007,290.49646,2412.9148	255.44269,383.94662,2319.3916	325.40378,289.9398,2243.8513	261.74664,478.67792,2375.627	323.23355,401.2708,2207.8755	302.67007,290.49646,2412.9148	372.52014,482.13803,2296.634	300.16956,140.80737,2225.4385	219.96011,188.31374,2317.265	
339.55197,144.98483,2460.6316	332.1675,190.5571,2411.3567	313.44394,196.36746,2543.785	263.05203,224.18375,2531.4585	332.1675,190.5571,2411.3567	353.0671,184.07146,2278.9285	330.08484,219.47916,2146.0054	323.46466,239.45491,2367.0898	302.61923,290.62927,2405.9307	256.18787,384.9967,2319.155	327.11752,289.773,2239.7153	265.35135,479.70743,2373.7432	324.03006,401.34723,2203.1848	302.61923,290.62927,2405.9307	373.15704,482.89243,2289.9204	301.89044,148.70459,2241.0032	225.54654,190.5957,2310.4485	
340.48172,145.39487,2464.26	333.2545,190.86847,2411.948	313.78662,197.14563,2542.5725	258.76492,220.37482,2530.7473	333.2545,190.86847,2411.948	354.95172,183.87247,2281.3235	333.78915,223.54599,2143.0083	324.89996,239.58902,2363.567	303.80597,291.12326,2397.2651	258.67807,386.60657,2314.8022	329.49734,289.51126,2233.1064	265.71417,480.88068,2374.6294	324.7236,401.30807,2197.6023	303.80597,291.12326,2397.2651	374.2002,482.9851,2283.9817	299.93634,158.77026,2260.5308	220.3111,188.8383,2296.5088	
341.82465,145.95557,2456.0537	334.46326,191.66113,2408.008	314.5339,197.31088,2538.0999	261.04468,222.6162,2554.867	334.46326,191.66113,2408.008	356.6689,185.36607,2277.9163	339.01138,227.45198,2139.492	325.81665,240.57817,2362.217	304.16644,291.78595,2398.2334	258.31396,386.85852,2320.3813	330.41702,291.04626,2234.6187	265.8132,480.41727,2383.7559	323.5288,402.5085,2202.1614	304.16644,291.78595,2398.2334	372.54633,483.9381,2290.0308	296.42505,171.00867,2263.7317	220.45981,190.43825,2326.3254	
342.61478,146.39058,2451.4387	335.08838,192.25241,2405.3176	314.2877,197.29527,2533.3025	262.3587,221.50363,2570.4146	335.08838,192.25241,2405.3176	358.22702,186.64272,2277.3328	341.79565,230.47185,2134.7268	326.12357,241.24765,2360.6968	303.5897,292.12872,2396.6255	257.95078,387.43567,2319.5488	330.9899,292.13297,2235.5264	265.5097,481.87088,2376.6216	324.29022,403.70477,2201.018	303.5897,292.12872,2396.6255	372.69952,484.40173,2294.5854	291.35934,181.67303,2255.7588	221.64812,190.0699,2340.722	
343.31702,146.19693,2458.1594	335.33923,192.02626,2409.7432	313.91934,197.17041,2535.759	262.04892,216.83838,2579.7073	335.33923,192.02626,2409.7432	359.123,186.3144,2283.7273	341.1875,230.90361,2131.3623	326.37985,240.78671,2362.623	303.3881,291.66443,2394.8064	258.35977,387.2547,2321.6436	331.69305,291.38956,2236.1995	266.444,482.45892,2372.0437	325.87784,403.0975,2199.2683	303.3881,291.66443,2394.8064	372.05328,483.5725,2300.6145	284.95764,189.20999,2252.5344	218.728,185.92426,2351.036	
344.00098,146.3156,2460.9976	334.95892,191.59283,2411.8315	312.79196,196.51703,2535.396	260.41028,214.50471,2582.828	334.95892,191.59283,2411.8315	359.51987,186.13683,2288.267	337.7707,228.82005,2130.163	325.61478,240.12943,2362.9873	301.70547,290.77728,2391.9277	258.2686,387.2845,2317.2043	331.03262,290.6483,2236.3584	263.86017,481.6439,2375.9753	325.04132,402.50616,2195.9026	301.70547,290.77728,2391.9277	369.53125,483.64624,2299.4072	276.85294,193.7223,2251.0083	216.84659,181.75076,2351.4922	
343.91086,146.05234,2463.415	334.31235,191.30017,2414.1523	311.63437,195.98459,2535.927	259.195,201.79599,2572.4033	334.31235,191.30017,2414.1523	359.39972,186.11806,2292.3777	334.5786,227.09676,2128.0754	324.75827,239.71265,2364.748	300.28897,290.14825,2391.9907	258.6786,387.57776,2311.7642	330.2973,290.237,2238.6968	264.99164,479.65564,2387.63	324.7374,402.12744,2195.4595	300.28897,290.14825,2391.9907	368.8711,482.83936,2302.4783	269.1397,199.34042,2246.4282	213.15027,175.93355,2342.3123	
344.55826,146.64249,2464.1055	333.94727,191.41954,2415.0417	310.8283,195.60535,2535.3499	256.64224,192.82248,2552.5303	333.94727,191.41954,2415.0417	359.4904,186.79483,2294.7336	329.4494,224.2223,2130.0178	323.66214,239.64845,2365.4043	298.17313,289.61826,2391.4988	257.52176,387.5444,2309.5955	328.69736,290.2936,2240.035	264.86353,479.59937,2386.2698	323.56305,402.23322,2194.8335	298.17313,289.61826,2391.4988	368.44528,483.1717,2299.0007	259.55234,203.69357,2233.6067	209.57135,168.57495,2322.4263	
345.05548,147.60123,2471.9792	334.5238,191.72913,2416.0605	312.17773,197.13544,2538.526	256.02695,188.0018,2542.789	334.5238,191.72913,2416.0605	359.25623,185.7455,2293.5952	324.68436,221.31284,2131.4775	324.4321,239.5823,2360.4834	299.52148,290.19824,2382.054	262.19125,389.78668,2302.849	329.17865,289.25662,2227.7585	267.71213,482.8013,2374.88	325.61676,401.86484,2182.4802	299.52148,290.19824,2382.054	371.7286,483.39377,2283.0137	251.23569,205.30545,2216.7678	209.20435,162.0311,2317.8633	
345.4352,147.64175,2475.8918	335.23895,191.46776,2415.7764	314.85742,197.9608,2543.6895	254.9304,184.33862,2537.8596	335.23895,191.46776,2415.7764	357.8995,184.24869,2287.8633	318.15335,219.7698,2137.7146	325.3849,239.3184,2359.3066	302.0104,290.56772,2383.525	263.21155,389.12057,2317.0435	329.03146,288.3875,2222.149	269.59085,482.33374,2383.7322	323.88397,400.55182,2189.1042	302.0104,290.56772,2383.525	371.16125,482.3593,2283.7007	241.98819,204.53552,2197.5981	209.77817,157.40439,2310.6074	
345.87808,147.04552,2478.414	336.8422,190.42102,2415.5474	320.83054,198.8388,2551.9631	258.35297,207.16031,2537.86	336.8422,190.42102,2415.5474	354.77057,180.99556,2279.1316	310.93225,209.85587,2129.887	326.9678,238.12039,2357.3354	306.44696,290.4026,2385.7996	266.23978,388.46033,2311.7146	327.53482,285.89792,2212.4475	270.68552,480.94067,2385.5295	322.04138,398.39783,2182.0715	306.44696,290.4026,2385.7996	368.9759,479.7502,2282.5486	231.40051,196.76164,2161.8013	209.25006,195.20175,2324.864	
345.83514,145.802,2471.9355	338.24725,189.35292,2409.0532	328.6255,199.65079,2552.422	271.16327,225.29611,2535.0457	338.24725,189.35292,2409.0532	349.0867,177.75177,2265.6843	306.2776,201.4017,2116.8215	328.83386,237.33774,2352.0308	313.1238,290.96582,2386.5254	269.79825,387.67255,2306.059	325.26584,284.17758,2203.4912	271.80487,480.01138,2382.7576	320.19623,396.80835,2179.2234	313.1238,290.96582,2386.5254	367.09348,478.6751,2278.4463	225.38939,188.09184,2134.4883	219.858,226.1445,2332.469	
345.55542,145.68753,2467.799	338.66638,189.24475,2404.9316	333.51608,200.56233,2551.8074	276.6073,220.05464,2559.8003	338.66638,189.24475,2404.9316	344.4867,176.45488,2258.056	303.35434,195.6958,2105.3396	329.56674,237.45781,2349.0676	317.28867,291.79807,2385.2998	266.76642,384.6251,2303.3655	322.98767,283.9255,2201.1074	269.30347,477.6748,2376.7122	319.07428,396.30237,2183.8975	317.28867,291.79807,2385.2998	367.05667,478.216,2278.7766	222.77374,178.89575,2113.3062	227.91736,208.58778,2361.3284	
345.38623,145.5022,2465.8076	338.5045,189.15417,2403.723	335.5391,200.89702,2552.4873	281.0652,220.31386,2569.7734	338.5045,189.15417,2403.723	341.86115,175.86194,2254.9585	301.42685,192.05316,2101.6428	329.54208,237.48035,2348.7295	318.88522,292.10983,2386.532	264.58438,382.83838,2300.2214	321.52124,283.80164,2200.9402	266.59137,476.1172,2373.3506	319.37155,395.95532,2188.1934	318.88522,292.10983,2386.532	367.78,477.526,2282.6545	224.40933,166.88675,2103.3818	235.47495,196.63066,2381.3916	
345.11462,144.59044,2473.7847	338.9979,187.98228,2410.1738	337.76843,200.34625,2559.3145	284.49493,222.37852,2574.5876	338.9979,187.98228,2410.1738	340.38956,173.98724,2261.0332	297.7504,186.80301,2105.7715	330.56433,236.14667,2353.8647	321.56824,291.10498,2390.9575	265.6471,380.65112,2303.2097	321.87918,281.8631,2204.1538	267.96094,473.98276,2375.6665	321.20312,393.82867,2192.0547	321.56824,291.10498,2390.9575	368.8327,475.4057,2288.0764	224.56195,155.74088,2097.0664	240.86246,188.71432,2401.1948	
344.7725,144.28586,2467.5632	339.89682,187.98758,2402.2795	343.85675,200.67026,2548.0667	285.50278,225.6628,2562.3552	339.89682,187.98758,2402.2795	335.42523,173.66609,2256.4924	293.2206,181.52724,2117.1445	332.2578,236.55814,2347.5918	327.54373,292.183,2385.3723	269.10757,380.34955,2293.5002	320.6886,282.31003,2200.4358	270.98752,474.2807,2364.5413	318.61987,394.71863,2184.0195	327.54373,292.183,2385.3723	366.3167,476.69476,2279.869	223.0527,146.39743,2096.792	242.60667,185.26666,2402.5012	
344.8015,143.15903,2466.132	340.444,186.91034,2401.0308	347.21088,199.78146,2544.8652	286.0123,226.72432,2558.5112	340.444,186.91034,2401.0308	332.8147,172.39883,2257.1963	289.67087,177.35515,2128.4766	333.2819,235.59729,2346.9065	330.86584,291.42752,2382.9329	266.9048,375.2812,2297.114	320.28134,281.34174,2202.6316	267.96555,469.19287,2368.345	318.87753,393.19843,2193.285	330.86584,291.42752,2382.9329	367.87878,475.0969,2283.4048	223.72533,136.96954,2100.5469	244.38611,182.36801,2408.1023	
344.6864,141.99866,2464.975	340.62036,185.68808,2399.476	348.6348,198.72108,2542.5464	285.49368,225.83087,2554.2192	340.62036,185.68808,2399.476	331.5896,171.00235,2256.4058	285.99786,175.28873,2142.7107	333.7443,234.4196,2345.2664	332.435,290.421,2380.6865	265.6819,372.14374,2297.7644	320.1708,280.08926,2201.4268	265.60126,466.6701,2364.8777	318.47092,392.11523,2190.457	332.435,290.421,2380.6865	367.34186,473.84442,2283.016	225.2378,128.09097,2107.3616	243.85559,179.30841,2407.7056	
344.64883,141.43526,2464.413	340.71027,185.03268,2398.627	349.15726,198.11292,2541.6343	282.1347,221.63046,2537.593	340.71027,185.03268,2398.627	331.1922,170.29387,2255.6196	284.2138,171.65866,2160.3516	333.9547,233.79684,2344.566	333.06317,289.86487,2380.266	265.45554,370.8545,2304.658	320.19305,279.45288,2200.7437	264.19427,466.19788,2363.5515	318.5906,391.46838,2190.6028	333.06317,289.86487,2380.266	366.65698,473.93365,2281.624	225.67317,121.6865,2119.234	241.31146,172.37245,2385.5806	
344.32474,141.39279,2464.6384	340.63586,184.99347,2399.066	348.9494,198.0955,2542.4844	282.26532,222.15518,2532.3018	340.63586,184.99347,2399.066	331.26514,170.22533,2255.6475	285.6512,166.92804,2164.6763	333.96848,233.7501,2344.8384	333.08292,289.8304,2380.7595	265.26965,370.70407,2304.7312	320.38834,279.38913,2200.4622	263.76877,466.24628,2362.1855	317.11414,391.25034,2192.2542	333.08292,289.8304,2380.7595	367.20563,473.07532,2280.2131	228.79443,114.48065,2127.176	238.55745,174.24988,2369.2837	
344.2,141.35007,2464.2725	340.53824,184.96368,2398.2026	348.8679,198.0845,2541.7268	283.10266,224.34747,2528.6733	340.53824,184.96368,2398.2026	331.14816,170.17244,2254.6785	287.67188,163.35547,2166.3633	333.92725,233.74031,2343.879	333.11218,289.85797,2379.8389	265.7574,371.1553,2307.021	320.3912,279.39246,2199.2715	264.05573,466.85345,2362.5024	317.50955,391.32806,2191.1519	333.11218,289.85797,2379.8389	366.70917,473.72833,2279.0032	231.88052,110.38843,2141.326	237.30444,176.49733,2362.8	
343.90698,141.49252,2455.5679	340.25433,185.26167,2390.2493	350.28452,198.27948,2531.4697	285.40558,227.51048,2529.8433	340.25433,185.26167,2390.2493	328.9645,170.60904,2249.0288	287.70053,162.85873,2162.1807	333.56155,234.28043,2337.0542	333.81244,290.5709,2372.8325	266.97668,372.61957,2305.3044	318.71335,280.18994,2194.8857	264.2951,469.08228,2354.8289	316.35297,392.23145,2188.8545	333.81244,290.5709,2372.8325	364.7211,474.95056,2278.0808	237.05948,106.71991,2151.5752	240.18878,181.26291,2356.9116	
343.70782,141.0109,2451.703	340.38452,184.93181,2385.9019	350.97083,198.05994,2526.281	286.38083,229.30365,2526.4094	340.38452,184.93181,2385.9019	328.47464,170.16226,2245.5227	288.51434,162.8318,2151.5823	334.04196,234.02315,2331.8276	334.9941,290.51212,2366.0703	268.20206,372.883,2302.5198	319.18958,279.96985,2189.4365	264.7431,468.54587,2358.7163	319.06097,391.74487,2191.221	334.9941,290.51212,2366.0703	368.04962,475.167,2273.6172	243.29254,103.92044,2163.4275	241.04434,184.85774,2347.1694	
343.48187,140.97635,2449.7861	340.2982,184.90129,2385.425	350.25412,198.04874,2526.8284	286.36963,229.8441,2521.2117	340.2982,184.90129,2385.425	329.08752,170.09692,2244.0217	291.40244,163.56699,2140.7952	334.0964,233.99951,2331.0234	334.76892,290.50024,2365.6162	267.63126,372.38507,2309.4014	319.8441,279.97684,2187.6274	264.00494,468.21338,2362.294	319.63974,391.3191,2196.7349	334.76892,290.50024,2365.6162	367.5082,475.11313,2279.025	250.389,101.79291,2176.544	239.81836,188.68376,2331.241	
343.30667,141.04095,2440.3228	339.97583,185.50809,2380.7925	348.45163,198.19168,2524.791	286.9201,231.14561,2518.6038	339.97583,185.50809,2380.7925	330.40875,171.19144,2236.794	292.9569,169.2734,2133.901	333.74176,234.8906,2329.0325	333.4065,291.16824,2367.9973	266.81155,373.45343,2310.8115	320.52902,281.48172,2186.5476	263.11475,468.47488,2369.189	320.2539,392.85004,2196.2075	333.4065,291.16824,2367.9973	367.60675,476.37396,2281.414	258.55847,102.74945,2192.2659	241.12973,191.17186,2318.9478	
343.0875,140.78738,2436.1008	340.17,185.31487,2378.1497	348.19028,197.7984,2523.103	287.42554,232.5928,2516.3137	340.17,185.31487,2378.1497	331.10855,171.21074,2233.1963	294.69043,176.32309,2129.96	334.3459,234.85896,2327.2637	334.09763,291.086,2367.5771	269.0902,374.59583,2312.0273	321.93793,281.7772,2185.1782	266.0824,470.3386,2364.5557	322.3626,393.0537,2197.0063	334.09763,291.086,2367.5771	369.03784,475.967,2287.1677	269.41684,104.84987,2194.9172	240.7301,194.16373,2310.4263	
342.25372,140.78647,2435.0205	339.85638,185.38057,2377.9648	346.3286,197.74832,2524.7043	289.80276,235.13715,2510.7043	339.85638,185.38057,2377.9648	332.53287,171.38605,2231.2253	298.61313,180.6465,2122.0144	334.48795,234.97552,2326.9263	333.65338,291.14188,2368.322	268.421,374.4008,2314.3538	323.69983,282.07986,2183.4534	264.8297,470.0468,2366.8035	323.65857,393.39075,2196.0295	333.65338,291.14188,2368.322	370.68887,476.15698,2286.0393	278.56293,107.26135,2201.0183	241.99078,197.19452,2312.1506	
342.07483,141.03342,2434.455	339.7159,186.13083,2378.575	343.81686,198.29103,2527.2634	289.73807,234.41208,2503.7417	339.7159,186.13083,2378.575	335.06805,172.34892,2229.8865	301.968,184.79388,2121.0215	334.46213,235.75153,2327.645	332.15503,291.75403,2370.4688	268.09442,375.82654,2317.1348	325.51828,283.07303,2182.9614	263.37125,471.31854,2369.1921	325.76816,394.12415,2199.0588	332.15503,291.75403,2370.4688	369.87857,478.4357,2287.2808	284.77548,110.129105,2210.787	241.93535,198.62976,2298.797	
341.77048,140.3777,2434.2058	339.51862,186.00119,2378.8381	341.06677,197.9718,2528.904	287.27332,232.80455,2494.428	339.51862,186.00119,2378.8381	337.762,172.41858,2228.7722	305.55234,187.71806,2121.5525	334.60684,235.64601,2327.83	330.9161,291.51215,2371.4023	269.33032,377.20132,2322.2651	327.90897,283.17184,2182.2417	263.81454,472.79578,2371.3457	327.87802,394.04593,2200.995	330.9161,291.51215,2371.4023	371.25757,477.925,2293.077	291.7506,113.18434,2218.6646	241.63084,197.16293,2279.2405	
341.64697,139.71994,2441.336	338.29755,184.9944,2388.471	334.2965,196.05756,2537.6506	286.36426,233.87256,2489.987	338.29755,184.9944,2388.471	342.83163,172.4572,2239.2913	309.47864,192.3291,2120.1091	332.77646,234.43054,2338.855	324.7504,289.48828,2384.385	266.7659,376.80344,2337.6565	329.47824,282.22922,2194.093	258.0049,471.9293,2383.054	327.914,391.98538,2218.9885	324.7504,289.48828,2384.385	370.49298,476.73965,2304.0183	298.1163,118.57838,2221.4922	242.42343,196.08156,2274.9133	
