307.71072,123.613754,2432.3071	305.44925,171.40428,2395.787	269.57916,166.21802,2339.1294	259.48148,225.26733,2193.9072	305.44925,171.40428,2395.787	339.66193,176.35092,2452.4453	354.1887,236.91142,2374.0317	303.0062,221.783,2366.2432	277.48843,271.6997,2301.06	273.97983,379.51746,2275.1763	322.82285,275.11948,2372.338	263.76846,479.4971,2301.4028	329.8808,381.03522,2252.7246	277.48843,271.6997,2301.06	326.61127,471.60812,2354.555	355.02466,243.4642,2094.1582	314.3199,236.25887,2008.2588	
307.8408,123.9767,2424.57	305.27454,172.30722,2391.2173	269.62347,166.75787,2330.7632	264.40164,227.78732,2172.941	305.27454,172.30722,2391.2173	339.1674,177.58289,2451.6714	352.61227,235.20142,2373.6072	302.48026,222.83463,2363.0889	276.76874,272.73044,2296.9324	273.64236,381.1095,2263.2551	321.7362,276.3691,2372.9885	263.96317,480.20435,2300.7693	328.4025,382.3686,2250.382	276.76874,272.73044,2296.9324	320.89874,471.94037,2357.2415	356.4559,249.63423,2100.0442	322.9981,241.8844,1991.3657	
308.3351,125.218666,2420.7312	305.3203,173.82672,2388.649	269.53818,167.9531,2329.5432	269.3445,232.10039,2152.987	305.3203,173.82672,2388.649	339.3744,179.41669,2447.7546	352.96466,236.86865,2370.8079	301.83875,224.40678,2361.0894	275.32413,274.09036,2296.3452	274.6711,383.13287,2243.0862	320.50586,278.2072,2370.7144	263.4728,479.85626,2301.784	325.91272,384.52872,2249.5498	275.32413,274.09036,2296.3452	319.3992,475.38715,2349.0542	358.64246,255.33202,2100.6892	331.6007,246.80069,1974.6876	
308.6361,128.09859,2426.2976	305.52237,176.18823,2387.942	269.35034,170.34879,2334.4688	272.17734,234.79124,2140.9795	305.52237,176.18823,2387.942	340.10986,181.7719,2441.415	354.8142,238.02592,2364.2847	302.1279,226.52179,2353.763	275.26892,276.08798,2285.9097	277.2851,386.09763,2208.244	321.32925,280.5249,2353.2583	265.09003,480.62598,2289.262	327.05762,387.81244,2232.045	275.26892,276.08798,2285.9097	319.72006,478.529,2335.726	360.67108,258.10654,2095.2334	335.3196,251.29248,1957.1112	
309.19586,130.72028,2421.081	306.37704,179.24721,2386.6284	270.06638,173.8059,2334.346	272.26987,236.9943,2139.9768	306.37704,179.24721,2386.6284	341.13095,184.45523,2438.911	356.39594,241.08377,2357.15	303.03122,229.82341,2356.357	276.244,279.70078,2293.1887	280.46356,389.64282,2204.0425	322.3012,283.67502,2358.9822	265.56787,480.4228,2305.0918	328.40515,390.82492,2253.4883	276.244,279.70078,2293.1887	318.17117,478.5758,2367.288	364.87555,259.6406,2084.5854	337.38574,253.61276,1952.6116	
309.4022,133.71341,2418.9543	307.25488,182.1794,2385.777	270.7859,177.58655,2334.7642	268.3101,235.83087,2151.9602	307.25488,182.1794,2385.777	342.19696,186.57996,2436.79	359.29678,244.227,2344.5642	304.72614,232.94917,2358.0405	278.74387,283.42606,2298.1924	283.09808,393.33405,2187.1196	324.89453,286.38818,2362.4155	267.0804,480.15872,2311.4934	330.2475,393.59338,2255.4392	278.74387,283.42606,2298.1924	318.86282,481.98077,2363.8984	368.99042,258.3151,2067.668	331.68826,254.4493,1967.7196	
307.8727,133.28464,2425.3828	306.82687,181.43307,2387.9988	270.22882,177.45619,2338.6008	266.2308,233.39915,2164.4778	306.82687,181.43307,2387.9988	341.9415,185.24875,2437.3967	364.7425,243.11954,2329.2314	305.30322,232.06133,2357.1223	280.22354,282.87286,2295.151	281.34027,393.13284,2189.1812	326.63437,285.16367,2357.3408	268.9832,481.0172,2311.3708	326.846,392.5053,2259.705	280.22354,282.87286,2295.151	319.0002,483.16486,2355.2622	372.86804,248.99176,2050.042	326.36923,250.14832,1976.7051	
306.01056,128.12164,2436.6086	305.47797,175.65196,2394.4656	268.8232,171.88506,2346.8496	267.04483,228.4775,2170.2366	305.47797,175.65196,2394.4656	340.70334,179.27199,2442.0815	365.18466,234.97678,2312.5896	304.51483,225.91438,2359.8179	279.90558,276.58255,2295.198	277.7574,385.76767,2225.7893	326.5392,278.73914,2355.1423	266.8457,480.58072,2296.6003	323.05554,385.21594,2286.5613	279.90558,276.58255,2295.198	315.98218,479.59955,2350.9958	369.30927,234.00363,2030.6316	325.1464,240.97844,1982.3448	
304.09747,122.87283,2441.739	303.74582,169.88156,2397.5269	267.0517,166.09332,2350.659	267.11896,222.07732,2175.6233	303.74582,169.88156,2397.5269	339.03284,173.52454,2444.3948	362.63962,225.07544,2298.7937	302.98364,219.8865,2360.497	278.5095,270.34857,2293.9663	275.04135,378.86926,2247.6409	325.2909,272.59363,2352.9683	266.6487,477.6643,2287.919	319.70392,378.3556,2306.5	278.5095,270.34857,2293.9663	314.87952,476.601,2335.2437	361.28906,223.9641,2015.5913	323.53827,234.85333,1990.7213	
301.1935,118.39557,2452.801	301.68695,164.32968,2402.9175	265.02374,160.67851,2355.9407	266.83704,215.44269,2172.1414	301.68695,164.32968,2402.9175	336.9441,167.84085,2449.8943	358.33453,218.23639,2269.8835	301.63773,213.80428,2360.3955	277.82385,264.02994,2288.3018	272.58722,372.16492,2258.484	324.75082,266.13147,2347.4453	269.13492,472.17786,2291.0034	317.93994,371.59366,2314.9114	277.82385,264.02994,2288.3018	315.525,471.8499,2325.395	355.43335,220.2606,1987.5156	322.2823,231.0798,1991.269	
299.31082,115.34389,2459.835	299.97845,160.9292,2406.7463	263.33038,157.20676,2359.9417	265.71594,209.08499,2172.049	299.97845,160.9292,2406.7463	335.22833,164.50963,2453.551	353.55505,211.22282,2248.9446	300.11584,210.04156,2360.7021	276.43747,259.97955,2285.194	271.2461,367.54913,2272.1313	323.48102,262.20782,2344.1218	268.6247,467.66385,2301.9297	315.14832,367.22998,2324.0618	276.43747,259.97955,2285.194	313.64023,467.72592,2330.7705	348.5235,220.06491,1970.0593	320.41513,228.71039,1997.3782	
296.89688,114.48138,2461.8547	297.67,159.91449,2408.9116	260.9831,156.33015,2362.4521	264.56567,205.90079,2175.0327	297.67,159.91449,2408.9116	332.9686,163.36319,2455.371	351.59433,208.48863,2232.9727	297.99475,208.9117,2362.002	274.47165,258.8417,2285.8447	272.60187,366.31644,2277.4182	321.59827,260.92105,2344.3398	266.1889,464.04614,2323.264	313.72525,366.09668,2323.118	274.47165,258.8417,2285.8447	309.73398,464.63318,2347.8801	347.91992,221.39716,1955.648	319.55762,225.55316,2005.4194	
294.25613,115.70408,2462.8662	295.9992,161.30983,2411.4797	259.35925,158.53287,2363.7356	264.10852,204.91269,2181.0164	295.9992,161.30983,2411.4797	331.2165,163.97897,2459.2239	348.79126,208.0139,2224.9998	297.38132,210.39447,2366.8079	275.06012,260.87674,2292.0715	276.47717,368.16025,2282.5808	321.96582,261.846,2352.2004	267.8249,462.23743,2352.1223	316.63586,367.3145,2317.4512	275.06012,260.87674,2292.0715	307.6824,461.14398,2377.1638	344.9865,222.69363,1946.9592	318.4524,225.10104,2008.8535	
291.74695,119.490234,2471.873	294.0027,164.68529,2417.5293	257.46368,162.02908,2368.7449	263.21402,207.7697,2178.5176	294.0027,164.68529,2417.5293	329.0962,167.23642,2466.3137	346.27893,210.05707,2227.0063	295.76117,213.48647,2369.7043	273.8614,263.9045,2291.1714	276.46185,371.58063,2275.4172	320.7033,264.68124,2352.5874	265.4302,463.70844,2358.4185	314.67752,370.70767,2295.7798	273.8614,263.9045,2291.1714	303.35397,461.19598,2383.4072	342.04684,223.40103,1948.0583	318.73648,226.19853,2006.1456	
289.344,124.40324,2475.8682	291.28802,169.84285,2421.008	254.54517,167.67136,2376.5342	257.59903,210.904,2180.0835	291.28802,169.84285,2421.008	326.7053,171.93597,2465.482	343.8725,210.28583,2226.498	293.01584,218.63695,2372.4668	270.90707,269.26926,2295.9175	276.86765,376.57874,2280.6865	318.15512,269.66486,2351.9336	263.17682,466.90256,2370.9822	314.18234,376.28485,2279.0784	270.90707,269.26926,2295.9175	301.83115,464.17004,2386.4478	340.0956,223.31134,1950.1433	314.28326,226.80487,2010.2554	
287.48114,130.45287,2477.8633	289.62003,176.3215,2425.8801	253.11948,174.19717,2377.3132	258.57846,216.24081,2172.0393	289.62003,176.3215,2425.8801	324.68774,178.36244,2474.447	341.92938,208.97035,2234.2498	291.38742,225.41624,2381.9556	269.5892,276.3033,2307.4492	281.55176,382.87415,2283.1436	316.2431,276.40668,2368.6128	264.9627,470.9505,2382.5242	318.8177,382.49042,2276.4243	269.5892,276.3033,2307.4492	301.8756,466.47974,2401.588	333.80417,215.37619,1959.5881	316.41913,228.58145,1999.1262	
285.48474,135.36002,2471.2876	287.13757,182.18526,2426.7168	251.0865,179.62518,2370.5964	261.61273,219.52235,2150.4714	287.13757,182.18526,2426.7168	321.55893,184.6296,2482.8372	338.0783,211.97464,2240.5198	288.3041,231.75175,2390.54	266.31543,282.72736,2318.9927	279.34436,389.50763,2275.629	312.01108,282.9523,2389.734	263.21323,474.91293,2391.1365	321.41165,387.0661,2256.4482	266.31543,282.72736,2318.9927	299.40927,467.27502,2398.9404	330.4046,211.27263,1968.1199	322.73395,229.36943,1981.3	
283.85727,139.10555,2476.0566	285.11496,185.90573,2430.0845	249.34167,182.94414,2369.9082	258.7888,222.6617,2146.3262	285.11496,185.90573,2430.0845	319.15933,188.72418,2490.2607	339.3291,211.90067,2236.1997	285.94824,235.48734,2393.8174	263.8348,286.33408,2319.6807	279.7601,393.27927,2258.1765	309.05322,286.84653,2395.42	263.61182,476.30075,2389.3262	334.08597,379.10583,2208.9453	263.8348,286.33408,2319.6807	302.8904,457.39307,2359.095	326.4879,208.20679,1965.5438	321.1747,227.68623,1978.6194	
282.1606,139.833,2470.9148	283.22678,187.3678,2430.627	248.24495,184.07619,2361.1147	260.25208,220.92657,2142.1313	283.22678,187.3678,2430.627	316.26337,190.47636,2500.1392	334.35437,205.70258,2240.0405	283.83014,237.1849,2400.07	262.07816,288.0817,2325.6821	278.03857,394.67743,2271.5044	306.00735,288.48462,2413.3442	265.28598,477.77405,2402.6719	341.83432,364.79065,2202.5354	262.07816,288.0817,2325.6821	306.4489,445.0893,2342.279	322.48917,205.14499,1970.4524	322.33038,225.16132,1975.1794	
280.97467,138.222,2468.3804	281.89734,186.12091,2431.4607	247.27618,182.72629,2357.4727	258.38385,220.16829,2146.9482	281.89734,186.12091,2431.4607	314.47372,189.31503,2505.4487	337.7874,201.67395,2251.11	282.42053,236.03062,2404.1978	260.94864,286.94153,2330.3994	275.61975,393.40274,2280.643	304.11768,287.22348,2423.4702	267.7326,476.91095,2411.482	349.47772,348.51227,2187.046	260.94864,286.94153,2330.3994	312.51956,437.06665,2298.4175	321.901,200.93016,1983.0875	319.55725,220.82837,1978.4608	
280.1464,134.6376,2466.1423	281.18857,182.39658,2430.7073	247.26895,178.69012,2350.089	256.97678,216.48395,2151.6045	281.18857,182.39658,2430.7073	312.9304,185.86505,2511.3254	339.13504,195.18382,2259.4714	281.9146,232.31401,2404.2764	261.11874,283.18625,2327.0808	274.83398,389.31458,2291.5461	303.2945,283.4896,2428.61	269.50238,477.6148,2393.472	357.54407,329.26288,2183.5273	261.11874,283.18625,2327.0808	317.83087,426.0927,2267.2131	324.4787,196.86127,1990.5178	317.3297,214.3846,1981.2688	
279.61807,129.50589,2473.5178	281.086,176.80966,2436.8108	247.87805,172.63481,2351.0786	255.4896,210.90082,2148.1284	281.086,176.80966,2436.8108	312.03674,180.70073,2522.543	339.3399,189.28578,2273.2927	281.98267,226.5101,2409.5454	261.83887,277.0249,2328.3262	271.50607,382.52502,2311.2305	303.02805,277.65714,2436.234	271.23926,474.3251,2387.7876	361.90683,311.2748,2187.8286	261.83887,277.0249,2328.3262	322.24106,412.44434,2253.6716	322.60406,184.62447,2004.9377	317.5877,207.59299,1986.7782	
278.80188,123.29606,2477.7192	280.65674,170.44681,2439.2612	248.37363,165.74515,2347.2107	260.87784,202.05737,2136.0974	280.65674,170.44681,2439.2612	310.59192,174.80652,2531.3118	335.3531,178.62213,2276.1729	281.8274,220.00243,2411.5771	262.56818,270.21988,2325.925	268.45575,375.53064,2319.8254	302.51096,271.17493,2441.861	271.7694,471.17426,2366.0127	365.8659,295.45142,2189.1885	262.56818,270.21988,2325.925	325.1748,399.70984,2242.11	321.11542,174.36725,2005.3689	323.7765,202.51108,1981.0476	
278.39334,117.70422,2479.2866	280.27252,164.82303,2441.1196	248.64871,159.78935,2344.753	268.10706,195.1093,2121.5493	280.27252,164.82303,2441.1196	309.4944,169.47437,2537.4863	329.7102,170.61266,2272.0803	281.4459,214.35234,2415.28	262.67142,264.371,2328.8035	266.16946,369.47778,2327.4436	301.62924,265.50595,2450.0774	271.72125,467.2032,2355.1614	367.14996,283.712,2196.992	262.67142,264.371,2328.8035	327.79547,388.86307,2236.953	320.02496,167.01239,1998.5807	331.76932,197.1304,1967.0928	
277.7803,112.41366,2480.0723	279.76172,159.4699,2443.7178	249.01323,154.00366,2342.358	269.63055,191.36626,2127.7764	279.76172,159.4699,2443.7178	308.06107,164.50073,2545.0776	328.8552,168.57437,2284.5344	280.9359,208.94383,2419.1758	262.7454,258.7102,2330.822	265.96976,363.79544,2329.7068	300.51648,260.11603,2458.4456	270.7923,463.12036,2344.115	368.31766,273.82376,2197.7175	262.7454,258.7102,2330.822	329.84332,380.74063,2229.198	318.85574,158.11923,2010.8816	332.4993,193.9027,1973.5112	
277.0366,109.575195,2472.0205	279.35315,157.54901,2442.198	249.49265,152.42062,2335.839	269.26962,189.88261,2135.4392	279.35315,157.54901,2442.198	306.72128,162.24933,2548.557	328.13895,169.57257,2298.819	281.2144,207.13889,2421.1655	264.39264,257.2368,2333.1636	268.53284,362.36502,2329.0498	300.8078,257.93936,2467.1025	271.5211,462.60565,2336.541	370.91074,270.6832,2202.3477	264.39264,257.2368,2333.1636	333.62186,379.08624,2222.088	318.1029,155.39687,2023.8461	331.26517,192.54266,1979.5789	
276.14227,109.15419,2485.0159	278.93707,156.8778,2451.5127	250.56134,151.15926,2338.9517	271.8156,191.04128,2132.7861	278.93707,156.8778,2451.5127	304.82144,162.09428,2564.0737	329.03064,171.86475,2316.9912	281.32043,206.11009,2427.2039	265.96823,255.74954,2331.9814	270.41708,361.31348,2319.2852	300.51624,256.89368,2473.8086	270.0702,461.14594,2335.3196	370.98932,269.26318,2202.0117	265.96823,255.74954,2331.9814	334.94327,380.44098,2212.3818	318.63644,158.69638,2040.4573	333.16083,192.57327,1967.867	
274.84882,110.68504,2482.8086	278.79352,158.36208,2454.5994	249.42322,154.37967,2346.5964	275.66458,193.07007,2125.2651	278.79352,158.36208,2454.5994	305.6881,162.00879,2562.6023	324.53323,175.22372,2320.86	282.57135,207.60516,2434.7773	268.13846,258.02667,2346.9395	272.55475,363.378,2322.9702	303.68286,257.30685,2482.9712	270.8525,460.87393,2358.0908	375.44943,272.97516,2201.7917	268.13846,258.02667,2346.9395	341.0842,386.22354,2204.9768	314.96674,163.68427,2041.477	338.73776,192.49371,1959.4341	
273.23016,114.26169,2481.786	277.88364,161.94719,2454.8882	247.86671,158.85995,2349.6704	277.10422,199.46521,2118.589	277.88364,161.94719,2454.8882	305.43323,164.78065,2560.106	328.46603,183.17795,2336.086	282.54712,211.14467,2435.1292	268.67047,261.99936,2349.199	274.39014,367.89484,2291.6428	304.91055,260.34027,2481.5413	269.69656,462.5896,2355.8767	373.94382,281.58347,2189.012	268.67047,261.99936,2349.199	341.443,399.8476,2186.6047	315.09955,172.56374,2058.6104	339.7784,196.28264,1944.9426	
271.31232,119.98459,2481.2837	276.11758,167.5847,2452.833	245.21204,165.18314,2351.8008	277.60745,206.67044,2118.255	276.11758,167.5847,2452.833	304.57788,169.79626,2553.8652	331.26657,194.16684,2358.9998	281.29224,216.76172,2431.3076	267.34528,267.99158,2346.197	276.60065,374.18564,2276.4512	304.7855,265.70337,2473.3674	268.0867,466.27252,2359.8315	371.91818,293.71918,2184.5142	267.34528,267.99158,2346.197	342.42108,417.41113,2173.8105	316.1948,182.495,2083.2175	340.49493,202.31366,1939.2161	
269.44714,126.63305,2481.0552	274.43127,174.11073,2451.4053	242.57854,172.18143,2355.529	273.81174,213.63441,2126.102	274.43127,174.11073,2451.4053	303.88626,175.8948,2547.2815	330.86395,203.76637,2366.4875	279.8028,223.24084,2426.664	265.3909,274.7203,2341.5598	278.46802,381.01917,2266.8428	304.20367,272.11145,2462.286	267.03198,470.49017,2366.0183	371.13794,309.49426,2178.8186	265.3909,274.7203,2341.5598	341.8463,422.376,2187.2104	312.7348,191.93214,2093.597	337.66348,213.20792,1950.8754	
267.3857,133.36008,2480.4775	272.31665,180.95444,2449.44	239.56624,179.3673,2358.837	265.54788,219.5442,2139.0679	272.31665,180.95444,2449.44	302.73065,182.42836,2540.043	329.3228,209.19751,2334.644	277.49463,230.13397,2422.3008	262.2445,281.84665,2338.1218	279.6316,387.92703,2256.2703	302.37955,279.07532,2452.2014	265.6419,474.66748,2370.2725	366.7171,325.5831,2180.9045	262.2445,281.84665,2338.1218	339.94498,433.1909,2199.7192	306.90714,197.55656,2065.8057	329.94424,220.76239,1970.1713	
265.552,138.9368,2489.1565	270.63715,186.06761,2452.5278	237.19098,184.6235,2366.967	260.0251,225.54025,2153.0024	270.63715,186.06761,2452.5278	301.82834,187.41435,2538.0886	327.9695,210.25946,2304.1968	275.9376,234.97806,2419.3958	260.26776,286.61438,2332.405	283.24097,391.92575,2239.011	301.57047,283.93936,2440.1223	265.062,473.8872,2376.1838	362.4494,338.48123,2179.905	260.26776,286.61438,2332.405	339.69003,443.56625,2207.92	303.50916,204.08572,2036.2034	324.03323,226.32455,1991.637	
264.13953,142.76096,2484.9949	269.62567,190.07932,2449.553	235.53015,189.42215,2368.9216	255.1658,229.34554,2163.4773	269.62567,190.07932,2449.553	301.5481,190.69463,2530.1843	321.1197,210.04047,2297.0872	275.1587,239.13701,2417.6584	259.30817,291.24802,2335.0056	285.2745,395.96307,2237.5498	301.47406,287.8373,2436.5222	265.2136,474.70404,2388.6345	358.6934,349.03656,2190.413	259.30817,291.24802,2335.0056	335.7441,450.2387,2235.4402	301.96182,206.87024,2025.0813	317.87256,229.13011,2002.0293	
263.44916,144.14783,2482.9348	268.989,191.5811,2448.5972	234.53613,191.3042,2370.822	250.06151,230.94034,2168.84	268.989,191.5811,2448.5972	301.3206,191.84094,2526.3723	323.09012,209.75189,2283.936	274.6297,240.68892,2417.172	258.66547,292.99753,2336.8118	284.3584,397.859,2243.3474	301.2981,289.26004,2434.6824	264.71643,476.0112,2397.0144	354.64856,354.58716,2194.1887	258.66547,292.99753,2336.8118	329.8737,452.7381,2252.9324	302.5044,206.67038,2013.5728	312.54242,228.54207,2010.9177	
263.12518,141.67224,2482.3987	268.457,189.00095,2445.996	234.11462,188.47697,2366.4285	247.53302,230.26251,2175.3557	268.457,189.00095,2445.996	300.6355,189.49191,2525.5637	327.34055,206.1769,2289.8296	274.0879,238.12213,2414.291	258.1891,290.353,2332.517	279.0091,395.94556,2262.1057	300.65582,286.82245,2432.6548	267.0614,478.65393,2395.1055	352.62085,347.00586,2200.4663	258.1891,290.353,2332.517	323.7709,441.69867,2273.7175	307.62717,201.89182,2019.2644	307.31595,219.31464,2013.2473	
263.59683,136.65811,2482.142	269.1836,184.0286,2446.7322	235.52835,183.03194,2361.6943	244.85834,225.55214,2182.8188	269.1836,184.0286,2446.7322	300.578,184.9583,2531.77	327.91327,196.64685,2289.664	274.9304,233.08868,2415.793	259.618,285.06946,2331.2888	276.9192,390.34122,2288.7566	301.1028,281.84637,2438.4187	269.768,477.9954,2392.1697	354.0047,336.57797,2215.5037	259.618,285.06946,2331.2888	322.73398,429.2256,2295.7126	312.68115,194.60043,2016.489	302.26907,208.25122,2017.6655	
264.25204,130.9761,2482.475	269.74493,178.25873,2447.283	236.6037,176.77167,2358.3784	241.33334,220.4405,2186.486	269.74493,178.25873,2447.283	300.56268,179.64154,2536.1875	327.90497,187.13481,2280.6323	275.1687,227.3815,2419.042	259.91257,279.10187,2334.84	272.13333,383.88086,2314.871	300.5768,276.29346,2446.762	269.96255,476.70758,2379.5276	354.10248,325.6459,2222.746	259.91257,279.10187,2334.84	322.5471,422.77625,2299.8506	317.1701,188.73495,2006.6451	297.5369,196.78317,2026.1295	
265.42017,124.537,2481.6416	270.36212,171.94998,2447.5518	237.6207,169.79845,2355.8242	237.22026,214.56645,2196.772	270.36212,171.94998,2447.5518	300.7381,173.94604,2539.2793	326.1806,178.37836,2277.478	275.26663,221.1106,2420.7002	259.7454,272.46558,2336.1165	269.81805,377.22882,2323.9138	299.84973,270.334,2451.5808	271.5471,473.33813,2363.9045	355.78937,313.41568,2225.52	259.7454,272.46558,2336.1165	323.39886,415.7921,2302.5723	320.51324,182.70236,2003.4807	292.70178,188.83856,2037.6074	
266.83636,117.84594,2481.713	271.00452,165.26508,2450.0493	238.61235,162.37744,2356.2463	232.5628,204.34666,2208.5178	271.00452,165.26508,2450.0493	301.00778,167.93976,2543.8523	329.9985,178.21153,2300.344	274.94275,214.50473,2426.1138	258.658,265.40408,2343.138	267.84604,369.09705,2347.846	298.287,264.07974,2461.2185	271.27713,468.7082,2344.9944	356.26984,303.68738,2235.0015	258.658,265.40408,2343.138	324.3348,407.24176,2313.0276	320.24597,174.82323,2026.1462	289.5748,185.401,2050.1772	
267.81937,112.31913,2481.2415	271.6861,159.43036,2453.0725	240.33273,155.89798,2353.4531	233.92079,196.06436,2198.1953	271.6861,159.43036,2453.0725	300.59232,162.68703,2552.692	332.30322,179.7496,2329.4668	275.24588,208.69272,2431.7925	259.25687,259.25113,2347.7427	269.4544,362.98575,2348.293	297.48468,258.4202,2473.2822	273.233,463.39218,2341.6318	358.50864,296.8376,2243.27	259.25687,259.25113,2347.7427	327.28564,401.46954,2318.783	320.50305,170.79694,2055.7627	293.1241,179.30736,2044.4753	
268.50214,109.168365,2481.1072	272.85553,157.38058,2459.964	243.06235,154.3728,2353.1003	241.66089,187.39676,2183.1272	272.85553,157.38058,2459.964	300.168,160.13794,2566.828	332.2527,181.49136,2347.8484	277.01993,206.66658,2446.0706	262.77847,257.4532,2364.798	273.12943,360.3584,2367.8335	298.6904,255.62865,2499.556	276.36472,460.94006,2352.2144	363.0489,295.94354,2257.981	262.77847,257.4532,2364.798	331.71716,401.13193,2332.7373	323.77405,172.75986,2071.5007	302.4818,170.1106,2037.6932	
269.0675,108.156006,2481.5613	273.77808,156.17438,2466.0437	246.22064,153.19849,2350.183	251.4587,182.23676,2160.645	273.77808,156.17438,2466.0437	298.8623,158.88318,2581.9043	332.95392,182.2064,2369.2168	278.453,205.40895,2456.197	266.23645,256.22577,2373.2488	275.2397,359.5447,2361.285	299.1122,253.92278,2519.452	275.93005,459.97974,2352.247	362.8878,296.71674,2258.2874	266.23645,256.22577,2373.2488	333.39478,404.8953,2322.6655	321.07275,160.68889,2104.13	314.49078,166.83969,2026.1705	
268.9699,108.74672,2489.7222	274.16635,156.15367,2472.258	246.92905,153.23654,2354.897	258.89825,181.6453,2144.837	274.16635,156.15367,2472.258	298.9349,158.8064,2589.6191	328.82993,194.39249,2416.6997	279.2787,205.21495,2461.8176	267.81348,255.93413,2377.6824	275.7295,359.72736,2349.6797	300.08545,253.52652,2525.072	274.34885,458.46375,2362.851	362.77158,301.35022,2253.3481	267.81348,255.93413,2377.6824	336.30722,413.81158,2305.537	322.5444,186.33719,2139.879	324.2749,169.14108,2018.2278	
268.79022,112.17028,2493.2646	274.47604,159.43326,2475.7888	246.62436,157.08408,2361.0342	264.07266,185.04558,2134.3906	274.47604,159.43326,2475.7888	299.86023,161.57431,2590.5435	325.8537,206.3094,2448.4343	280.07474,208.376,2464.8545	268.69995,259.26968,2381.7483	277.2262,363.36523,2335.6506	301.77402,256.32675,2526.092	274.8444,459.0268,2379.8953	362.75455,311.21487,2253.1008	268.69995,259.26968,2381.7483	338.45428,427.31332,2301.1953	324.06894,211.01108,2172.3613	329.65698,172.54733,2002.6516	
267.89008,117.882774,2495.554	274.15906,165.1377,2476.1233	246.07439,163.25269,2362.1685	267.7232,190.91913,2127.6885	274.15906,165.1377,2476.1233	299.77243,166.85684,2590.0781	321.674,217.79456,2474.908	280.34875,213.9861,2463.62	269.4387,265.11386,2379.4363	280.55685,369.4742,2316.8362	302.7893,261.65305,2522.7976	275.16412,462.5254,2385.0476	360.54956,324.25793,2251.2976	269.4387,265.11386,2379.4363	336.58496,429.43842,2311.9167	323.05258,233.83357,2206.0623	333.63278,179.13766,1995.0596	
267.28244,124.40675,2504.6438	274.3131,171.37248,2480.7559	245.48672,170.01176,2370.507	270.90408,199.55453,2124.7808	274.3131,171.37248,2480.7559	300.68637,172.6174,2591.0046	318.83862,227.59085,2498.4126	281.3145,219.91621,2463.8906	270.72852,271.12897,2377.6104	283.78894,375.7066,2303.934	305.1207,267.23956,2516.4404	276.87708,465.49695,2396.2676	360.27313,336.29852,2249.924	270.72852,271.12897,2377.6104	337.3761,435.6432,2320.0525	322.56683,253.21872,2241.2292	335.5921,188.42654,1979.9697	
266.80002,131.55664,2501.729	273.97214,178.5385,2477.4038	243.44562,178.18684,2376.5579	268.60944,208.60413,2130.363	273.97214,178.5385,2477.4038	302.11066,178.86264,2578.2498	317.08188,236.7593,2504.1406	281.11728,227.15723,2459.3853	269.49307,278.8943,2377.7087	284.63654,383.5394,2290.9177	306.28345,274.21497,2505.0247	274.02823,469.54126,2405.1155	357.0884,349.98386,2242.827	269.49307,278.8943,2377.7087	335.41553,445.31052,2326.3064	322.5263,270.60663,2261.4287	333.5489,201.9177,1992.6196	
266.9078,138.16748,2499.3296	273.79944,185.31364,2475.3235	241.98718,185.5881,2382.391	269.09494,216.09033,2133.1973	273.79944,185.31364,2475.3235	303.30945,185.05905,2568.2559	323.59177,238.83594,2430.0825	280.72025,234.03821,2456.3142	268.0298,286.11188,2378.786	288.0014,389.96326,2275.8591	306.54346,281.05515,2495.824	273.52185,472.61963,2407.283	354.34515,361.6587,2240.6143	268.0298,286.11188,2378.786	332.598,453.2928,2338.64	320.97015,257.00015,2159.5854	333.92203,209.24164,1988.2208	
267.6002,143.68103,2490.209	273.26532,191.4864,2467.7168	240.45654,191.73428,2380.5764	263.01984,222.1158,2148.5842	273.26532,191.4864,2467.7168	303.83606,191.25543,2554.8572	326.20477,236.43665,2389.4033	279.08612,240.56407,2449.1587	264.58774,292.82925,2375.7883	287.11502,396.54456,2262.8655	304.50363,288.0606,2485.4128	271.21167,475.90863,2411.0552	351.40555,370.64746,2237.404	264.58774,292.82925,2375.7883	326.70947,458.7108,2347.923	317.39465,242.76193,2112.1484	326.29227,214.10959,1997.6053	
268.0061,146.36064,2494.0593	273.04385,194.19347,2467.4104	239.82272,194.00537,2382.7285	263.4908,224.08755,2148.3047	273.04385,194.19347,2467.4104	304.06033,194.36908,2552.0923	326.31024,237.2712,2365.1611	278.2233,243.29547,2445.5393	262.73456,295.39056,2370.4238	288.0419,398.8338,2263.0703	303.36533,291.2674,2476.9126	272.11578,475.82596,2422.9656	352.82443,369.3635,2237.2463	262.73456,295.39056,2370.4238	326.95395,457.09863,2347.1958	316.55286,229.53593,2104.0322	326.33496,213.93558,2000.7882	
268.5672,146.616,2503.941	273.34735,193.7659,2471.649	240.63197,192.59984,2383.2478	264.13275,223.46497,2147.1094	273.34735,193.7659,2471.649	303.80334,194.85144,2560.05	322.6165,244.26857,2409.0737	278.08456,242.67725,2444.6958	262.3786,294.26846,2362.1055	287.57666,397.99298,2273.39	302.5517,291.16125,2473.38	274.1034,476.3471,2427.6995	354.3403,362.80463,2241.2808	262.3786,294.26846,2362.1055	327.90234,451.8359,2342.2573	316.35065,249.19243,2132.3145	327.21072,210.52682,2003.2112	
269.2552,144.29927,2501.8877	273.9043,191.49886,2469.681	241.12729,190.25192,2381.4167	264.40536,219.51459,2145.547	273.9043,191.49886,2469.681	304.41928,192.65973,2557.945	320.3371,246.91223,2435.1006	278.5777,240.4578,2443.1396	262.78064,292.0289,2361.0774	284.88904,395.97113,2295.4773	303.0028,289.02448,2472.1194	275.3972,475.92487,2441.2224	356.67377,354.30505,2252.1992	262.78064,292.0289,2361.0774	331.1927,446.37006,2332.1272	317.273,262.85687,2162.8625	328.1908,206.7567,2007.9077	
270.193,139.31929,2509.3733	274.8686,186.52342,2476.46	243.55151,184.55849,2379.71	264.44144,213.59895,2141.2773	274.8686,186.52342,2476.46	303.83072,188.3406,2573.21	322.54315,233.56448,2407.5488	279.55737,235.32156,2450.6597	264.7024,286.45694,2363.8274	282.69583,389.96307,2325.7324	303.02487,283.9231,2485.8914	277.30298,475.01013,2439.0374	356.12686,342.37787,2276.9749	264.7024,286.45694,2363.8274	334.41498,441.18436,2328.939	320.55508,233.93779,2154.9429	329.4348,201.90485,2008.7888	
270.81793,133.59616,2512.1187	275.7511,180.27888,2478.1003	244.78818,177.97266,2379.1602	262.05304,206.95358,2142.8962	275.7511,180.27888,2478.1003	304.33655,182.40802,2577.0405	328.30984,218.00642,2388.7246	280.51987,228.98346,2452.5674	266.05698,279.84335,2364.8271	279.71762,382.7625,2351.6045	303.75473,277.6388,2489.2417	277.08752,474.84915,2409.0637	357.2017,331.93857,2273.0957	266.05698,279.84335,2364.8271	337.48572,430.92722,2317.1663	325.11975,212.03233,2133.1108	327.94247,198.399,2013.0352	
271.38077,127.09481,2513.519	276.69278,173.29861,2480.9377	246.79752,170.71338,2376.5151	265.41205,199.4411,2129.481	276.69278,173.29861,2480.9377	304.17313,175.67502,2585.3604	331.42392,203.95412,2363.2434	281.834,221.91135,2457.5884	268.47195,272.5484,2368.4797	279.69028,375.00266,2369.5095	304.69724,270.42236,2499.9983	278.3229,470.34814,2399.6047	357.17435,321.84872,2284.985	268.47195,272.5484,2368.4797	340.3565,427.32825,2313.0205	327.1582,195.27184,2100.4058	333.35068,194.95941,2009.4695	
272.2541,120.67609,2514.18	277.55188,167.10257,2481.5369	248.25319,164.0733,2374.113	268.6074,194.96771,2122.7327	277.55188,167.10257,2481.5369	304.41916,169.88043,2588.9607	326.7291,173.32062,2318.5208	282.55634,215.71198,2459.5454	269.47345,266.0868,2369.9678	275.49298,368.64133,2376.5361	304.8479,264.35815,2505.1401	277.85504,466.01416,2388.0527	356.45865,315.8407,2282.285	269.47345,266.0868,2369.9678	340.5374,426.02344,2302.8027	319.20776,162.11137,2050.0303	338.10376,190.03719,2009.6201	
272.65353,115.428246,2515.0144	278.06754,161.66307,2482.6094	249.02313,158.3738,2373.9648	271.83612,192.03224,2118.8584	278.06754,161.66307,2482.6094	304.67642,164.67651,2591.254	325.71664,169.7243,2320.7576	282.98325,210.25726,2461.7793	269.984,260.43408,2372.593	273.4588,362.937,2382.628	305.00104,258.9686,2509.3054	277.5776,461.5944,2380.1538	356.1862,311.49582,2283.6936	269.984,260.43408,2372.593	340.25818,424.522,2297.4526	317.83875,155.09058,2050.8782	341.6486,187.03992,2009.9128	
272.90958,113.119255,2514.9275	278.34857,159.51611,2483.8086	249.33276,156.22037,2375.077	272.8659,190.51938,2120.9185	278.34857,159.51611,2483.8086	304.9305,162.5354,2592.5403	326.335,166.62341,2319.8708	283.16245,208.1276,2464.2783	270.08188,258.26468,2376.3206	273.1805,360.74847,2385.9521	305.04596,256.8076,2513.1755	276.15884,460.0999,2376.5098	356.1036,312.58963,2281.622	270.08188,258.26468,2376.3206	339.1263,427.0783,2294.5015	317.5994,151.09366,2053.1292	343.10855,185.85796,2013.1101	
273.48245,111.87401,2514.8938	278.6843,158.24448,2485.3857	249.47156,154.99484,2377.7642	274.9965,191.10992,2121.4622	278.6843,158.24448,2485.3857	305.4721,161.22433,2593.0073	325.52194,168.2531,2321.9329	283.4391,206.83545,2466.2246	270.16495,256.93182,2379.3198	273.77805,359.80096,2379.3057	305.39642,255.48306,2514.8071	274.5611,458.61874,2379.9683	355.82858,314.63727,2281.5146	270.16495,256.93182,2379.3198	337.9849,430.34558,2290.4543	314.59726,152.70679,2056.553	344.53137,186.73785,2013.4509	
273.9287,112.37015,2514.879	278.95157,158.35808,2487.1216	249.44203,155.27539,2381.18	276.26996,193.78842,2125.2344	278.95157,158.35808,2487.1216	306.04984,161.18887,2593.0632	324.85767,170.33206,2327.9663	283.6466,206.94016,2468.46	270.11554,257.06326,2383.104	274.66064,360.43243,2366.4407	305.7409,255.50398,2516.4927	273.7658,457.20276,2391.7861	355.3595,319.66364,2283.1284	270.11554,257.06326,2383.104	334.12784,425.755,2307.5757	312.6681,157.59352,2060.3093	344.9741,189.41705,2002.7483	
273.97455,116.09355,2514.3662	278.9713,162.13489,2485.7078	248.80829,159.37476,2383.258	266.81277,197.58769,2154.7334	278.9713,162.13489,2485.7078	306.74637,164.67651,2588.1575	322.0492,175.98315,2332.4778	283.72498,210.72086,2465.7173	269.8046,261.01572,2381.2092	276.95264,364.95676,2345.0608	306.3442,259.23343,2510.2444	273.8231,459.0979,2398.3872	354.71515,330.7278,2274.9746	269.8046,261.01572,2381.2092	331.3534,440.15417,2300.6982	311.8742,165.1589,2060.0557	332.38437,196.8157,2018.6877	
273.86768,121.77264,2505.6062	278.8697,168.5859,2478.9268	247.42902,166.91266,2384.173	262.82327,205.29228,2169.1082	278.8697,168.5859,2478.9268	307.99527,170.13596,2573.6804	331.8362,183.65912,2363.472	283.71033,217.41599,2461.0542	269.03186,268.37134,2383.4248	279.81454,372.33594,2335.205	307.27634,265.617,2502.9385	272.8036,462.86804,2414.4775	353.58676,343.37863,2270.8308	269.03186,268.37134,2383.4248	329.2472,445.04822,2315.1233	315.25153,176.9629,2096.2727	327.3696,203.76248,2028.5344	
273.848,128.3619,2509.7317	278.82785,174.98822,2479.7085	246.42421,173.62694,2391.742	265.30975,214.70123,2172.0393	278.82785,174.98822,2479.7085	309.01123,176.25621,2567.675	337.80054,193.22107,2383.5034	283.64447,223.71677,2457.658	268.27048,274.7549,2380.2131	283.4802,378.71185,2312.8289	307.92426,271.96387,2491.0017	272.2202,466.00055,2414.5374	351.90488,354.25943,2260.239	268.27048,274.7549,2380.2131	327.16083,451.71997,2318.1633	311.61862,186.37614,2130.5789	328.40945,210.26761,2021.6536	
273.85898,135.08882,2495.8494	278.71384,182.65807,2471.3845	245.0482,182.45303,2393.7805	270.0598,222.52287,2161.0356	278.71384,182.65807,2471.3845	310.32956,182.85062,2548.9885	340.981,203.43777,2388.2717	283.2775,231.77133,2454.2725	266.81458,283.4716,2388.2231	286.83847,386.43085,2303.4407	308.16562,279.75168,2486.0977	272.30734,468.9587,2430.3337	349.44107,365.64932,2264.6567	266.81458,283.4716,2388.2231	323.83978,460.0523,2330.3716	309.3785,196.82877,2144.0562	334.2355,217.0405,2008.7661	
273.98404,140.82141,2489.4163	278.2108,188.92625,2466.9673	243.67911,189.03757,2397.0925	273.37036,229.3557,2151.0603	278.2108,188.92625,2466.9673	310.8402,188.82109,2536.842	341.5725,212.55928,2380.2869	282.29523,238.23172,2450.1995	264.7914,290.11377,2389.468	287.816,392.76508,2288.7505	307.31223,286.3869,2477.3953	270.8174,472.31607,2431.0308	347.61508,371.70807,2257.123	264.7914,290.11377,2389.468	320.1417,463.14926,2336.1672	310.89923,204.11694,2133.1028	339.7756,224.53896,2005.1377	
274.2776,144.75229,2494.182	277.73935,192.7465,2465.7478	242.64119,192.50436,2401.6096	273.06863,232.78651,2149.5388	277.73935,192.7465,2465.7478	311.05786,192.97636,2529.886	337.80777,215.48077,2348.8499	281.24078,242.00882,2443.2688	262.65497,293.71753,2380.4485	288.7683,396.15143,2266.9548	306.23334,290.70468,2461.131	270.82803,472.0534,2429.5393	349.1055,372.67792,2245.0334	262.65497,293.71753,2380.4485	318.85855,462.85107,2328.3577	310.06085,208.2264,2094.32	340.02472,228.27588,2003.2488	
274.83017,145.99121,2496.0408	277.2566,193.92697,2465.1165	241.96263,192.96312,2402.48	271.70392,234.39464,2153.2808	277.2566,193.92697,2465.1165	310.80142,194.84308,2527.753	335.0992,217.47546,2313.349	279.75958,243.21451,2440.0679	259.95386,294.5628,2375.632	286.35925,397.26825,2278.803	303.95737,292.51944,2454.4065	271.11942,472.3988,2446.3083	349.8721,369.1356,2252.8796	259.95386,294.5628,2375.632	319.09247,458.4309,2338.8655	309.0931,209.9756,2054.555	339.28186,230.06766,2008.5876	
275.38492,145.17523,2504.9138	277.42004,193.00652,2470.4087	242.73505,191.10791,2401.3916	271.8278,234.13359,2154.088	277.42004,193.00652,2470.4087	310.21967,194.80191,2539.4258	331.30655,215.52477,2312.648	279.44574,242.10101,2441.7896	259.4582,292.97067,2369.7039	288.10956,395.16248,2287.49	302.80014,291.7709,2456.637	273.092,470.91718,2452.1675	353.46948,362.29626,2264.9922	259.4582,292.97067,2369.7039	322.70908,452.34695,2343.6985	308.98566,207.20433,2050.9797	339.13828,228.58829,2003.8655	
275.8556,141.91339,2510.3955	277.88184,189.51242,2474.9177	244.05573,186.92726,2398.1057	271.11044,231.06882,2156.052	277.88184,189.51242,2474.9177	309.67148,191.94194,2551.7297	328.7729,210.21556,2313.8286	279.92496,238.42995,2444.713	260.50723,288.9466,2366.1208	286.97195,391.30737,2306.8792	302.68585,288.21088,2462.8953	273.78125,471.4478,2447.6648	356.56705,351.06653,2277.7273	260.50723,288.9466,2366.1208	327.98007,443.90848,2337.6895	309.888,203.34622,2050.459	339.1273,226.19046,2008.1395	
276.233,137.58054,2512.1465	278.3939,184.91556,2477.242	245.42088,181.86978,2393.4067	273.138,227.12828,2157.052	278.3939,184.91556,2477.242	309.20816,187.76193,2561.0771	326.85043,203.32962,2321.4224	280.6073,233.74565,2447.543	261.96814,284.04102,2365.0654	283.31558,386.59082,2331.3179	302.88882,283.521,2470.6226	275.674,472.034,2439.9849	357.7144,340.5885,2286.976	261.96814,284.04102,2365.0654	332.51196,435.62524,2334.3828	310.2316,196.3831,2054.8914	341.513,221.3108,2010.0659	
276.37506,132.27625,2513.0308	278.88953,179.7181,2476.9316	246.422,176.35974,2388.9578	274.45694,221.8408,2159.0542	278.88953,179.7181,2476.9316	309.12982,182.84607,2564.9055	324.4089,195.6132,2327.7322	281.46732,228.44252,2446.4849	263.56696,278.5703,2360.705	280.567,381.21124,2347.4204	303.73334,278.22754,2471.371	277.1397,472.44214,2414.7246	358.92825,330.68903,2287.8354	263.56696,278.5703,2360.705	339.20682,433.9959,2312.5388	310.4353,188.27942,2060.9226	340.97183,218.64268,2006.4695	
276.8705,126.098145,2514.992	279.84604,173.5056,2481.4243	248.44669,169.95888,2386.8184	275.93576,216.94818,2162.074	279.84604,173.5056,2481.4243	308.9391,176.79181,2576.0303	323.66843,188.3127,2330.4058	282.8908,222.13477,2453.5408	266.21082,272.10596,2366.0708	279.8105,374.12753,2370.8364	304.8512,271.66864,2485.2437	278.5876,468.68622,2408.1313	359.37558,320.32816,2308.8386	266.21082,272.10596,2366.0708	343.7503,428.64777,2318.1904	311.45282,182.52411,2062.6038	341.3139,213.25693,2007.8594	
276.86377,119.9642,2514.969	280.51184,167.58028,2485.2764	250.07071,164.23312,2385.2021	278.80444,210.55441,2157.0742	280.51184,167.58028,2485.2764	308.59634,170.6683,2585.3506	322.78806,181.60211,2337.251	284.1439,216.19795,2462.1929	268.80276,266.2231,2376.1118	277.98068,367.9411,2388.722	305.92767,265.2731,2502.107	279.6722,464.7369,2401.0703	360.3509,313.05316,2320.354	268.80276,266.2231,2376.1118	346.56586,424.29755,2318.5298	312.7548,176.87822,2066.3965	341.8482,208.68376,1996.779	
277.1498,115.82228,2514.4102	280.6841,163.14589,2486.5823	249.73228,160.0932,2389.4536	267.2858,205.583,2202.526	280.6841,163.14589,2486.5823	309.30884,165.96907,2583.711	322.98413,177.01025,2349.6255	284.43784,211.75914,2465.2437	268.92694,261.81046,2382.807	275.4869,363.8996,2389.6863	306.6443,260.66092,2505.0032	277.45844,461.6096,2395.57	361.68524,310.4352,2311.0852	268.92694,261.81046,2382.807	348.52353,424.5538,2301.173	313.52847,171.10788,2079.7324	324.3493,206.55354,2044.1044	
277.29074,112.904396,2523.6357	280.68063,159.70224,2494.3193	249.9483,156.19624,2396.2576	261.80048,202.29344,2219.26	280.68063,159.70224,2494.3193	309.08792,162.943,2592.381	323.8219,173.08435,2349.3152	284.201,208.10974,2471.77	268.56552,257.7195,2387.5303	274.86258,360.02548,2388.506	306.0624,257.11295,2510.9111	276.1778,457.4577,2399.6426	359.8768,309.29608,2322.9653	268.56552,257.7195,2387.5303	348.4438,424.4702,2302.0093	313.28275,168.15381,2083.5667	319.8162,203.69865,2065.6008	
277.06116,112.22878,2527.7734	280.85812,158.80435,2500.9014	251.02252,155.39655,2398.2815	259.52426,200.75127,2225.1533	280.85812,158.80435,2500.9014	308.3417,161.94351,2603.5212	323.72894,172.51016,2354.6833	284.73108,207.13873,2480.8403	270.07156,256.74167,2396.1526	277.75925,358.8703,2391.8066	306.311,255.8053,2525.406	277.06866,454.74957,2417.2043	361.83673,312.3869,2339.5066	270.07156,256.74167,2396.1526	349.25165,428.6305,2311.0286	312.6638,168.15277,2087.2034	318.8674,202.68399,2075.963	
276.87662,114.40976,2530.3245	280.61395,160.9318,2502.4287	250.21771,157.61995,2402.996	258.77872,202.51381,2232.58	280.61395,160.9318,2502.4287	308.68695,163.99051,2601.8613	323.8124,174.75862,2356.3484	284.3781,209.20381,2480.7002	269.223,258.78226,2396.3887	276.26022,361.51254,2378.7573	306.2522,257.89807,2521.5547	274.56824,455.96896,2421.2896	362.8333,320.86517,2319.676	269.223,258.78226,2396.3887	349.4546,437.99228,2292.437	311.93436,170.53339,2089.288	318.29688,203.62238,2081.422	
276.87692,119.04613,2531.5952	280.5109,165.50957,2503.6526	249.55591,162.64163,2407.6914	258.68448,205.58914,2236.7896	280.5109,165.50957,2503.6526	309.18054,168.16577,2599.6138	323.98956,180.03876,2352.6758	284.26385,213.80286,2481.9668	268.72394,263.5889,2399.8735	279.16455,366.23007,2372.355	306.51416,262.33688,2520.6885	274.3012,457.41882,2440.205	362.1518,328.9325,2329.3682	268.72394,263.5889,2399.8735	349.6794,438.206,2306.7778	311.72522,175.6592,2085.9668	318.22366,205.39655,2081.8499	
276.78253,124.72809,2523.2458	280.28894,171.7479,2501.527	248.74872,169.69814,2409.2375	260.24503,210.7576,2230.8938	280.28894,171.7479,2501.527	309.58472,173.6518,2593.8167	323.736,184.83624,2343.8684	283.8643,220.27832,2484.3325	267.80438,270.55194,2409.0342	280.58517,372.99237,2369.732	306.26868,268.46756,2525.2417	273.32834,461.9491,2452.416	361.98984,338.12128,2331.1733	267.80438,270.55194,2409.0342	347.78174,442.1964,2325.037	310.73846,182.17911,2081.698	320.79678,207.39798,2077.3274	
276.46722,130.50285,2527.58	279.53278,178.00598,2504.6147	247.46295,175.98866,2416.1692	264.548,216.35635,2219.9639	279.53278,178.00598,2504.6147	309.4149,179.88568,2593.0603	317.86334,192.41745,2342.2664	282.73666,226.48672,2485.0835	265.89822,276.72034,2409.8713	281.92508,379.1782,2348.0527	305.19684,274.7943,2521.2332	273.54468,465.1513,2453.4639	360.2898,346.18546,2321.3022	265.89822,276.72034,2409.8713	344.01367,446.92807,2333.3086	311.3566,191.05457,2072.3743	325.70184,210.31635,2064.1577	
276.9329,136.21503,2538.2583	279.6966,183.18846,2510.794	247.01517,181.0885,2428.074	263.0456,220.68561,2220.58	279.6966,183.18846,2510.794	310.2933,185.15448,2593.514	334.59915,198.41992,2370.863	282.4436,231.51059,2487.4805	264.64062,281.52295,2412.064	285.36188,383.2628,2338.1301	304.99136,280.00333,2516.27	274.24768,466.67194,2458.57	359.68558,352.21066,2318.1726	264.64062,281.52295,2412.064	342.77066,450.68024,2344.1592	315.2948,197.16367,2113.6167	325.27588,215.0198,2069.92	
277.1077,140.32489,2535.582	279.557,187.76071,2509.9568	246.56256,185.77692,2429.5962	259.08102,225.66,2229.1738	279.557,187.76071,2509.9568	310.50427,189.62143,2590.3174	339.11954,211.96945,2423.2012	281.99518,236.17508,2486.9268	263.6829,286.28552,2413.336	288.12622,387.35638,2325.3284	304.43854,284.7353,2514.4575	273.70837,467.52167,2462.5576	357.41437,356.98227,2324.252	263.6829,286.28552,2413.336	339.87155,453.62762,2359.48	320.80304,202.5243,2164.311	320.7809,217.6069,2079.3164	
277.50183,142.97311,2543.7341	280.29996,190.11917,2516.5808	247.51678,188.19176,2435.2034	259.7171,228.3631,2239.093	280.29996,190.11917,2516.5808	311.0294,191.92584,2597.9583	342.77795,230.92252,2434.0051	282.9996,238.36513,2491.8374	265.07455,288.42206,2415.8855	291.49466,389.06946,2321.0645	305.5912,286.7699,2518.3025	275.859,466.69427,2471.6448	358.07523,358.51324,2329.822	265.07455,288.42206,2415.8855	337.9859,452.45627,2379.8906	331.21426,234.36856,2161.5664	317.9073,216.36296,2080.0945	
277.98535,144.32715,2546.8196	280.42807,191.39058,2516.2346	247.11522,189.38992,2439.937	260.96817,229.96252,2246.0574	280.42807,191.39058,2516.2346	311.78015,193.27348,2592.5322	339.6438,240.53224,2459.8237	282.89108,239.56956,2488.2256	264.2861,289.51248,2412.1614	289.83676,390.70435,2311.0134	305.72488,288.20422,2508.2717	273.66913,467.3426,2467.7485	355.47003,362.53656,2319.4443	264.2861,289.51248,2412.1614	334.9968,455.70038,2377.5002	333.33044,255.17412,2189.12	316.2177,214.94456,2081.9004	
278.75485,144.94717,2548.8623	280.5603,191.93852,2516.083	247.0463,189.536,2441.7896	260.28278,228.4536,2248.0415	280.5603,191.93852,2516.083	312.1519,194.20325,2590.3765	335.78662,246.84213,2484.156	282.4563,240.08481,2485.8796	263.0934,289.77478,2408.9194	289.1213,390.97888,2318.829	304.90826,289.06952,2502.433	273.78513,469.55176,2464.9668	353.28873,364.83032,2321.92	263.0934,289.77478,2408.9194	330.37878,455.62463,2392.217	333.39874,270.97803,2221.308	314.75256,214.16455,2080.5925	
279.74915,145.20319,2549.3374	281.2231,192.14957,2515.547	248.1221,189.15277,2437.6025	261.8254,226.50734,2242.494	281.2231,192.14957,2515.547	312.33447,194.96623,2593.4917	331.94885,250.96864,2508.9666	282.64792,240.30493,2484.5376	263.03903,289.75528,2404.452	290.0164,390.8778,2320.9011	304.35217,289.60287,2502.6042	274.60657,468.77582,2470.5466	351.49066,367.6686,2338.0112	263.03903,289.75528,2404.452	328.35654,458.1114,2405.2388	332.43448,282.91586,2258.1213	317.8385,213.78735,2077.6328	
280.98206,142.73383,2558.652	282.96286,189.54643,2520.3022	250.48082,186.17229,2438.0786	267.10013,225.17963,2222.7795	282.96286,189.54643,2520.3022	313.39243,192.70738,2602.526	329.45895,250.60922,2535.443	284.92554,237.37878,2484.9785	266.23657,286.52573,2397.8848	291.20337,388.04236,2332.9912	306.79596,286.6528,2501.4248	278.72958,467.53952,2475.4458	352.18268,365.3979,2349.2822	266.23657,286.52573,2397.8848	329.29694,456.20898,2411.2065	332.09222,288.50256,2299.1868	325.75577,214.3869,2066.624	
281.92163,140.7102,2553.2556	283.60995,187.53882,2519.3213	251.1838,184.2893,2436.4543	272.61603,223.01097,2206.8774	283.60995,187.53882,2519.3213	313.9709,190.58136,2602.1882	327.0653,249.828,2548.9924	285.35947,235.54271,2488.4412	266.5619,284.7892,2405.416	285.90887,386.38165,2362.62	306.8883,284.71823,2509.706	276.28265,467.9154,2490.172	346.29916,364.7321,2374.9792	266.5619,284.7892,2405.416	325.9112,456.96436,2420.4248	331.17413,292.68008,2328.726	334.24042,215.33133,2055.3413	
282.6708,138.51195,2551.5608	284.6751,185.48431,2519.0117	252.19603,182.53099,2436.6624	276.13995,221.76593,2196.4324	284.6751,185.48431,2519.0117	315.09784,188.25064,2601.361	332.72162,234.04861,2531.011	286.80286,233.50145,2489.2808	268.38605,282.89062,2407.7175	286.32584,384.54498,2372.18	308.7279,282.47702,2511.382	277.19125,468.9099,2481.307	338.95062,371.48535,2386.174	268.38605,282.89062,2407.7175	331.17575,465.53198,2419.7166	332.47574,258.68478,2271.9937	339.91916,215.69197,2046.6602	
283.10138,136.7445,2550.7039	285.2198,183.67044,2518.585	252.69891,180.75104,2436.6165	275.27008,222.02563,2203.2107	285.2198,183.67044,2518.585	315.69058,186.40579,2600.5535	337.5433,230.61688,2497.614	287.27643,231.73438,2490.2827	268.77637,281.12704,2410.3855	283.669,382.72794,2386.0752	309.13843,280.68887,2513.5754	274.43915,469.2705,2478.2898	331.7014,374.72186,2401.4775	268.77637,281.12704,2410.3855	330.52374,470.10852,2421.3064	331.87158,241.4556,2225.8086	337.07135,215.6569,2045.4384	
283.14514,135.56808,2550.282	285.28214,182.22223,2517.6167	252.6313,179.37,2436.6218	273.78693,222.33342,2212.608	285.28214,182.22223,2517.6167	315.8976,184.89667,2598.6116	340.73798,225.88664,2469.8035	287.3888,230.29947,2489.593	268.85754,279.71344,2410.5823	281.45642,381.1424,2397.249	309.3898,279.23917,2512.5564	274.05215,470.14215,2470.9038	326.75824,376.01715,2412.6064	268.85754,279.71344,2410.5823	331.83163,472.85223,2413.1108	329.07764,226.76703,2199.0608	335.24374,215.64731,2058.21	
283.34103,134.45444,2550.573	285.58542,180.91425,2515.717	252.54001,178.10889,2438.2185	270.60883,222.45612,2230.3064	285.58542,180.91425,2515.717	316.65573,183.55194,2593.2156	342.35944,222.56046,2447.622	287.6683,228.96388,2486.2798	268.81647,278.34714,2408.0403	280.02673,379.54596,2405.112	309.96826,277.98984,2505.6448	273.94077,470.32312,2464.713	323.3926,376.41736,2421.76	268.81647,278.34714,2408.0403	332.71115,474.4529,2403.28	325.4224,215.55199,2181.6362	328.67914,215.24617,2067.8586	
283.65326,133.90651,2549.7058	286.17496,180.4474,2515.1714	253.17209,177.70316,2437.2886	267.45367,222.03355,2242.6375	286.17496,180.4474,2515.1714	317.19534,183.0268,2593.0542	341.7238,220.4846,2442.4133	288.3035,228.5366,2486.6914	269.554,277.97235,2409.1902	279.67868,378.74066,2415.5227	310.5904,277.51697,2507.2327	275.01764,470.4131,2466.3171	320.25543,376.4705,2441.6067	269.554,277.97235,2409.1902	333.17447,474.65088,2407.9763	321.111,206.97122,2183.9343	324.87152,213.81248,2081.7454	
284.4675,132.92781,2557.7854	286.9284,179.26842,2517.5256	254.05798,175.95712,2439.1106	269.1038,220.96347,2237.8	286.9284,179.26842,2517.5256	317.81296,182.37967,2595.9407	341.51883,220.02773,2442.1406	288.9391,227.08545,2483.9033	270.0662,276.09033,2400.9153	278.51105,377.20636,2410.3743	311.1167,276.3343,2499.6467	275.3618,469.73743,2456.9546	318.489,376.03943,2437.625	270.0662,276.09033,2400.9153	333.78033,474.15674,2404.5762	318.61392,201.56396,2195.4402	327.7973,211.68304,2080.1526	
284.41168,132.57718,2552.809	287.1454,178.72287,2516.4543	254.02718,176.01599,2440.1428	274.321,219.80249,2223.3787	287.1454,178.72287,2516.4543	318.31406,181.2704,2592.7659	344.82413,225.70743,2479.1528	289.6223,226.62154,2484.9834	271.11035,275.95813,2405.4646	278.55917,376.33362,2424.7817	312.40656,275.54788,2501.5603	275.87418,467.81897,2476.106	318.4513,374.97263,2455.414	271.11035,275.95813,2405.4646	334.4532,472.9826,2413.3765	316.2578,196.09981,2258.5735	334.8985,207.38405,2074.945	
285.0922,131.00616,2567.8364	287.96173,176.8487,2521.9138	254.97638,173.47943,2445.4678	278.32462,218.85947,2219.6514	287.96173,176.8487,2521.9138	319.0062,180.01971,2598.3599	346.7545,230.16861,2512.003	290.5065,224.20857,2482.3481	272.0322,272.87097,2394.6582	277.791,373.45547,2419.6423	313.41986,273.32532,2490.9067	275.5515,466.87527,2456.4436	317.57645,373.25827,2448.2412	272.0322,272.87097,2394.6582	333.77905,471.92603,2401.121	319.10962,200.44908,2290.6685	337.53284,203.99245,2066.7036	
285.4171,130.95984,2567.4072	287.75314,176.3973,2520.8733	254.09436,173.14006,2451.6409	278.53665,218.86612,2226.881	287.75314,176.3973,2520.8733	319.61258,179.48041,2590.1057	347.1136,235.60301,2537.4587	289.75543,223.76094,2480.1782	270.1902,272.3581,2395.8472	274.6505,372.5213,2427.2021	312.69855,273.03934,2483.1191	272.91837,464.77417,2472.0889	314.87363,372.77823,2456.4958	270.1902,272.3581,2395.8472	331.69232,470.95038,2410.2449	324.90714,199.91464,2324.1155	337.30917,202.24048,2071.4973	
286.28427,130.47774,2575.6501	288.37457,175.42203,2524.467	254.41254,172.07866,2459.5505	272.99307,219.43233,2250.4521	288.37457,175.42203,2524.467	320.63376,178.59775,2589.3835	344.40704,236.11151,2540.7517	290.07703,222.56258,2480.8242	269.9607,270.86792,2396.3247	276.1131,370.85632,2429.1875	312.99872,271.89764,2478.038	273.8761,463.5384,2470.0815	317.14484,371.60968,2456.7808	269.9607,270.86792,2396.3247	332.1451,468.57083,2429.3271	326.47623,204.08466,2314.2559	328.55078,201.48032,2093.9587	
286.69397,130.40973,2570.798	288.15744,175.18439,2520.7043	253.60046,172.18478,2463.5046	272.72507,219.67928,2257.7617	288.15744,175.18439,2520.7043	321.18088,178.05089,2577.904	345.0713,239.68294,2572.9084	289.49463,222.39851,2476.7512	268.54175,270.82166,2396.7588	275.2094,370.48193,2433.7341	312.56638,271.80118,2468.8374	273.31738,463.51828,2470.23	317.26367,371.74634,2451.478	268.54175,270.82166,2396.7588	331.25757,467.9065,2438.2737	328.36386,210.61963,2337.0417	328.0327,201.06577,2102.277	
287.16156,130.31781,2568.8477	288.5536,175.16913,2519.435	253.67429,172.37627,2467.01	271.64166,220.31339,2276.395	288.5536,175.16913,2519.435	322.01096,177.84813,2571.86	346.05975,240.91664,2586.9895	289.63547,222.43251,2475.6775	268.21637,270.9127,2398.9321	276.60187,369.94867,2441.4172	312.69284,271.86777,2464.9077	274.51813,463.40945,2471.441	318.0225,371.35535,2459.695	268.21637,270.9127,2398.9321	331.91968,466.55304,2454.391	327.95932,213.8851,2348.1707	325.71722,201.10966,2119.7034	
288.37225,129.28894,2567.8608	289.56058,174.32658,2520.7183	254.54007,171.76271,2471.0762	274.01904,219.7662,2273.6978	289.56058,174.32658,2520.7183	323.22833,176.79143,2570.3604	347.65002,242.51976,2599.8716	290.5304,221.68597,2479.3433	268.9359,270.24667,2406.735	278.32358,368.87408,2449.6553	313.5587,271.04874,2469.2014	275.30466,462.50696,2474.9963	319.50583,370.11462,2468.6707	268.9359,270.24667,2406.735	333.3946,464.84033,2465.1377	327.57382,217.62973,2360.3315	329.6125,198.56224,2124.7153	
289.67758,129.11542,2575.3567	290.9454,173.83493,2524.899	255.86476,171.47308,2477.856	273.32983,219.37186,2273.8481	290.9454,173.83493,2524.899	324.7427,176.11041,2571.942	348.29553,243.26814,2596.2852	292.0475,221.02014,2481.985	270.51184,269.5171,2409.4656	279.36844,368.4561,2447.4343	315.321,270.206,2468.677	275.93576,462.6668,2467.952	320.79477,369.13336,2471.9866	270.51184,269.5171,2409.4656	334.2074,464.594,2459.2551	326.62634,218.96466,2357.9297	329.65057,196.30856,2130.8772	
290.43167,129.13332,2570.6143	291.6572,173.89447,2523.348	256.34088,171.9845,2481.6567	267.5088,222.29382,2299.422	291.6572,173.89447,2523.348	325.82547,175.74237,2565.039	349.27237,244.4214,2601.2808	292.72955,221.2062,2482.1497	271.00433,269.92505,2414.696	278.9494,369.0656,2447.723	316.18597,270.30093,2467.2068	274.83234,462.7589,2472.7703	320.08997,368.9931,2476.9373	271.00433,269.92505,2414.696	333.39157,465.05124,2454.678	326.88593,220.26118,2364.1313	320.7601,198.17586,2148.9368	
292.45578,129.9491,2560.2778	293.1529,175.27095,2519.5232	257.64316,173.5181,2482.3845	262.24576,223.71056,2325.2458	293.1529,175.27095,2519.5232	327.63095,176.97289,2556.6619	349.70224,245.01495,2603.8806	293.70374,222.95444,2483.9922	271.3994,271.82507,2425.082	279.68967,370.52206,2457.8135	316.70917,272.2149,2471.8403	274.27295,464.32996,2477.2002	319.84717,370.53403,2485.3064	271.3994,271.82507,2425.082	332.94022,466.47934,2461.1116	326.99707,221.51071,2366.2473	311.44586,201.42538,2167.7627	
294.0734,129.73022,2563.581	294.42386,175.29587,2523.315	258.90472,173.48334,2488.5764	258.07495,223.94139,2344.1387	294.42386,175.29587,2523.315	328.97827,177.05917,2558.0535	349.65588,245.00777,2601.7898	294.59866,223.00809,2489.7139	271.92966,271.7284,2434.251	279.7177,370.84222,2455.2695	317.22372,272.31793,2477.9746	274.4239,464.6693,2475.5771	320.28925,370.6012,2488.123	271.92966,271.7284,2434.251	332.37466,466.72095,2462.085	327.42514,222.53027,2361.4543	305.25916,203.13066,2183.3806	
295.7339,129.9288,2555.7524	295.57303,175.87813,2519.6726	259.9159,174.08536,2489.1768	255.84793,223.98885,2360.6038	295.57303,175.87813,2519.6726	330.37735,177.62802,2550.1685	349.93027,245.57234,2600.494	295.26608,223.82698,2489.9238	272.05408,272.54785,2440.975	279.4294,371.94257,2453.4087	317.4948,273.31702,2479.375	274.10757,465.91818,2472.926	321.27795,371.83167,2483.9233	272.05408,272.54785,2440.975	331.81134,468.2439,2458.769	326.7283,222.82861,2362.4243	303.06998,204.37753,2195.6587	
297.05786,129.69849,2560.8203	296.64014,175.40695,2522.1965	260.96716,173.54767,2495.0203	257.22662,224.83492,2366.8113	296.64014,175.40695,2522.1965	331.55252,177.2266,2549.3728	349.6824,246.59602,2603.388	296.06583,223.21169,2490.1128	272.51553,271.74686,2440.9224	280.29144,371.48993,2447.0454	318.1202,272.77472,2475.1357	273.9922,465.3391,2469.4895	322.0638,371.67334,2475.7334	272.51553,271.74686,2440.9224	332.0947,467.9159,2457.3271	326.92352,223.38692,2365.4568	303.70657,204.15067,2194.2463	
298.73422,129.345,2554.8462	298.905,175.6986,2521.1326	263.24176,174.26364,2492.9407	256.92987,223.94897,2373.8953	298.905,175.6986,2521.1326	333.77945,177.10179,2549.3245	349.84363,246.99664,2601.8347	298.90668,223.66165,2492.4658	276.0311,272.52432,2446.0547	284.96136,371.8709,2453.9077	321.4585,272.95425,2481.5435	276.80133,465.40167,2475.3638	325.43973,371.45523,2484.827	276.0311,272.52432,2446.0547	334.8857,467.35284,2467.1265	328.40393,223.80257,2361.6033	302.96844,204.59908,2201.4158	
300.17322,128.66946,2551.8525	300.27368,175.34506,2520.5583	264.61368,173.98148,2492.1423	259.53717,224.31758,2371.4373	300.27368,175.34506,2520.5583	335.13864,176.67825,2548.9744	351.31665,246.96611,2601.992	300.35727,223.37975,2493.4595	277.59857,272.30588,2448.475	283.75845,372.06512,2450.228	322.9579,272.6317,2484.246	274.86365,465.6098,2472.2903	324.34888,371.31277,2482.8044	277.59857,272.30588,2448.475	333.06543,467.44836,2464.0515	329.6979,224.12901,2361.6853	305.63135,203.93924,2196.2593	
301.58618,129.3584,2550.868	301.34866,175.87784,2519.3916	265.64972,174.4869,2492.7483	259.16138,225.14304,2375.7263	301.34866,175.87784,2519.3916	336.30045,177.23969,2546.035	351.81964,247.66426,2601.6394	301.3015,223.90135,2491.1025	278.35028,272.8019,2446.041	283.8412,373.068,2441.0767	323.8464,273.25125,2479.586	275.12894,466.13196,2470.7979	324.17307,372.19153,2477.234	278.35028,272.8019,2446.041	332.67807,468.78745,2455.8955	331.11896,224.21078,2361.0012	303.5983,203.7309,2204.5222	
303.47217,129.4636,2550.8708	302.25647,176.00134,2519.7087	266.5954,173.8688,2493.2822	258.1373,225.34383,2382.865	302.25647,176.00134,2519.7087	337.17725,178.0896,2546.1353	350.7483,243.31589,2572.8123	301.18744,223.99875,2491.2632	277.19357,272.39685,2446.179	282.15125,372.5728,2443.7422	322.68646,273.80347,2479.4563	273.8365,464.9666,2478.9763	322.937,372.68008,2478.6802	277.19357,272.39685,2446.179	329.90338,468.49655,2467.0627	330.45633,222.51205,2328.4033	301.9883,204.2283,2206.8516	
305.05225,130.05965,2551.8638	303.69254,176.40332,2519.2236	268.08405,173.87344,2491.3252	255.5859,225.7494,2392.1826	303.69254,176.40332,2519.2236	338.521,178.87776,2547.122	352.73727,246.8044,2587.4539	302.25116,224.36028,2489.4543	277.8865,272.55154,2442.1228	284.56628,372.52402,2444.6018	323.3387,274.39148,2477.2473	276.1122,466.2301,2467.134	325.6679,373.54562,2471.9622	277.8865,272.55154,2442.1228	331.8175,469.4256,2463.479	333.51627,223.71529,2345.029	302.30124,205.8362,2220.6362	
305.90683,130.78311,2550.3801	304.943,177.1144,2518.3445	269.3643,174.91037,2488.5056	258.66403,225.8944,2392.1018	304.943,177.1144,2518.3445	339.68845,179.26682,2548.1833	355.16946,246.97993,2586.161	304.086,225.13176,2489.1638	280.3629,273.62164,2441.1982	286.77518,373.5606,2445.5208	325.70822,274.9449,2478.768	277.59506,466.3948,2475.1501	327.32004,373.8542,2477.4878	280.3629,273.62164,2441.1982	334.1016,469.9544,2463.5688	333.62167,224.69817,2346.067	305.5196,204.74991,2222.833	
307.41153,130.26122,2550.126	306.3446,176.66197,2519.321	270.77777,174.39531,2490.2048	265.03107,225.3026,2382.053	306.3446,176.66197,2519.321	341.0987,178.87685,2548.4373	356.57266,246.59636,2575.6367	305.3381,224.68367,2490.873	281.4826,273.08975,2444.0974	285.79694,373.38135,2441.344	326.7969,274.52942,2480.7527	277.08368,465.68552,2477.6343	326.73337,373.67487,2473.36	281.4826,273.08975,2444.0974	333.80255,469.214,2467.3472	332.8907,223.83331,2339.709	313.18866,201.62895,2214.3489	
