379.5489,130.08913,2648.9978	379.5393,175.5264,2634.5967	345.28418,175.90091,2652.86	338.04926,219.6994,2529.1323	379.5393,175.5264,2634.5967	414.27267,175.14667,2616.3333	427.75928,229.82263,2553.402	379.39835,220.62114,2618.7788	358.0511,266.10907,2614.1018	348.95746,356.0011,2635.6814	400.64258,266.42017,2591.82	332.051,450.63123,2578.8254	413.29257,360.0778,2492.4768	358.0511,266.10907,2614.1018	442.79388,453.36743,2416.07	401.09137,249.5863,2349.5925	354.57315,194.69258,2290.7803	
379.60968,130.14117,2653.4634	380.06793,175.21216,2634.492	345.79507,176.07504,2651.7673	340.45462,220.24689,2523.594	380.06793,175.21216,2634.492	414.79324,174.33789,2617.2166	426.82874,230.41315,2557.1973	380.63254,220.21542,2615.2568	359.9354,266.05444,2606.558	350.35294,356.06305,2630.0776	402.64902,265.71533,2585.4854	333.54907,450.15918,2578.688	415.65698,359.55994,2485.0667	359.9354,266.05444,2606.558	444.57748,453.0109,2414.2996	402.26123,249.2901,2347.756	354.81012,194.48401,2289.2305	
380.21716,129.41013,2646.2974	380.43875,174.9721,2630.4055	346.1177,175.6997,2648.5483	341.97812,220.0968,2510.796	380.43875,174.9721,2630.4055	415.23657,174.23439,2612.2627	427.34286,230.69351,2554.581	380.77475,220.10417,2613.1772	359.8485,265.90045,2607.0132	348.25854,355.50806,2633.0679	402.5639,265.76956,2584.8848	331.68707,449.3161,2585.0674	414.07953,359.76886,2483.6677	359.8485,265.90045,2607.0132	441.85117,453.09717,2420.9216	402.82495,249.31085,2347.8354	352.8574,194.28195,2273.4321	
381.08557,130.05013,2642.634	380.82532,175.58398,2627.3528	346.46133,175.95616,2645.5925	342.02988,220.38754,2507.3943	380.82532,175.58398,2627.3528	415.6698,175.20659,2609.113	428.11523,230.26654,2551.7766	380.6892,220.80745,2611.532	359.28262,266.42422,2606.8354	347.77646,356.86517,2616.0623	402.00327,266.7415,2584.587	331.11252,450.03662,2582.6418	414.972,360.61267,2479.1526	359.28262,266.42422,2606.8354	441.2705,454.18652,2422.0989	404.5503,249.2135,2344.0203	352.1875,193.84552,2269.0654	
381.73392,130.58649,2641.534	381.0489,175.90456,2624.7134	346.6699,175.94774,2644.0627	341.66385,220.69101,2511.2085	381.0489,175.90456,2624.7134	415.93854,175.86073,2605.364	428.85553,231.84952,2547.3877	380.41367,221.17622,2609.188	358.49768,266.60403,2605.464	347.41504,357.57037,2606.0303	401.23853,267.37924,2581.861	330.93823,449.8699,2582.0505	416.34985,360.78473,2458.545	358.49768,266.60403,2605.464	442.59106,453.60748,2422.2432	404.67584,249.72697,2336.611	351.20786,194.50266,2268.834	
382.57477,130.58502,2640.2896	381.68768,176.01337,2622.5645	347.2806,176.10008,2642.346	342.70468,220.18585,2516.5984	381.68768,176.01337,2622.5645	416.61774,175.92535,2602.783	428.25403,233.88606,2546.6406	381.0938,221.33987,2607.5703	359.211,266.82202,2604.6404	349.08466,358.26782,2597.5203	401.97412,267.56277,2580.512	332.8097,449.31018,2584.886	419.45898,360.23816,2439.9214	359.211,266.82202,2604.6404	446.8847,450.39215,2435.2031	407.63364,249.90137,2326.5166	350.4385,195.03792,2268.963	
383.42438,131.2026,2640.722	382.40894,176.69653,2620.1118	348.07013,176.99783,2644.46	345.84525,221.33116,2508.3103	382.40894,176.69653,2620.1118	417.3919,176.38956,2595.7637	430.0632,235.35692,2541.8184	381.8423,222.01463,2602.895	359.9687,267.60196,2600.5344	349.94534,359.48828,2586.6086	402.81372,268.27438,2570.822	332.34247,450.28406,2581.2922	420.38837,360.79803,2414.5095	359.9687,267.60196,2600.5344	451.35333,448.6601,2429.7073	412.9499,249.94968,2313.0083	348.58075,194.59952,2260.4111	
384.7743,131.9843,2630.446	384.0549,177.36758,2612.3022	349.533,177.63216,2633.5662	346.57687,223.88786,2508.1555	384.0549,177.36758,2612.3022	419.14343,177.09866,2591.0383	432.01404,237.6805,2538.9194	383.64725,222.89099,2597.725	361.88098,268.63452,2596.1165	352.16315,360.7731,2581.2283	404.8045,269.22485,2570.1794	333.58804,450.4206,2580.787	422.89313,361.91003,2414.7234	361.88098,268.63452,2596.1165	458.12878,448.0462,2431.3652	419.8849,250.09294,2299.1428	344.99918,195.68466,2265.9028	
387.09326,132.29308,2625.2107	386.93304,178.15744,2604.0444	352.5219,179.36394,2633.4133	349.63766,227.81662,2512.0164	386.93304,178.15744,2604.0444	422.12924,176.9234,2574.6755	435.72333,241.22458,2554.3528	387.34433,223.75266,2586.25	366.3561,270.0931,2586.3933	357.27832,362.42596,2577.2817	409.4676,269.86456,2550.5178	336.47058,450.83423,2577.8672	426.42505,363.207,2386.9895	366.3561,270.0931,2586.3933	465.84137,448.47217,2405.7332	435.4535,249.05634,2303.5408	340.3851,199.63205,2280.4705	
389.32,133.11409,2613.1577	390.3731,178.93927,2592.136	355.8007,181.08255,2622.418	348.72,230.95398,2518.9795	390.3731,178.93927,2592.136	425.76282,176.7453,2561.854	443.27588,243.63957,2565.161	392.0385,224.71841,2574.0059	372.23547,271.81677,2574.3347	362.3129,363.8189,2579.3264	415.53238,270.46756,2537.4167	337.33224,451.5974,2572.8606	428.44397,365.00696,2380.0388	372.23547,271.81677,2574.3347	469.289,448.16516,2411.883	452.21188,242.93578,2316.6008	336.64832,202.4673,2296.8933	
391.4242,134.26361,2616.091	393.20184,179.49689,2589.0898	358.87213,182.55566,2626.6653	346.4972,233.21822,2535.9607	393.20184,179.49689,2589.0898	428.5427,176.34802,2551.5144	450.96027,244.07089,2571.9841	395.6239,225.1707,2566.0015	376.59567,272.76123,2565.8481	363.8347,364.34576,2577.912	419.9754,270.5668,2519.978	335.62244,450.89948,2574.4678	427.22522,365.6733,2357.785	376.59567,272.76123,2565.8481	467.9573,447.4987,2406.0203	465.30194,236.2425,2330.9216	331.90277,205.53748,2323.4968	
394.05112,136.99405,2599.3594	397.1222,182.63255,2576.8535	363.32217,186.98334,2626.2327	350.28653,235.28976,2546.658	397.1222,182.63255,2576.8535	432.24292,178.11176,2527.4744	454.8987,244.62737,2542.2979	400.8979,228.5484,2556.626	383.6871,276.8152,2566.3179	371.16022,368.44855,2572.7646	426.28302,273.53937,2506.479	338.3211,453.01575,2584.6033	430.3838,369.4673,2345.0986	383.6871,276.8152,2566.3179	471.40918,450.31073,2401.94	481.21112,222.3727,2349.5315	327.0778,207.32837,2360.6277	
396.3556,139.07776,2591.7017	399.94385,185.12221,2570.9011	366.61603,189.9524,2629.4004	352.40344,236.3248,2567.749	399.94385,185.12221,2570.9011	434.82367,180.06711,2512.4019	462.19165,243.13206,2514.1206	404.10226,231.18088,2551.6982	387.49203,279.6568,2568.0083	371.99634,371.15778,2568.8286	429.74802,276.17035,2496.9824	335.57025,452.06418,2587.2705	426.32947,371.76105,2346.3062	387.49203,279.6568,2568.0083	470.85526,451.30377,2398.9688	492.60455,208.44348,2364.6216	323.0823,208.67123,2400.431	
397.99396,139.84253,2587.3325	402.5586,185.6844,2566.6294	369.78232,191.3071,2632.896	353.99826,237.29733,2595.249	402.5586,185.6844,2566.6294	437.0722,179.76367,2500.3628	469.03754,238.6872,2497.484	407.5672,231.75604,2547.3135	392.05234,280.58102,2568.3123	376.21677,372.21323,2567.2844	433.92007,276.41602,2487.6829	336.5662,450.356,2584.5645	426.7982,371.22223,2343.239	392.05234,280.58102,2568.3123	473.35632,448.8938,2401.0193	500.01907,194.24078,2375.7034	319.05484,209.53868,2448.038	
399.3722,139.37245,2585.1287	405.53586,185.07988,2561.2253	373.13998,192.09317,2631.4265	355.30054,237.6741,2627.0225	405.53586,185.07988,2561.2253	439.7577,177.6713,2491.0242	478.75067,231.64766,2470.6382	412.1869,230.95848,2538.1406	398.443,280.52496,2557.7993	382.00674,372.39624,2558.8516	440.18652,274.7352,2472.3125	338.25455,450.36,2573.1846	429.137,369.83667,2337.5337	398.443,280.52496,2557.7993	476.27493,447.55896,2394.79	503.46265,179.79019,2373.6672	316.77255,210.30214,2494.828	
400.0355,137.72845,2584.6438	407.4063,183.49513,2557.74	375.58322,191.41011,2633.473	357.4884,233.14108,2671.948	407.4063,183.49513,2557.74	441.1714,175.09714,2482.007	488.03973,221.40585,2443.249	414.90125,229.24396,2531.6924	402.2652,279.24957,2551.7944	384.49487,370.3284,2567.3303	443.6001,272.5143,2459.495	335.4445,449.80542,2571.425	425.96225,369.16272,2342.2588	402.2652,279.24957,2551.7944	474.61078,446.7116,2394.0515	504.34595,163.50888,2364.593	316.68423,209.48247,2531.5947	
400.38678,134.82437,2576.0823	408.97662,180.60753,2551.805	378.44543,189.34984,2638.055	357.234,228.54707,2706.7542	408.97662,180.60753,2551.805	441.6439,171.25357,2465.555	494.38522,208.30923,2408.9863	417.4261,226.33769,2527.2268	406.42743,276.5765,2555.358	387.22766,366.78055,2579.9485	446.4995,269.2003,2449.9395	339.56854,447.5808,2573.8428	427.5811,364.3393,2346.5508	406.42743,276.5765,2555.358	472.7013,444.0189,2397.22	502.07455,147.42355,2344.1602	316.26587,205.67386,2552.3484	
400.30432,131.85172,2571.0066	409.96234,177.61862,2548.2024	380.4604,186.97214,2642.0488	356.02206,219.34604,2742.2207	409.96234,177.61862,2548.2024	441.7204,167.54979,2454.356	498.61295,191.30307,2375.4102	419.25357,223.28882,2525.2295	409.73315,273.6228,2559.4604	387.7371,363.4978,2575.921	448.58588,265.7934,2445.0527	344.19785,447.27686,2565.5212	429.06586,359.29816,2357.2458	409.73315,273.6228,2559.4604	470.44986,441.05426,2404.891	494.77423,128.33827,2319.548	316.04123,202.91025,2566.2961	
400.28427,129.39252,2568.019	410.67456,174.6774,2545.2996	382.21274,184.44849,2646.0264	356.61728,212.3411,2772.0286	410.67456,174.6774,2545.2996	441.48187,164.1011,2444.5728	499.83752,175.05875,2345.1626	420.45276,220.30786,2522.8657	412.01398,270.7021,2561.8313	389.42438,360.65997,2573.1357	449.72485,262.61353,2439.0325	347.87592,447.73462,2558.0913	434.88306,358.95886,2366.4988	412.01398,270.7021,2561.8313	469.30945,443.55435,2412.3933	485.0456,112.68157,2285.1514	318.03412,198.11403,2582.6016	
399.8955,126.28851,2575.0671	410.43225,170.93555,2548.1255	383.40726,181.3198,2656.011	359.60864,207.84743,2813.4844	410.43225,170.93555,2548.1255	439.84686,159.63309,2440.24	499.18155,160.24838,2319.0552	420.51617,216.34001,2522.8247	413.19888,266.87308,2563.3389	391.95352,357.34268,2569.8447	449.36298,258.22787,2431.709	351.04163,446.2837,2553.9001	438.9565,356.2559,2373.1162	413.19888,266.87308,2563.3389	467.623,443.45538,2413.9263	474.9447,100.678406,2248.2097	319.01343,199.07053,2636.271	
399.5165,124.05992,2570.0989	410.22687,168.77676,2544.6125	383.44104,179.16113,2654.5742	361.7343,205.8185,2839.2336	410.22687,168.77676,2544.6125	439.43228,157.45436,2434.651	495.08417,147.26532,2295.016	420.41806,214.26392,2521.2112	413.38626,264.7496,2564.749	393.17056,355.62262,2566.2412	449.17322,256.2288,2430.8706	354.02588,447.73776,2550.165	442.94482,354.98053,2385.4722	413.38626,264.7496,2564.749	466.90808,443.89563,2421.007	461.38226,93.67624,2212.3882	323.57343,197.48645,2673.627	
398.9898,123.1067,2567.6206	409.70676,167.46004,2542.259	383.41666,177.90448,2654.9363	360.37946,196.61786,2850.6104	409.70676,167.46004,2542.259	438.43536,156.04681,2429.5818	489.32953,137.06915,2273.0012	419.9906,212.98177,2519.4944	413.32544,263.46167,2565.398	393.3604,354.7957,2554.08	448.5678,254.97205,2428.0615	357.2445,447.94952,2547.4023	444.1056,354.11188,2391.4707	413.32544,263.46167,2565.398	466.56976,444.04193,2421.3608	446.7903,92.145645,2185.198	324.01306,194.27151,2688.3608	
398.62808,122.51693,2566.905	408.91586,166.67882,2541.1921	383.76645,177.10706,2658.9944	361.56805,187.16931,2859.8123	408.91586,166.67882,2541.1921	436.51035,155.23672,2423.39	481.39502,131.16507,2252.0103	419.1169,212.23299,2518.482	413.0343,262.63223,2567.6584	393.58148,354.0397,2555.7678	446.94977,254.36192,2423.885	357.32663,448.04147,2545.6528	444.81372,353.81943,2392.7976	413.0343,262.63223,2567.6584	465.02417,444.56635,2420.6714	432.8151,94.16821,2157.089	323.58124,192.918,2701.3872	
397.66415,122.52,2572.5388	407.38113,166.58832,2545.2202	383.77844,177.125,2668.5742	357.0949,184.16766,2858.9133	407.38113,166.58832,2545.2202	433.38812,154.9783,2421.8662	473.73242,126.7975,2234.512	417.55875,212.02461,2521.0635	412.38547,262.32663,2572.1987	393.84955,353.84146,2558.0264	444.44797,254.10558,2421.6147	354.40448,449.03433,2539.7925	443.85815,353.6372,2396.1125	412.38547,262.32663,2572.1987	464.30566,444.2318,2424.3228	420.87967,99.93999,2132.9976	323.486,194.39543,2686.3635	
397.4376,123.203545,2580.8845	405.86053,167.16104,2550.2231	383.34775,177.78848,2677.0898	350.6673,183.50313,2845.0173	405.86053,167.16104,2550.2231	430.73047,155.4209,2423.3564	466.00958,121.950935,2217.299	415.5196,212.49765,2522.935	410.52484,262.8108,2572.9792	392.15024,354.29837,2560.2869	441.2056,254.58574,2418.3147	349.3159,450.52112,2529.438	441.9206,354.23462,2395.9622	410.52484,262.8108,2572.9792	463.59738,444.84045,2421.7473	409.5839,110.6225,2118.315	320.83887,200.82065,2663.0667	
395.59552,122.99655,2572.9978	403.8683,167.3848,2546.2358	382.96402,177.43658,2678.6287	346.19086,183.50778,2833.9905	403.8683,167.3848,2546.2358	427.06567,156.23041,2413.843	454.55206,121.3716,2200.6394	413.46094,212.93385,2523.0088	409.3774,262.81958,2580.6145	392.20126,354.29736,2566.8389	438.01224,255.60583,2418.949	346.4458,450.52185,2528.8438	439.15747,355.20325,2398.7896	409.3774,262.81958,2580.6145	464.54657,444.39172,2426.481	399.37897,127.43374,2106.6057	319.41602,206.797,2651.1562	
394.1304,124.69807,2569.0674	401.9449,169.054,2543.209	381.62595,178.72774,2677.6985	342.6283,186.47275,2823.9949	401.9449,169.054,2543.209	424.53287,158.30002,2408.7195	442.2396,124.72283,2186.3186	411.42966,214.753,2521.9458	407.63617,264.41486,2582.6045	389.3053,355.74457,2563.695	435.4256,257.82764,2418.7607	343.98267,453.82404,2517.7131	438.26602,357.44644,2398.5334	407.63617,264.41486,2582.6045	464.22733,447.1878,2420.3945	391.48236,148.27333,2097.9968	318.41388,213.3117,2637.624	
392.15524,126.672935,2558.5815	400.12076,171.56418,2538.516	380.17053,180.54956,2674.5835	338.72482,191.7861,2815.4883	400.12076,171.56418,2538.516	422.3308,161.56097,2402.4487	431.35486,133.34155,2169.627	409.90433,217.4184,2522.429	406.62213,266.56213,2589.2769	385.93225,357.14844,2569.1987	433.90768,260.97552,2423.4067	343.83923,455.34308,2516.8872	436.86343,360.3789,2404.8179	406.62213,266.56213,2589.2769	465.33344,449.73065,2420.9219	383.74228,170.01941,2102.2588	318.94376,220.97052,2619.9712	
389.5177,128.36623,2552.8203	396.64825,173.6015,2540.613	375.97723,181.59671,2674.8455	335.66043,197.90291,2802.212	396.64825,173.6015,2540.613	419.62543,164.71432,2406.3806	422.14465,144.19681,2160.2727	405.65607,219.65553,2529.9812	401.20386,268.2018,2601.2336	377.53207,357.75592,2573.3691	429.18542,263.8534,2437.465	338.54727,455.04242,2520.0903	429.90286,362.81552,2416.015	401.20386,268.2018,2601.2336	463.00787,450.9849,2423.403	379.197,191.08014,2106.7385	321.09113,228.58194,2597.6677	
387.20596,130.39331,2550.4001	393.31555,175.93542,2546.0615	371.45648,182.83652,2676.5186	332.16113,205.06607,2792.537	393.31555,175.93542,2546.0615	417.53564,168.28894,2415.6045	417.29242,159.46771,2157.0552	401.40094,222.10875,2541.421	395.37222,269.9446,2616.419	372.39,359.42804,2576.7998	424.57642,266.86057,2457.1416	337.70193,455.11798,2524.8328	425.02557,365.51102,2421.094	395.37222,269.9446,2616.419	462.3632,451.61774,2429.261	375.52274,210.11089,2116.7466	321.5573,235.73091,2577.62	
384.35138,132.53781,2549.3145	389.76093,178.24214,2545.2979	371.9592,184.0368,2685.3586	332.62238,211.39864,2792.3042	389.76093,178.24214,2545.2979	409.63586,171.77261,2405.237	413.36023,174.75456,2161.5828	397.55347,224.51054,2543.9263	393.65393,271.4358,2628.7336	372.4796,361.15488,2577.089	417.87592,270.17935,2456.3757	341.65378,455.3297,2522.281	416.81793,369.27414,2403.0095	393.65393,271.4358,2628.7336	459.8847,454.06033,2405.4224	371.9439,227.82796,2138.3806	322.71786,240.7885,2569.2488	
381.58975,134.9306,2549.2585	386.57434,180.9238,2544.0674	369.8768,186.15204,2687.2297	334.38696,219.04955,2785.6716	386.57434,180.9238,2544.0674	405.26315,175.07204,2400.905	409.87347,189.6811,2173.8367	393.93262,227.29906,2544.1074	390.45288,273.8508,2631.0461	366.9949,363.02435,2566.5256	412.895,273.48233,2457.2488	339.86566,456.93448,2511.463	412.7751,372.72296,2403.552	390.45288,273.8508,2631.0461	461.43484,454.69623,2402.969	368.42587,242.65181,2169.6592	322.4503,246.55989,2553.1055	
378.91278,137.78455,2548.7058	383.69168,184.14876,2541.6987	367.36902,188.88571,2685.9802	337.83627,226.0128,2786.3416	383.69168,184.14876,2541.6987	401.97903,178.84164,2397.4172	405.71332,204.55133,2184.4268	390.59018,230.64273,2542.9404	386.89307,276.93274,2631.9148	362.2825,365.91107,2566.222	408.82715,277.26126,2456.4495	339.86978,457.56122,2510.6086	408.3753,376.64734,2403.057	386.89307,276.93274,2631.9148	462.2716,455.56122,2400.2595	364.10443,257.5739,2206.918	323.3141,250.98518,2549.3337	
376.44733,140.06148,2548.4446	381.00653,186.38571,2539.644	365.30435,190.88045,2685.177	339.4544,231.14447,2786.6924	381.00653,186.38571,2539.644	398.6177,181.34451,2394.111	402.3663,217.59119,2202.7358	387.38184,232.99527,2540.3809	383.5593,279.23196,2629.7505	358.51932,368.2924,2563.082	404.68445,279.94864,2452.4849	340.42828,456.64148,2506.6406	404.35602,379.58044,2399.2458	383.5593,279.23196,2629.7505	461.18948,455.74176,2403.5964	361.03296,270.3168,2244.582	324.28336,253.99844,2559.978	
374.61667,143.42105,2548.2615	378.6632,189.91542,2535.2896	362.67715,194.85194,2679.9932	339.3703,235.7807,2784.3306	378.6632,189.91542,2535.2896	396.58456,184.38127,2390.586	398.62668,229.51862,2219.3208	384.16327,236.68741,2530.255	379.321,283.56818,2613.422	353.9574,373.27972,2549.9612	400.79974,283.72925,2437.0183	339.99515,458.71967,2495.5554	400.91827,384.1656,2381.8296	379.321,283.56818,2613.422	460.01837,458.52524,2393.434	357.49115,281.4449,2286.068	324.68158,257.80774,2549.8853	
373.22552,146.23132,2547.681	377.7828,192.82501,2526.9233	360.82355,199.16486,2668.6594	341.0714,244.65607,2763.6743	377.7828,192.82501,2526.9233	396.75763,185.73169,2385.1873	392.15222,240.1808,2243.6008	383.2287,239.62479,2511.2454	377.6728,287.85663,2582.115	352.4611,378.75693,2528.3604	400.60858,286.1079,2409.0198	343.112,458.8263,2484.1855	401.9342,387.28656,2367.4407	377.6728,287.85663,2582.115	464.12494,458.90424,2384.9993	351.7395,291.04117,2329.655	325.38507,259.87967,2523.086	
372.09708,149.27869,2547.9075	376.61072,195.4148,2522.8286	359.3963,202.38942,2663.558	341.0128,252.58731,2730.3394	376.61072,195.4148,2522.8286	395.8591,187.61606,2382.099	389.10184,247.73256,2258.7766	381.80667,242.25046,2501.247	375.85083,291.1557,2565.4268	349.1512,381.23114,2541.0173	399.14084,288.5572,2393.9043	343.7509,456.16846,2501.2324	394.62158,388.9958,2375.4263	375.85083,291.1557,2565.4268	463.14133,451.35822,2404.8857	345.2183,294.44464,2361.8384	323.6451,259.9991,2482.8228	
371.04117,152.2394,2547.5476	376.14703,198.15787,2517.5164	358.52927,206.09723,2656.4458	340.2796,257.59677,2694.6887	376.14703,198.15787,2517.5164	395.82288,189.29105,2378.587	382.727,253.76302,2286.388	381.74863,244.91403,2488.9712	375.8884,294.65967,2545.156	348.76987,384.651,2538.9678	399.89886,290.7147,2375.696	346.08182,456.3178,2499.5862	392.0987,390.95987,2372.1843	375.8884,294.65967,2545.156	466.13757,449.0386,2391.5037	337.52866,298.30655,2399.0837	320.25076,257.87466,2451.4263	
370.8859,154.89767,2557.3562	375.6744,199.6883,2519.942	358.17166,208.4386,2658.2144	340.1317,259.8462,2674.3657	375.6744,199.6883,2519.942	395.20947,189.92194,2381.6694	378.36227,257.20306,2303.6711	380.9493,246.21889,2484.207	374.82193,296.5642,2532.777	345.84448,385.4234,2545.1433	398.75858,291.476,2364.1672	344.8332,454.8501,2505.577	382.02155,392.55548,2366.121	374.82193,296.5642,2532.777	460.25934,439.83466,2408.9824	331.28577,299.2009,2425.788	317.1321,255.2742,2434.0957	
371.20505,156.88498,2561.836	375.71027,201.3893,2523.345	357.86786,210.19704,2660.6675	337.44562,261.4282,2649.664	375.71027,201.3893,2523.345	395.60638,191.56775,2386.0225	377.1282,258.37186,2315.8184	380.289,247.85904,2484.8433	373.26526,298.3145,2530.0583	344.3919,386.80118,2551.59	397.591,293.08966,2362.6248	344.69043,453.2953,2516.7468	377.98108,396.27142,2368.7966	373.26526,298.3145,2530.0583	457.1634,440.39252,2421.8206	326.55814,298.7115,2435.2974	313.11145,254.07953,2415.4614	
372.10483,158.83105,2563.979	375.63596,203.35953,2532.5288	358.08633,210.42035,2671.7876	337.9142,262.8429,2641.8586	375.63596,203.35953,2532.5288	395.22794,195.47702,2393.27	377.5788,258.73007,2319.4355	378.94916,250.03064,2503.026	370.94427,299.17618,2558.4326	343.19955,387.34302,2571.2551	394.5487,296.3572,2388.6133	344.9022,450.75235,2543.9841	379.98486,396.67676,2390.4478	370.94427,299.17618,2558.4326	455.69885,444.34018,2446.5073	322.72513,298.05225,2436.2678	310.0115,252.2679,2419.6572	
373.86823,160.28241,2565.5298	376.10016,205.49237,2542.9585	358.0135,210.62209,2681.9038	336.0796,263.6037,2632.392	376.10016,205.49237,2542.9585	396.2776,199.76968,2404.0132	378.651,258.41544,2320.6794	378.0559,252.23715,2523.264	368.47906,299.8742,2588.345	340.39087,388.37418,2567.9934	392.41632,299.54956,2418.7937	344.80765,449.74344,2550.184	376.34476,398.22418,2385.8904	368.47906,299.8742,2588.345	452.74747,443.05212,2452.4177	320.18314,296.39017,2428.6763	307.34842,248.41782,2414.1763	
375.8324,161.05681,2565.823	377.43805,206.62697,2548.7957	358.89832,210.68904,2687.2622	333.8397,261.11682,2630.175	377.43805,206.62697,2548.7957	398.10788,202.09819,2410.329	382.022,257.78894,2317.8218	378.57056,253.39357,2534.339	367.98303,300.20306,2604.2715	340.59363,389.39102,2545.7593	392.26212,301.2247,2435.4937	347.07904,450.16052,2537.1448	376.05066,399.26422,2366.0483	367.98303,300.20306,2604.2715	453.59058,442.24054,2438.8135	321.51483,294.90753,2395.7285	304.8643,243.95264,2418.08	
378.5185,161.55429,2574.8655	379.03073,207.1246,2555.7258	359.43344,210.90489,2691.5803	331.43927,259.81433,2624.4587	379.03073,207.1246,2555.7258	400.82843,202.91985,2419.8713	384.39618,257.3048,2319.3076	378.75867,253.75322,2538.9849	366.15353,300.39725,2605.086	336.5021,389.13885,2513.2974	391.6499,301.6454,2439.4019	346.13278,450.68118,2522.3628	374.693,399.53522,2340.6816	366.15353,300.39725,2605.086	452.20334,441.01215,2426.3838	322.9362,293.77466,2364.2708	302.70154,239.6621,2413.5273	
381.42584,162.5152,2579.406	381.0509,208.46559,2559.2048	360.22162,211.87921,2691.7334	327.93228,258.3994,2620.123	381.0509,208.46559,2559.2048	404.15527,204.67912,2426.6763	385.60434,257.78525,2323.5674	379.7866,255.0108,2540.9312	365.44675,301.4717,2603.499	333.67178,389.73102,2495.9573	392.4258,303.03925,2441.816	351.7566,449.99194,2528.81	377.31924,400.71567,2333.4102	365.44675,301.4717,2603.499	455.33652,439.03955,2428.0999	325.06174,293.9697,2318.2678	298.86325,234.97075,2412.8113	
384.20892,162.9664,2581.1282	383.1828,209.35518,2561.4104	360.46082,212.31299,2687.706	326.38763,256.12384,2623.418	383.1828,209.35518,2561.4104	408.26172,206.09055,2435.1147	389.11053,258.86252,2328.1602	381.09705,255.8151,2541.535	364.74762,302.09576,2598.8132	322.1574,380.3241,2460.1963	394.1075,303.97656,2444.5056	354.0163,447.45123,2527.6226	379.33655,400.8694,2322.2708	364.74762,302.09576,2598.8132	456.17908,435.9403,2435.6514	331.7099,293.6525,2275.119	295.92047,231.22726,2422.704	
387.08392,163.22865,2591.0154	385.35565,209.44313,2567.2373	361.4281,212.2913,2689.3083	323.99072,253.14441,2621.5938	385.35565,209.44313,2567.2373	411.67227,206.31056,2445.1663	395.11154,261.22787,2332.9697	382.26157,255.62059,2542.5627	364.15573,301.8273,2592.2947	316.10696,375.5506,2433.1692	394.96848,303.63226,2443.4817	355.68546,445.2777,2526.8823	381.0099,398.62766,2307.2869	364.15573,301.8273,2592.2947	455.73764,436.21936,2427.6973	339.9391,290.3188,2244.0923	292.95978,226.4259,2424.5632	
390.22125,163.57611,2586.989	387.76883,210.00375,2566.2358	362.59662,212.14351,2683.759	322.97684,250.63217,2624.2117	387.76883,210.00375,2566.2358	415.35727,207.6586,2448.7126	398.81927,261.53006,2338.9104	383.93146,256.16434,2542.0972	364.32587,301.98273,2589.6294	313.42813,374.82703,2418.6816	396.63486,304.5091,2446.2876	357.42078,445.25522,2530.0383	384.09857,400.00244,2301.684	364.32587,301.98273,2589.6294	461.1268,432.8664,2423.3965	350.1465,286.15607,2204.1843	290.4361,223.68054,2431.8938	
393.74686,163.871,2584.9592	390.7139,210.51219,2564.6648	363.974,212.05133,2675.3523	321.49835,247.74648,2624.002	390.7139,210.51219,2564.6648	419.86603,208.83418,2453.9773	403.28253,262.20148,2337.8633	386.24664,256.6117,2539.0938	365.00623,302.18497,2581.088	312.28595,373.69336,2403.2239	399.29242,305.1943,2445.9575	358.93256,445.18304,2526.402	387.5042,399.96063,2291.677	365.00623,302.18497,2581.088	464.141,430.32605,2423.6294	362.90433,283.4291,2162.5872	288.23703,219.47021,2441.514	
396.33597,164.13559,2602.4663	392.0961,210.03105,2573.891	364.71317,211.53384,2681.345	320.44217,245.09082,2629.4287	392.0961,210.03105,2573.891	421.865,208.39732,2466.4373	409.8682,263.03262,2349.357	386.6954,255.61458,2541.649	364.06384,300.9754,2574.8625	310.97824,372.77374,2400.3113	399.16357,303.8382,2443.951	357.44006,443.50854,2528.4004	387.7527,395.5885,2281.0393	364.06384,300.9754,2574.8625	459.69366,430.4399,2425.9011	378.86798,280.10013,2147.9307	286.13495,215.44942,2449.8838	
398.6251,163.23242,2610.7478	394.1001,208.64893,2579.2104	365.61252,209.88751,2680.392	319.80243,242.01283,2632.6648	394.1001,208.64893,2579.2104	424.91406,207.30917,2478.0288	415.62042,262.5474,2360.1343	388.4307,253.97554,2543.6953	364.74835,299.16544,2569.9153	313.17575,371.28613,2384.7861	401.35416,302.0778,2446.445	359.21912,442.94873,2528.8308	393.25974,391.6529,2279.6992	364.74835,299.16544,2569.9153	460.4933,432.11853,2428.649	396.54053,275.5541,2131.4385	283.88562,212.382,2457.4307	
401.4681,162.00478,2616.8928	396.36664,207.00891,2583.7637	366.8971,207.86386,2678.8223	319.03818,238.61238,2632.2905	396.36664,207.00891,2583.7637	428.0874,206.08865,2488.705	421.6977,262.24515,2372.5303	390.4485,252.11188,2546.0596	365.86127,297.04645,2566.3357	315.42657,371.3856,2385.896	403.7186,300.1672,2450.3752	359.66364,442.56708,2530.4185	396.21805,389.0157,2280.0168	365.86127,297.04645,2566.3357	462.22235,434.70792,2417.8674	416.93076,272.35098,2125.722	281.341,208.19698,2461.4595	
403.54578,160.42622,2627.4773	397.97723,205.03174,2590.5964	367.5788,205.64993,2678.637	318.77686,236.48322,2633.121	397.97723,205.03174,2590.5964	430.51453,204.37006,2502.556	429.3287,262.18915,2381.241	392.0062,249.80037,2549.0835	366.6974,294.53702,2561.2808	318.29993,369.73627,2387.7124	405.8154,297.63184,2453.8604	360.1883,442.41693,2529.9736	398.92795,385.97662,2279.5784	366.6974,294.53702,2561.2808	462.27032,435.8534,2414.739	434.32394,268.6409,2125.7383	279.6883,206.19455,2470.4475	
405.47195,158.72131,2623.7761	399.6729,203.19952,2590.059	368.4609,203.11107,2671.7112	319.49277,234.31906,2641.5498	399.6729,203.19952,2590.059	432.9169,203.29372,2508.407	437.97998,262.24252,2391.5847	393.48178,247.98514,2550.0122	367.46973,292.37326,2559.7634	321.68353,369.37527,2394.9023	407.5109,296.10046,2460.1672	360.08038,442.8369,2533.033	401.98502,383.54016,2283.3657	367.46973,292.37326,2559.7634	459.9121,437.95825,2421.8804	451.7741,265.76743,2132.4858	278.77155,204.54604,2482.1484	
407.26224,156.09642,2630.9302	401.2036,200.34975,2594.0469	369.2964,199.94073,2669.067	319.97763,231.84412,2645.761	401.2036,200.34975,2594.0469	435.0113,200.78313,2519.0269	443.93298,262.2495,2397.7776	394.98688,244.88902,2551.4927	368.45697,289.0563,2554.687	326.3457,367.51672,2392.1555	409.40826,292.8919,2463.19	360.64255,442.47418,2529.2207	406.018,378.4991,2283.077	368.45697,289.0563,2554.687	460.06207,437.98145,2416.3645	467.45062,262.75333,2141.9854	278.82504,201.82397,2485.3403	
408.16064,153.8274,2625.0408	402.26602,198.2442,2589.8523	369.6873,197.40865,2658.3367	321.72342,230.05727,2649.907	402.26602,198.2442,2589.8523	436.61456,199.12517,2521.368	448.73907,262.49753,2401.8948	396.1831,242.89336,2548.2092	369.37607,287.00674,2548.329	329.79135,367.78107,2392.2673	411.11557,291.1138,2464.8032	360.7932,444.16837,2530.2998	409.69495,378.24786,2283.6606	369.37607,287.00674,2548.329	459.53442,440.08484,2421.3425	482.0863,260.09686,2155.7727	279.205,200.12244,2492.3499	
410.1604,151.46704,2622.0894	404.18265,195.83803,2587.4436	371.0128,194.61124,2649.3118	322.7064,228.51814,2651.9707	404.18265,195.83803,2587.4436	438.9776,197.12492,2525.5754	455.9718,261.07584,2415.9514	398.22397,240.51541,2545.929	371.1664,284.54614,2542.144	335.15717,365.83463,2392.6147	413.6085,288.86694,2466.6846	360.8311,443.2821,2528.1309	415.88773,375.15588,2285.3853	371.1664,284.54614,2542.144	460.14658,439.9559,2427.093	494.81763,256.19598,2172.5654	280.00174,198.32828,2490.8855	
411.26514,148.22015,2620.6082	405.45468,192.64261,2585.7856	372.07675,191.48297,2646.071	324.93777,226.32373,2649.9812	405.45468,192.64261,2585.7856	440.42615,193.8576,2525.5002	460.9618,260.55234,2429.489	399.68372,237.31969,2544.1636	372.70013,281.43277,2539.2695	340.36722,362.98077,2398.0178	415.36755,285.5941,2465.8135	360.39377,442.46045,2529.776	423.96527,377.7515,2292.1372	372.70013,281.43277,2539.2695	460.4097,444.07678,2444.6821	501.43524,254.82881,2194.0884	282.0705,196.75204,2490.5847	
412.61353,144.6023,2611.5315	408.323,189.44382,2578.769	374.31274,188.98497,2631.8054	326.82172,224.42262,2643.626	408.323,189.44382,2578.769	443.7616,189.92195,2525.7327	465.81042,256.28842,2437.943	404.32706,234.45999,2538.3398	378.58286,279.46265,2530.4824	351.2184,361.88544,2394.1106	422.39194,282.44293,2465.3389	365.12732,444.528,2527.9897	433.13654,372.4162,2289.5493	378.58286,279.46265,2530.4824	463.7422,441.49933,2444.4358	510.66782,250.95056,2212.6987	283.63065,195.67154,2488.8132	
414.21335,141.9505,2606.3425	410.57617,187.02942,2572.8398	376.28195,187.07513,2623.8762	328.53424,223.37437,2641.3215	410.57617,187.02942,2572.8398	446.25845,186.98184,2521.8035	469.42944,253.39767,2449.5017	407.48535,232.24287,2532.9116	382.58148,277.79816,2524.1814	354.15952,360.9444,2395.706	426.55994,280.03918,2461.7854	361.8837,444.14484,2526.6458	436.10953,374.46906,2297.531	382.58148,277.79816,2524.1814	460.9641,445.43182,2453.4617	516.9381,247.37534,2232.3508	286.95062,194.93988,2485.839	
414.97705,138.55466,2604.8206	412.62967,183.66301,2569.489	377.99014,184.49751,2615.3037	331.1438,222.74092,2639.7458	412.62967,183.66301,2569.489	448.52686,182.7982,2523.6743	471.38785,250.18713,2460.3474	411.05902,228.92859,2528.2827	387.46216,275.19995,2515.071	362.02005,364.01392,2411.5273	431.91077,276.19946,2459.0818	362.33942,443.55713,2521.295	442.4705,373.01764,2311.6035	387.46216,275.19995,2515.071	461.65082,446.46582,2463.132	521.98315,244.40329,2249.6973	289.8935,194.64012,2485.5454	
416.00687,135.60046,2593.9934	414.61307,180.9913,2562.3984	379.72906,182.27971,2605.9673	333.8048,222.01743,2628.3755	414.61307,180.9913,2562.3984	450.70386,179.65833,2518.8296	474.1597,246.23508,2474.2205	413.95593,226.56339,2524.5112	391.2263,273.36057,2513.2034	368.04523,364.99313,2433.834	435.8078,273.6913,2460.0447	360.81967,444.02332,2527.257	444.64774,371.66003,2321.6936	391.2263,273.36057,2513.2034	459.7259,446.49213,2471.5996	525.1586,242.15518,2263.9075	292.24408,194.08054,2478.257	
416.64523,133.2515,2580.0498	416.0399,179.18256,2554.1035	380.9995,180.6152,2597.5493	338.53503,221.89427,2625.1772	416.0399,179.18256,2554.1035	452.29297,177.70033,2510.6577	474.87546,243.34169,2480.6145	415.72736,225.14969,2521.8403	393.35144,272.22955,2516.0732	371.33548,364.9524,2457.8552	437.93655,272.38858,2463.081	358.69986,444.64532,2532.374	445.7589,370.9406,2334.838	393.35144,272.22955,2516.0732	457.8047,448.35162,2473.236	527.6471,239.73167,2277.4692	295.72882,194.15552,2475.536	
417.17627,131.34877,2581.5544	418.15442,177.0238,2551.6453	383.114,179.878,2595.1692	341.2773,221.68466,2618.0725	418.15442,177.0238,2551.6453	454.41098,174.07053,2508.1213	475.3913,239.92885,2486.769	419.71487,222.88495,2516.4443	399.15356,270.86472,2507.8088	379.67776,364.98016,2456.955	443.96542,269.21225,2454.678	362.0305,445.67926,2520.9812	451.9048,368.28806,2328.7551	399.15356,270.86472,2507.8088	461.98865,447.00647,2464.4792	528.79956,239.0461,2288.5374	298.5344,194.42795,2466.8445	
417.8624,129.06914,2582.314	420.2741,174.65219,2548.966	385.23187,178.61662,2592.4082	345.5226,222.2372,2614.0164	420.2741,174.65219,2548.966	456.53156,170.55032,2505.524	477.22562,237.42227,2492.3745	423.33063,220.44408,2512.4312	404.26886,269.10837,2502.3936	383.60828,363.1515,2465.5383	449.16626,266.03348,2449.399	361.1592,445.5446,2522.7622	452.85892,365.44073,2338.7896	404.26886,269.10837,2502.3936	461.64148,445.86694,2465.431	528.04016,239.32253,2298.1213	303.12103,194.52142,2460.415	
418.65744,127.83321,2583.1672	422.24445,173.23438,2545.887	387.3051,178.22314,2591.4033	348.40085,221.90198,2603.4766	422.24445,173.23438,2545.887	458.45587,168.06398,2500.3706	478.55844,231.43211,2492.1362	426.4846,218.90791,2507.0645	408.63718,268.14536,2496.004	386.61835,362.0887,2467.0146	453.58463,263.8427,2440.48	360.64285,446.17422,2521.2026	454.29037,363.53387,2332.2988	408.63718,268.14536,2496.004	460.8101,444.8362,2458.0037	528.01404,242.10222,2294.4902	306.33157,194.8614,2448.778	
419.15546,126.83067,2583.6338	423.35132,172.09033,2544.1191	388.54745,177.65198,2592.5337	351.42816,222.27643,2596.2148	423.35132,172.09033,2544.1191	459.50555,166.3129,2495.7046	479.72235,225.65952,2491.5444	428.13126,217.75606,2505.1504	410.90018,267.2906,2495.7053	388.72632,360.73465,2483.1897	455.7613,262.38052,2436.658	358.68286,446.1916,2527.0452	453.02222,362.0954,2339.0593	410.90018,267.2906,2495.7053	458.75305,443.7087,2463.0164	527.99164,243.84718,2298.7588	311.55917,193.3291,2438.357	
420.16895,125.920746,2581.8184	425.66083,171.00958,2541.1946	391.29803,177.69318,2596.3706	356.95447,224.03268,2576.4766	425.66083,171.00958,2541.1946	461.54898,164.0293,2486.0186	482.48657,221.45343,2486.1797	431.4905,216.64748,2502.523	415.53143,266.70987,2497.5415	395.1482,359.9381,2499.5637	460.08417,260.64316,2430.1611	361.09036,446.56335,2528.0264	456.0908,360.5904,2342.293	415.53143,266.70987,2497.5415	461.01672,443.52454,2458.562	527.2061,248.69847,2295.7856	317.38425,192.33127,2425.664	
421.35532,125.73202,2573.6313	427.42917,170.87082,2537.308	393.32352,177.9411,2597.6465	361.22916,225.78435,2559.1853	427.42917,170.87082,2537.308	463.19644,163.45609,2476.9697	486.16855,219.66458,2480.567	433.605,216.71236,2502.0938	418.19666,266.96906,2503.6707	396.8167,359.38422,2515.033	462.37662,260.6622,2430.0881	358.87622,447.47437,2532.8643	454.3291,360.1383,2344.4832	418.19666,266.96906,2503.6707	459.04236,442.3228,2465.3872	527.215,253.97914,2290.129	321.29346,193.64288,2412.8064	
422.20544,125.66438,2569.3347	428.6781,171.04848,2534.9075	394.72583,178.29909,2598.4417	366.72482,226.64214,2546.5786	428.6781,171.04848,2534.9075	464.3761,163.42508,2471.3733	489.80493,219.38283,2466.7717	435.0119,217.01285,2501.593	419.86703,267.35968,2507.0073	397.1214,359.64758,2511.9336	463.85657,260.97617,2429.5498	357.6764,448.3456,2530.204	453.50195,360.2068,2346.0762	419.86703,267.35968,2507.0073	458.00525,443.34055,2460.9868	527.56067,259.6128,2283.6714	326.8045,194.40906,2399.095	
423.4287,125.055336,2567.1108	430.47406,170.76492,2533.8154	396.77496,178.52164,2600.6208	369.77417,227.51125,2537.2556	430.47406,170.76492,2533.8154	465.99823,162.5881,2467.01	492.21942,218.73016,2454.8608	437.36688,216.70401,2500.83	422.91302,267.26282,2508.5835	399.60388,359.46332,2511.7976	466.69763,260.36563,2427.106	359.0137,447.5619,2530.0056	455.2037,359.53625,2345.455	422.91302,267.26282,2508.5835	459.38693,443.42633,2456.1665	525.8924,263.9538,2284.2036	330.60553,195.26984,2384.4338	
424.39203,125.27258,2566.6038	431.74445,171.09897,2533.4753	398.34216,179.12866,2604.0164	373.05502,228.25327,2525.12	431.74445,171.09897,2533.4753	467.06012,162.60931,2462.9343	494.7058,219.08446,2445.9192	438.81866,217.03195,2500.4382	424.70587,267.67926,2510.4224	399.80643,359.3122,2515.7979	468.21735,260.58704,2424.38	357.91724,448.1883,2529.5847	453.9065,359.2719,2338.3135	424.70587,267.67926,2510.4224	457.68332,442.3008,2456.3203	525.00146,267.33975,2279.7312	335.10666,196.28644,2367.718	
