301.61115,122.13399,2331.0483	297.88,172.8477,2306.7385	259.62738,167.52396,2261.7244	231.32431,226.71043,2172.7651	297.88,172.8477,2306.7385	334.6682,177.96762,2351.7527	354.42657,234.80502,2346.795	293.49854,225.4711,2288.353	264.63046,276.90613,2241.6218	245.53821,386.0824,2217.726	312.85953,280.9374,2298.3132	229.23224,491.07605,2217.7148	326.10925,387.85577,2279.5454	264.63046,276.90613,2241.6218	364.43073,479.2513,2316.3687	352.48462,227.01466,2070.426	264.72372,282.97696,2046.219	
302.34354,121.920555,2335.4382	298.0146,172.4107,2307.9448	259.9778,166.47916,2260.466	229.81824,224.31683,2150.3574	298.0146,172.4107,2307.9448	334.51794,178.10312,2355.4236	354.02304,236.31079,2355.3916	293.09265,224.90747,2287.584	263.7544,275.98944,2237.331	246.6911,385.80872,2211.0723	311.77707,280.64346,2297.1152	230.67574,491.67206,2206.836	327.2674,387.4046,2276.1765	263.7544,275.98944,2237.331	366.99387,478.42416,2312.564	354.57578,227.70287,2077.2642	265.09042,281.81833,2037.8398	
302.8265,122.70702,2338.132	298.31778,172.74185,2308.0103	260.63022,166.23207,2256.0212	229.8009,220.79572,2121.6511	298.31778,172.74185,2308.0103	334.34485,178.96481,2359.9993	354.77014,236.55905,2353.6904	293.07913,225.13628,2285.1428	263.563,275.996,2229.5347	248.18768,386.63568,2199.6997	311.21652,281.10986,2295.016	230.69989,491.4812,2206.1428	327.85117,387.7684,2274.8506	263.563,275.996,2229.5347	366.46292,478.98218,2313.6309	356.15448,227.71535,2077.2104	265.3208,281.0011,2022.6892	
303.39835,123.77364,2339.977	299.0333,173.68881,2308.1543	262.00662,166.61041,2248.6582	228.62527,218.87628,2108.8044	299.0333,173.68881,2308.1543	334.1991,180.41147,2367.6504	352.4028,238.88841,2356.33	293.60855,226.0346,2284.0361	264.27325,276.7693,2222.4233	249.40488,387.88342,2192.2256	311.0861,282.137,2297.4126	231.83574,492.02808,2206.916	328.60904,388.5499,2277.2896	264.27325,276.7693,2222.4233	366.12997,479.64325,2319.2158	353.45874,227.4023,2081.2856	265.33804,278.82776,2004.2732	
303.7782,124.63217,2347.434	299.6925,174.01082,2311.1245	263.5926,166.33762,2243.2114	225.21811,218.07207,2103.4106	299.6925,174.01082,2311.1245	333.73135,181.24594,2379.0376	351.19458,240.40848,2351.6887	294.36014,226.1838,2283.829	265.63898,276.76093,2213.7383	250.29001,388.53534,2178.192	311.2928,282.37067,2299.329	232.0481,491.0793,2208.3335	329.36136,388.73343,2276.803	265.63898,276.76093,2213.7383	367.12567,479.54492,2320.1975	351.128,225.51549,2079.8015	265.3496,273.87067,1981.765	
304.22406,125.61532,2351.1428	300.15643,174.45316,2313.8342	265.12463,166.28226,2237.4727	225.76924,209.19016,2075.2097	300.15643,174.45316,2313.8342	332.94986,182.10194,2390.1958	350.789,240.32416,2351.3333	294.79886,226.5477,2285.9294	266.7309,277.01456,2209.924	250.02357,388.96478,2171.138	310.94492,282.72348,2306.1252	232.13132,490.27484,2212.6648	328.60678,388.91165,2282.1487	266.7309,277.01456,2209.924	367.62418,479.60828,2320.8086	348.8837,224.38765,2084.3694	267.87003,265.44067,1956.0796	
304.53052,126.607346,2346.454	300.22696,175.90793,2313.197	267.0979,167.41992,2224.295	229.363,197.8791,2039.0865	300.22696,175.90793,2313.197	330.9038,183.76767,2402.099	349.5664,240.6758,2350.5928	294.70004,228.13518,2288.728	267.69507,278.7762,2208.1167	249.86626,390.84772,2166.0547	309.37875,284.0749,2320.4014	231.88,491.8277,2211.334	327.1411,389.8349,2291.1782	267.69507,278.7762,2208.1167	366.66763,480.4344,2325.898	346.05875,223.37381,2089.1504	271.6101,256.45612,1928.5071	
304.7709,127.893036,2350.153	300.5904,177.35616,2318.1116	268.5835,168.75961,2222.5771	233.99622,187.88661,2012.0598	300.5904,177.35616,2318.1116	330.06354,185.27217,2413.646	348.56378,238.8737,2355.2747	295.06918,229.52206,2294.6292	268.9151,280.19882,2211.1174	250.63837,392.51614,2158.5146	308.8958,285.20233,2331.176	231.42014,491.44608,2217.1667	328.25558,390.80057,2285.7795	268.9151,280.19882,2211.1174	369.02188,481.14606,2320.0945	343.11725,222.72485,2095.0742	277.65085,245.14743,1904.6544	
304.1932,129.60469,2345.5017	300.02124,179.54176,2318.4365	268.33704,171.21414,2220.2292	229.57677,174.34271,2004.5247	300.02124,179.54176,2318.4365	329.1303,187.19255,2416.6438	346.48413,237.85173,2356.6348	294.5202,231.79349,2297.3276	268.6513,282.70767,2214.5215	248.78995,395.10214,2149.6775	308.11328,287.1993,2337.916	230.08984,492.88104,2218.1013	327.4059,393.004,2278.9658	268.6513,282.70767,2214.5215	368.57025,483.34058,2314.2432	338.05573,221.84805,2098.7314	278.81866,226.08415,1903.7014	
304.09225,132.11258,2351.18	299.7682,181.65047,2325.9875	268.38834,173.38354,2226.3923	232.11082,161.49312,2000.7544	299.7682,181.65047,2325.9875	328.5711,189.2385,2425.5828	359.80496,236.70013,2252.9407	294.26025,233.75246,2304.9272	268.56024,284.5701,2221.2424	248.29901,397.02896,2141.653	307.6689,288.94077,2346.4915	229.63068,492.6951,2223.9705	327.25897,394.62903,2277.8662	268.56024,284.5701,2221.2424	368.27966,483.68628,2322.654	319.62808,220.7781,2115.28	286.04025,202.19992,1886.7053	
303.18378,133.24927,2353.0164	299.0415,182.74811,2328.723	267.54318,174.53595,2229.612	239.48465,147.64825,2003.895	299.0415,182.74811,2328.723	327.96814,190.28976,2427.8337	367.91455,236.34457,2197.9468	293.48798,234.79735,2307.7427	267.65524,285.56787,2224.4082	246.44167,398.06696,2122.3955	306.93866,289.9169,2349.1167	228.97092,491.25256,2223.5972	325.9587,395.9015,2266.8804	267.65524,285.56787,2224.4082	368.6071,484.183,2315.2754	316.97253,221.23082,2121.887	295.74524,181.82782,1876.446	
302.43463,135.63974,2352.964	297.8608,185.16583,2328.4248	266.2607,176.88962,2229.6377	246.81853,134.41565,2018.982	297.8608,185.16583,2328.4248	326.8887,192.76837,2427.212	372.51602,237.7681,2181.4917	292.1937,237.20682,2306.4006	266.14343,287.96527,2222.2058	244.96902,400.86566,2103.5671	305.61688,292.41614,2346.547	228.05522,491.62357,2221.129	324.0417,398.88226,2256.287	266.14343,287.96527,2222.2058	368.65894,486.00076,2309.0623	316.99576,222.64194,2121.52	305.81555,158.38971,1880.418	
301.5856,139.24167,2368.9167	296.88556,187.84256,2332.8965	265.90982,178.44165,2232.463	253.97726,124.02686,2033.4236	296.88556,187.84256,2332.8965	325.3043,196.46742,2433.33	374.85678,238.7342,2167.8218	291.14325,239.43619,2301.0024	265.16055,289.4884,2205.8518	243.20978,403.3579,2079.3445	304.2293,295.3097,2332.365	228.50255,491.86642,2213.8801	323.72134,402.437,2240.258	265.16055,289.4884,2205.8518	368.98514,488.4547,2302.2173	318.06696,223.67824,2122.1707	317.90808,135.72565,1899.4905	
300.90457,141.21613,2368.8975	295.47815,189.90573,2332.8013	264.47037,179.95569,2232.949	259.64038,116.857025,2051.718	295.47815,189.90573,2332.8013	323.9404,199.03894,2432.6536	375.82526,241.22536,2173.921	289.12717,241.38237,2298.1099	262.41074,291.06778,2200.5745	240.09225,405.3238,2082.6316	301.6625,297.6241,2326.2625	226.58267,491.71252,2226.955	322.43738,404.57245,2247.2446	262.41074,291.06778,2200.5745	369.7064,490.35257,2301.8313	318.49423,224.96017,2125.902	326.74393,114.146385,1926.3268	
299.8957,143.92798,2369.87	293.82635,192.34541,2331.025	262.96744,181.51976,2231.2976	261.5824,111.708786,2079.8376	293.82635,192.34541,2331.025	322.1531,202.28278,2430.7522	376.56885,243.795,2171.9785	286.8595,243.59792,2290.875	259.42435,292.72235,2187.94	238.34499,408.07178,2066.4077	298.76636,300.42078,2313.5103	226.33702,493.12585,2220.0288	321.5498,407.69052,2233.8635	259.42435,292.72235,2187.94	370.5291,492.70056,2291.255	316.91183,226.85399,2128.154	329.4262,96.68463,1964.9861	
299.46573,145.91641,2377.8562	293.0861,193.93367,2333.1807	262.0861,182.42694,2235.4392	262.08566,108.03766,2112.8962	293.0861,193.93367,2333.1807	321.59323,204.51508,2430.922	376.38574,247.56981,2181.518	286.0172,244.81265,2286.2468	258.2117,293.32404,2177.7808	238.97728,409.52136,2063.9514	297.99902,302.084,2300.8452	228.66989,493.5182,2223.5945	324.24344,408.9411,2229.366	258.2117,293.32404,2177.7808	373.50864,492.85052,2293.382	316.94305,229.44205,2135.7783	328.94937,81.26549,2012.0797	
298.6601,148.05035,2381.3806	291.57245,195.52414,2332.4812	260.21683,183.20131,2238.0498	259.67493,105.5461,2150.4595	291.57245,195.52414,2332.4812	320.48798,206.88802,2426.9126	374.68008,249.99019,2182.301	283.764,246.03874,2279.8904	254.7641,293.76443,2167.8357	236.36855,410.69745,2056.7268	295.32666,303.84412,2286.7634	226.20898,493.31152,2223.1155	322.5734,410.98257,2222.5342	254.7641,293.76443,2167.8357	372.59973,493.88504,2291.734	318.1363,231.13765,2139.1711	324.2039,71.28548,2051.763	
298.2899,150.60918,2390.1208	290.7646,197.12082,2333.908	259.3667,183.86311,2241.8455	257.10092,104.8958,2184.6985	290.7646,197.12082,2333.908	319.77942,209.37231,2425.9705	373.3454,251.70879,2186.1963	282.53107,247.05464,2273.4585	252.82947,293.79285,2155.049	237.65204,411.82385,2043.9978	293.7932,305.33755,2270.969	227.77327,492.38727,2220.6592	324.5358,412.20422,2209.761	252.82947,293.79285,2155.049	373.06018,493.1535,2296.9084	319.07486,232.62679,2138.9785	317.83197,62.896225,2098.617	
298.0645,152.48691,2395.0017	290.18375,198.40701,2334.2927	258.38797,184.65002,2246.0	253.6994,105.42395,2217.8506	290.18375,198.40701,2334.2927	319.66187,211.16125,2422.5854	375.5374,253.1484,2179.124	281.62317,247.92233,2268.2827	251.14917,293.98544,2146.6865	238.23956,412.68433,2039.7097	292.89597,306.51028,2257.859	227.53775,491.17035,2224.4531	326.39624,412.88388,2204.782	251.14917,293.98544,2146.6865	373.82727,492.67462,2302.2644	319.2182,233.40224,2138.9634	310.45786,57.572433,2143.589	
297.96027,154.97476,2397.4836	289.52127,200.41641,2332.817	256.95734,186.28262,2251.1396	251.50623,107.71275,2246.9753	289.52127,200.41641,2332.817	319.88205,213.59395,2414.4941	376.74426,254.13708,2176.125	280.2551,249.51576,2261.777	248.33827,294.8677,2139.277	237.08992,414.22833,2029.776	291.42557,308.41302,2242.1975	226.68544,490.46588,2224.2017	327.1739,414.50494,2197.5261	248.33827,294.8677,2139.277	373.79752,494.5088,2297.6873	318.80823,235.57803,2139.6743	302.57758,54.86319,2182.9375	
297.18503,157.25061,2398.6887	288.52957,202.29172,2331.0642	255.41278,187.98116,2253.9412	247.91263,108.418396,2274.0056	288.52957,202.29172,2331.0642	319.5252,215.68567,2408.1873	378.02942,254.89221,2174.5862	278.87393,251.11926,2256.2705	246.07687,296.07605,2132.9387	237.57834,415.99792,2024.6764	290.05692,310.1997,2230.015	227.16306,490.81274,2224.6555	329.3305,415.2088,2193.605	246.07687,296.07605,2132.9387	374.58237,493.75253,2305.1265	318.32144,237.80196,2145.0886	294.79736,52.27144,2223.9539	
296.546,159.4873,2399.2578	287.99246,204.05469,2327.7905	254.02301,190.07056,2256.9094	245.31699,110.54739,2297.0037	287.99246,204.05469,2327.7905	319.9543,217.21233,2398.6716	378.63745,254.87054,2174.768	278.45828,252.69455,2249.1636	245.10695,297.6254,2125.8975	239.53613,418.09192,2019.5798	290.42773,311.79977,2215.1758	227.76782,491.5016,2223.8184	332.96915,416.07874,2183.497	245.10695,297.6254,2125.8975	376.02032,493.2075,2308.5625	321.29016,239.02571,2142.8416	287.01917,50.4057,2259.4905	
296.58557,159.75897,2407.5537	287.99725,204.11853,2329.7507	253.74228,190.05087,2262.1792	242.06645,113.358215,2320.001	287.99725,204.11853,2329.7507	320.3212,217.39316,2397.3223	379.30353,254.8115,2181.3845	278.5402,252.26057,2246.373	244.96863,296.67682,2120.483	240.57997,417.25635,2023.6411	290.8379,311.26468,2205.5078	228.34076,491.22778,2225.3762	334.5381,414.78455,2186.173	244.96863,296.67682,2120.483	375.93564,492.0813,2314.1353	323.9722,239.88107,2145.4111	276.40417,50.19803,2298.8635	
296.97552,160.90717,2411.2175	288.09537,204.79025,2331.1409	253.5994,190.60458,2267.0166	238.27957,114.74352,2336.013	288.09537,204.79025,2331.1409	320.74435,218.21638,2395.2651	379.12296,254.88159,2189.2056	278.39246,252.5226,2244.253	244.27461,296.43253,2117.0083	240.71158,417.22327,2021.0493	290.67337,311.48547,2197.7217	227.46956,491.0437,2222.9033	335.68118,414.62604,2182.5425	244.27461,296.43253,2117.0083	374.81915,492.3155,2314.3057	325.7205,240.9822,2145.778	266.7511,50.22818,2333.7466	
296.9638,161.71642,2413.5098	288.685,205.35274,2332.2126	253.76733,191.69278,2271.2393	234.1073,119.40609,2345.0005	288.685,205.35274,2332.2126	321.82336,218.31665,2393.186	378.9477,254.52957,2191.5615	279.5424,252.925,2243.003	245.69785,297.00385,2115.4116	243.64043,418.01752,2013.5635	292.74854,311.61212,2192.1748	230.00906,489.80533,2223.234	339.62668,414.11633,2178.789	245.69785,297.00385,2115.4116	376.15756,490.9646,2320.0889	326.85513,240.9129,2143.8916	254.87808,53.59633,2358.8535	
297.01678,162.26155,2407.172	288.9751,206.18408,2327.8516	253.42172,193.21448,2271.5483	230.88635,122.310165,2360.9888	288.9751,206.18408,2327.8516	322.84927,218.54109,2384.1548	383.7744,254.92404,2204.7715	279.97324,253.97061,2239.1377	245.86732,298.59613,2114.9673	246.32266,413.13092,1989.168	293.7996,312.5733,2185.8804	229.40347,483.6923,2204.7456	341.04623,415.34692,2171.9233	245.86732,298.59613,2114.9673	374.23682,491.57004,2322.821	327.02725,240.51645,2148.8796	243.92099,56.261475,2384.7612	
297.43018,161.81491,2403.9912	289.55536,206.44719,2324.5051	253.4467,194.23206,2272.3516	227.67839,124.88704,2377.4731	289.55536,206.44719,2324.5051	324.07928,218.12622,2376.6587	387.2187,253.66495,2193.864	280.8998,254.42343,2236.2595	246.83066,299.63043,2115.179	250.29889,408.75168,1975.5144	295.49167,312.85074,2180.8489	229.52185,478.32477,2193.9158	344.1936,415.10898,2168.5676	246.83066,299.63043,2115.179	375.11987,491.01794,2325.1555	327.16095,240.37201,2157.1877	232.62839,60.742386,2423.6768	
298.02014,160.95732,2409.4014	290.34705,205.45331,2327.214	253.91245,193.83356,2278.4873	224.77354,128.27095,2392.2307	290.34705,205.45331,2327.214	325.28723,216.59645,2375.941	387.32593,250.68137,2185.3955	282.19308,253.19615,2237.1565	248.42017,298.51205,2116.4292	254.01135,405.11722,1968.9268	297.58768,311.19485,2177.7686	230.01712,473.62292,2189.6897	347.42648,412.66223,2170.6655	248.42017,298.51205,2116.4292	375.5136,490.2697,2324.1758	329.27386,238.11781,2141.334	225.1254,63.375046,2438.8428	
298.25165,161.16429,2405.5942	290.92203,205.44717,2325.223	253.9513,194.80344,2281.9172	221.4859,133.50876,2404.0862	290.92203,205.44717,2325.223	326.5408,215.70168,2368.5286	387.45102,249.01793,2187.6614	283.20206,253.2997,2235.2332	249.5386,299.22824,2117.9673	256.0923,406.68524,1965.9141	299.4951,310.95648,2172.5195	229.41801,473.97375,2187.5344	350.1555,413.0182,2156.4	249.5386,299.22824,2117.9673	374.7038,489.98035,2319.5737	331.04047,236.76494,2136.9788	215.85477,69.353546,2447.9539	
298.42358,161.11407,2403.1995	291.25928,205.63905,2323.3933	253.77661,196.05136,2286.9788	218.59518,138.6734,2408.5193	291.25928,205.63905,2323.3933	327.58517,214.93086,2359.8079	388.2465,247.27657,2186.3035	283.8186,253.55376,2233.206	250.11261,300.0666,2120.079	258.25076,405.96265,1965.3186	300.84763,310.821,2165.9585	230.08957,473.3391,2185.4448	352.33234,413.1522,2146.187	250.11261,300.0666,2120.079	372.67255,488.58917,2322.0571	332.0824,235.60661,2134.102	206.745,77.01076,2459.297	
298.8861,160.2355,2404.0078	292.08194,205.00812,2324.6182	254.26279,196.38971,2294.5664	217.47868,143.48018,2412.7383	292.08194,205.00812,2324.6182	328.93576,213.40656,2354.67	392.92725,243.64217,2183.6357	284.89697,252.89218,2234.3638	251.26524,299.83743,2125.189	260.88934,404.21948,1969.7311	302.49686,309.69064,2163.0298	229.86398,472.90387,2181.8423	355.04388,411.28058,2148.1045	251.26524,299.83743,2125.189	373.47955,487.71082,2322.2017	333.1302,233.88034,2130.7798	198.86021,84.85109,2468.2778	
299.3548,159.68121,2401.917	292.54803,204.82806,2324.147	254.44693,197.19022,2300.5388	214.84741,145.6788,2421.8423	292.54803,204.82806,2324.147	329.88287,212.31232,2347.7551	394.85507,241.81146,2190.8157	285.54056,252.83434,2234.773	251.9461,300.34583,2130.536	262.18637,403.78925,1972.1807	303.5945,309.27304,2160.262	229.74118,473.793,2177.8152	356.47018,411.25586,2140.2026	251.9461,300.34583,2130.536	372.7816,485.9307,2324.8564	336.48718,232.93616,2131.3604	194.09387,89.58531,2493.856	
300.27417,159.06819,2401.3853	293.54816,204.48166,2325.3687	255.31195,197.60039,2307.5166	211.70734,148.49207,2427.9104	293.54816,204.48166,2325.3687	331.20175,211.25809,2343.2207	396.94077,239.9836,2203.4182	286.57654,252.54611,2236.8774	252.97179,300.42023,2137.151	263.61597,400.9665,1975.5387	304.8183,308.6767,2159.6216	230.6563,473.0289,2173.962	358.12207,410.45154,2140.0103	252.97179,300.42023,2137.151	372.26602,485.24115,2326.3972	338.924,230.1005,2125.05	187.52402,95.34627,2514.9463	
301.32697,157.99915,2408.0693	295.30807,203.1969,2331.3237	257.00067,197.45474,2316.6714	210.95503,155.01866,2425.411	295.30807,203.1969,2331.3237	333.13696,208.86736,2345.976	400.80664,236.17947,2192.6514	289.37262,251.14337,2242.5137	256.8521,299.5697,2144.483	260.96802,409.5613,2005.5533	308.8207,306.48883,2162.9243	233.25554,482.66815,2200.1184	362.7126,408.1631,2137.5488	256.8521,299.5697,2144.483	374.87933,482.0022,2330.308	340.00458,228.49701,2118.7942	181.76128,104.007645,2513.6392	
302.33102,158.80527,2405.4456	296.57733,204.14392,2330.568	258.17633,199.04918,2318.5408	210.66202,160.19913,2420.6873	296.57733,204.14392,2330.568	334.58405,209.18634,2342.5955	397.4909,232.02702,2187.3113	291.07092,252.26434,2242.4814	258.97937,301.21088,2146.8271	255.86594,415.93365,2009.2106	311.06616,307.4069,2161.9624	233.59576,487.456,2212.9224	362.9501,410.98343,2124.1157	258.97937,301.21088,2146.8271	373.31274,483.0706,2325.9507	341.70767,228.63756,2128.2615	176.54942,114.21001,2514.9358	
303.19476,158.0668,2404.1177	298.1495,203.9828,2332.0925	259.75534,199.96056,2325.904	211.52298,166.04732,2419.2854	298.1495,203.9828,2332.0925	336.34042,207.98376,2338.281	401.41382,228.3479,2183.6484	293.09744,252.36905,2246.525	261.55096,302.0373,2157.0596	254.77232,418.54132,2032.424	313.64563,307.12796,2164.855	234.37173,488.46252,2240.4438	365.75937,410.46265,2127.226	261.55096,302.0373,2157.0596	373.70258,482.5822,2330.086	342.2708,228.6071,2136.0457	172.3569,123.00303,2513.3625	
304.04877,157.15924,2402.9695	299.5371,203.49133,2334.213	261.18024,200.17566,2331.8955	210.37422,170.57823,2420.609	299.5371,203.49133,2334.213	337.81787,206.80045,2336.5298	403.1836,226.6705,2186.8242	294.82593,252.10251,2251.1987	263.76822,302.2583,2166.7266	253.8223,419.30804,2042.5806	315.7049,306.61093,2169.643	234.05457,488.59235,2252.2249	367.55588,410.38568,2122.1458	263.76822,302.2583,2166.7266	371.924,481.06403,2332.7798	344.35193,227.72775,2132.8218	167.4495,130.98065,2516.2354	
305.54053,156.4138,2401.3853	301.53055,203.2147,2336.0132	263.21658,200.65878,2336.8916	210.64798,175.68288,2416.2473	301.53055,203.2147,2336.0132	339.87335,205.77257,2335.1348	403.93457,225.87552,2195.4165	297.40018,252.22916,2257.2954	267.1132,303.03473,2179.1306	256.16846,419.9992,2054.4697	318.84253,306.53748,2178.0247	235.69012,490.56085,2257.353	374.22147,404.13678,2102.5867	267.1132,303.03473,2179.1306	371.83054,475.69067,2315.3328	346.72687,225.72067,2130.9583	164.01569,140.63226,2514.6538	
306.55804,155.68503,2401.5527	303.4525,202.74817,2338.3792	265.28775,201.41531,2344.4841	210.93323,179.7389,2412.0198	303.4525,202.74817,2338.3792	341.81705,204.088,2332.2742	407.90344,222.26866,2191.678	300.25244,252.02888,2262.7043	271.11884,303.64264,2190.8748	265.48822,409.09555,2033.2837	322.6336,305.80112,2183.1843	237.62463,481.0584,2228.4255	375.33655,407.27924,2103.4724	271.11884,303.64264,2190.8748	373.89438,477.9504,2318.7861	349.3453,223.96547,2139.5645	162.0213,149.14084,2511.844	
308.01846,155.51962,2400.7378	306.4462,202.81427,2340.6646	268.17804,202.06303,2343.2886	211.38867,186.05504,2404.0293	306.4462,202.81427,2340.6646	344.80026,203.5672,2338.0405	409.37793,220.40338,2195.388	304.64133,252.27263,2267.005	277.00815,304.4713,2194.9966	266.76212,415.35028,2053.7964	328.46103,305.63544,2191.6938	234.63231,489.24524,2230.351	381.9179,403.05505,2088.7542	277.00815,304.4713,2194.9966	375.52225,473.46347,2308.5188	353.7494,222.602,2142.3708	161.0108,160.0856,2503.9414	
309.15033,155.16724,2400.8528	310.27942,202.36414,2340.634	271.94177,203.14627,2338.9602	213.30673,191.57732,2397.5327	310.27942,202.36414,2340.634	348.56232,201.58311,2342.3079	410.416,219.33798,2196.2905	311.24066,251.9714,2269.4766	286.5153,305.36472,2197.263	270.36768,418.3413,2065.3445	337.98828,304.21613,2199.3752	239.47855,492.23395,2242.2761	389.71002,398.09274,2076.6777	286.5153,305.36472,2197.263	378.75583,470.05597,2293.2957	355.49048,221.04892,2138.9475	160.62671,170.01227,2486.0374	
310.43802,154.79475,2401.3433	312.8327,202.10402,2342.8838	274.5368,203.9501,2340.2256	209.71255,197.86777,2389.2314	312.8327,202.10402,2342.8838	351.0418,200.26213,2345.542	415.9676,217.99652,2195.662	315.42233,251.8105,2274.1548	292.56754,305.9275,2203.7517	268.70898,418.45282,2081.7598	343.74033,303.30463,2207.0999	235.85529,493.77457,2247.3193	389.5905,397.3003,2072.6924	292.56754,305.9275,2203.7517	375.94302,469.98816,2286.7427	356.73267,220.37215,2146.6785	157.79887,180.33931,2493.8562	
311.3723,154.31332,2401.0398	315.46613,201.79993,2344.7078	277.31165,204.90814,2344.0044	205.35068,202.18803,2382.0264	315.46613,201.79993,2344.7078	353.59772,198.69359,2345.4111	407.5386,221.54756,2246.3022	319.5701,251.56615,2278.4468	298.45676,306.4086,2211.743	271.48578,418.62225,2093.1216	349.37292,302.21945,2212.6287	234.75958,494.60083,2247.5947	392.7453,397.62143,2069.0378	298.45676,306.4086,2211.743	377.10098,470.2024,2283.455	359.61942,219.54007,2155.3755	155.23991,189.867,2508.7578	
312.66202,153.90729,2401.4773	318.51834,200.99234,2347.5327	280.4865,205.2284,2343.8066	216.40143,210.51411,2357.5095	318.51834,200.99234,2347.5327	356.42963,196.76971,2351.2588	399.4265,229.79366,2310.719	324.6009,250.70822,2284.4224	305.7464,306.1747,2218.9656	276.483,417.77853,2097.4731	356.25836,300.32962,2223.6584	236.34427,493.6801,2245.9302	397.0863,396.41043,2075.8625	305.7464,306.1747,2218.9656	378.92462,468.62238,2290.427	362.76834,217.7896,2143.872	160.33975,197.0384,2448.5688	
314.2336,153.63556,2402.7058	321.17157,200.556,2349.6548	283.24792,205.54501,2342.3816	222.0344,217.23178,2348.77	321.17157,200.556,2349.6548	358.8612,195.59778,2356.928	393.92493,235.46255,2339.428	328.7488,250.27335,2289.947	311.63858,306.1681,2225.661	279.52002,416.72473,2100.7083	361.72214,299.1518,2234.8176	235.436,492.25177,2242.3745	399.5716,398.72192,2079.0664	311.63858,306.1681,2225.661	377.2979,469.39423,2295.9248	366.7707,217.53952,2142.9841	161.46384,204.17279,2409.7864	
315.5465,153.65833,2394.8145	323.67792,201.15639,2347.3877	285.8709,207.1082,2337.05	221.3077,224.21146,2332.8599	323.67792,201.15639,2347.3877	361.15338,195.25677,2357.7253	393.7963,241.05751,2365.3118	332.89154,251.07974,2294.1506	317.70276,307.59198,2234.4055	284.59253,417.46518,2104.0754	367.2392,299.18268,2247.4216	236.26581,492.04736,2239.5354	403.9369,400.7965,2086.532	317.70276,307.59198,2234.4055	376.61288,470.6302,2300.9993	373.8009,217.23047,2146.0798	158.82307,214.22827,2390.6895	
316.93033,154.38678,2390.3503	325.67255,202.05176,2346.8403	287.94183,208.43503,2333.9688	223.10788,230.5472,2314.429	325.67255,202.05176,2346.8403	362.99158,195.73813,2359.712	393.3527,243.5822,2363.1914	335.71756,252.1025,2297.3809	321.53543,308.91177,2239.8208	286.56857,417.91132,2104.1587	370.6967,299.83234,2256.022	233.59601,490.87558,2234.2544	406.02448,402.0473,2086.0671	321.53543,308.91177,2239.8208	375.78778,471.1093,2300.7566	379.05652,218.07756,2141.8774	156.69907,223.65936,2355.4146	
318.4663,155.62466,2387.6138	327.8195,203.46664,2346.241	290.16962,210.18062,2330.9587	226.3555,236.74617,2301.2148	327.8195,203.46664,2346.241	364.9821,196.83955,2361.5232	393.00818,244.4709,2366.1204	338.52963,253.60463,2299.6548	325.1548,310.64554,2243.4497	289.4972,419.25082,2103.587	374.00204,301.02756,2262.6875	234.88736,491.31873,2233.5752	409.4293,402.77496,2087.8901	325.1548,310.64554,2243.4497	376.25812,471.62637,2300.109	382.79,219.73233,2143.346	156.55632,230.39407,2327.4907	
319.93085,157.55597,2401.7473	329.1971,204.62314,2352.6538	291.6682,211.32144,2336.1584	228.6417,242.14064,2288.615	329.1971,204.62314,2352.6538	366.2034,198.0181,2369.1492	393.8194,246.62096,2363.5732	340.0923,254.4555,2302.9028	326.9678,311.35147,2242.7698	290.43695,419.68225,2099.5327	375.74463,301.6702,2263.534	232.27733,489.65845,2228.49	409.90298,402.9323,2083.4536	326.9678,311.35147,2242.7698	374.56857,471.22534,2295.9573	383.96265,222.11401,2134.868	154.78308,236.94864,2294.3203	
321.30466,159.18658,2400.812	330.80826,206.2544,2351.74	293.36035,213.15166,2332.7056	233.18484,248.65428,2278.8071	330.80826,206.2544,2351.74	367.65485,199.46786,2370.7744	395.0934,247.10802,2357.8044	342.18903,256.16522,2304.187	330.40173,313.08508,2245.007	299.73798,423.2826,2134.0518	377.45474,303.32428,2268.261	247.14978,497.43353,2255.8965	410.60834,405.61096,2093.0208	330.40173,313.08508,2245.007	373.3797,473.1831,2303.7146	391.95184,221.90639,2131.0332	155.54321,241.2787,2250.834	
323.3418,160.90436,2385.3354	333.0956,208.944,2344.7124	295.6322,216.07458,2323.8276	236.56769,255.45493,2276.3853	333.0956,208.944,2344.7124	369.89755,201.93932,2365.5972	399.75977,245.97789,2369.422	344.706,259.35336,2305.5903	332.89877,316.6516,2253.5186	295.4787,424.3103,2115.173	380.265,306.4128,2279.418	234.31947,491.05664,2244.7708	411.49786,408.05713,2101.9458	332.89877,316.6516,2253.5186	373.6618,475.68082,2309.6746	397.52643,223.16116,2127.5698	157.30644,242.30766,2210.4282	
325.30728,161.96759,2378.0815	334.68582,210.42932,2341.025	297.17593,217.26114,2317.9663	240.92126,258.95428,2264.185	334.68582,210.42932,2341.025	371.46396,203.73077,2364.0835	403.54004,247.61609,2368.1877	345.94836,261.17178,2305.541	333.6249,318.54544,2255.6497	292.6073,424.65588,2113.0234	381.1992,308.5193,2284.4646	230.37842,490.41776,2242.9592	410.0574,408.20782,2094.9324	333.6249,318.54544,2255.6497	371.72992,474.66296,2307.3464	398.7426,225.84274,2119.3223	162.28859,238.86992,2171.7239	
326.99384,163.223,2373.9536	336.1454,211.71152,2338.2983	298.73727,218.23212,2310.1746	243.39456,259.87833,2251.5825	336.1454,211.71152,2338.2983	372.66434,205.34592,2366.422	405.56012,249.82533,2357.071	347.22092,262.69836,2306.605	335.07236,320.0357,2257.4956	300.56165,428.58765,2147.7297	381.78012,310.25095,2292.3276	244.28168,499.02557,2270.9019	409.4083,408.41235,2098.8066	335.07236,320.0357,2257.4956	371.37207,474.9826,2310.564	395.4662,229.4601,2104.9648	166.47748,233.8065,2135.0103	
329.1837,164.32088,2371.3667	337.5234,212.80179,2335.6106	300.12912,218.69316,2303.9087	246.52505,260.48895,2243.766	337.5234,212.80179,2335.6106	373.91614,207.06819,2367.3125	407.5899,254.03856,2363.982	347.8833,264.07684,2306.2563	334.86877,321.3383,2257.1138	289.29095,425.22083,2115.4365	381.74454,312.09003,2296.6904	227.9877,491.65625,2244.3281	407.6391,409.76782,2093.112	334.86877,321.3383,2257.1138	370.29184,473.9663,2314.8506	399.73236,230.82036,2107.9155	175.08424,228.42227,2099.207	
331.06134,164.80228,2370.5583	339.04022,213.01595,2335.2075	301.9034,218.19908,2297.1292	248.06386,259.4235,2234.8408	339.04022,213.01595,2335.2075	374.98535,207.99913,2373.286	409.5912,256.01947,2366.9253	348.81412,264.45938,2307.4897	335.3173,321.56647,2255.8894	286.19022,423.9337,2118.8723	381.84662,312.83246,2303.6545	227.86209,492.66412,2246.889	406.7171,409.15277,2096.8447	335.3173,321.56647,2255.8894	370.85806,472.79987,2322.331	405.59973,232.51825,2109.1853	181.06517,222.92479,2070.8403	
332.78796,166.05087,2362.133	339.83743,214.80383,2329.6372	302.80765,219.2254,2286.7644	248.32693,258.13583,2226.8801	339.83743,214.80383,2329.6372	375.5289,210.54205,2372.51	410.8026,258.0797,2356.3533	348.5521,266.64114,2306.1064	334.07608,323.6134,2255.6458	281.01016,424.09692,2120.3572	380.27182,315.57587,2309.5056	227.28844,495.84113,2247.9648	401.54163,411.00705,2098.8328	334.07608,323.6134,2255.6458	369.73145,475.57483,2323.964	410.27524,233.83206,2104.7678	188.04968,218.08554,2038.564	
334.39044,167.547,2358.429	340.47885,216.25089,2325.8428	303.55728,219.76819,2279.0735	248.94678,257.27917,2217.394	340.47885,216.25089,2325.8428	375.9448,212.87225,2372.612	412.94727,260.7376,2346.59	348.05396,268.38278,2303.5698	332.4814,325.14575,2251.89	276.2403,424.2285,2118.7944	378.47964,318.0115,2310.7039	225.29303,497.23367,2248.5327	398.737,409.95032,2094.7266	332.4814,325.14575,2251.89	369.52292,475.8167,2318.331	412.70428,236.20805,2095.558	195.48001,214.29578,2010.449	
335.62646,168.93378,2349.0676	340.83395,218.12993,2320.294	304.08954,220.906,2269.1843	249.16211,256.04932,2214.1567	340.83395,218.12993,2320.294	375.9945,215.47353,2371.4036	413.6631,262.76318,2335.1838	347.19495,270.5942,2302.2324	330.54562,327.1581,2252.0151	272.07758,425.1147,2121.6958	376.12576,320.70898,2316.3267	224.77704,500.38608,2249.8198	394.4051,409.21747,2103.9343	330.54562,327.1581,2252.0151	368.67212,476.68002,2323.3586	413.017,238.48926,2083.4705	203.46857,210.66862,1991.6831	
336.3981,169.46898,2337.4048	340.59558,219.51213,2314.3203	303.92987,221.65634,2260.3062	247.62721,253.8885,2210.062	340.59558,219.51213,2314.3203	375.5888,217.46573,2368.3345	414.84518,266.43503,2324.4927	345.5506,272.2673,2302.4233	327.59973,328.51907,2256.5422	266.77133,424.8615,2126.131	372.84323,322.70813,2324.5105	225.28801,502.41873,2255.9885	390.47867,407.61548,2107.8914	327.59973,328.51907,2256.5422	367.36023,476.22833,2324.8625	414.68405,240.66606,2076.248	209.37982,208.79486,1971.4658	
337.3412,170.57433,2332.1714	339.44724,220.64865,2308.9856	302.46774,221.20863,2256.6077	246.14648,252.55202,2209.6172	339.44724,220.64865,2308.9856	374.78622,220.11353,2361.3635	413.48108,271.16702,2315.7407	342.04898,273.6737,2297.0488	321.42096,329.1674,2252.128	259.1005,425.0791,2114.4492	367.27298,325.3926,2318.0962	221.62724,502.45218,2254.5908	384.38843,407.88092,2099.4607	321.42096,329.1674,2252.128	364.28787,478.5365,2311.0566	415.3465,243.26807,2070.4487	216.02107,207.0686,1961.8262	
337.79214,171.80399,2329.4985	338.67096,221.76346,2306.8862	301.66187,221.38087,2253.8735	244.88432,252.40004,2209.311	338.67096,221.76346,2306.8862	374.01733,222.12886,2359.899	412.3474,273.1605,2303.837	339.88367,274.91248,2295.2861	317.82037,329.94403,2250.3281	257.1924,427.33716,2116.6064	363.72644,327.2975,2317.044	223.06552,505.4282,2259.0142	383.01108,405.80722,2111.8362	317.82037,329.94403,2250.3281	365.2556,477.50854,2319.8367	414.75818,246.13303,2061.1162	221.09192,205.51392,1955.7742	
337.66595,172.85655,2320.7063	336.90912,223.01776,2300.9084	299.61896,221.83215,2249.617	242.29459,248.79614,2212.707	336.90912,223.01776,2300.9084	372.573,224.15166,2352.2	408.4419,276.71725,2286.923	336.75058,276.3304,2290.6655	313.10065,330.91324,2248.1404	251.61746,428.18213,2112.5625	359.42477,329.35278,2312.7048	222.79126,507.86053,2256.6733	379.36658,405.63232,2115.0881	313.10065,330.91324,2248.1404	363.18234,478.1795,2320.0789	413.06537,247.9391,2046.4453	223.8996,204.69415,1951.2385	
336.99573,174.13364,2316.4468	334.016,224.5391,2296.6748	296.2814,221.9189,2251.0012	240.194,246.36441,2213.5735	334.016,224.5391,2296.6748	370.27902,227.05711,2342.3484	407.05234,278.79047,2276.5713	331.51428,277.8614,2287.8481	305.14172,331.3143,2250.2395	243.84439,428.9063,2120.1245	352.24963,331.87204,2307.8035	220.18948,509.56015,2265.2583	372.76294,405.89893,2119.7698	305.14172,331.3143,2250.2395	359.625,480.5128,2316.484	411.87512,248.61821,2033.8303	225.21426,203.8769,1950.2122	
336.25183,174.85378,2315.1985	332.29388,225.4086,2295.2583	294.3514,221.93353,2252.607	238.48238,246.03473,2217.336	332.29388,225.4086,2295.2583	368.85196,228.75687,2337.9097	404.54858,280.47266,2271.829	328.5823,278.72525,2285.4155	300.83337,331.59088,2248.7346	243.8482,431.97037,2121.4993	348.28427,333.39417,2302.411	222.77023,514.2119,2262.219	371.60165,405.0088,2121.2761	300.83337,331.59088,2248.7346	362.67825,480.06342,2317.3274	413.01443,249.97151,2027.7314	225.53702,203.64127,1952.146	
334.59644,175.67145,2313.5513	330.1047,226.24669,2294.6584	292.01422,222.27043,2254.1257	236.5249,245.86008,2224.207	330.1047,226.24669,2294.6584	366.8729,230.08492,2335.1912	402.83035,283.04263,2271.9216	325.46005,279.50803,2287.0874	295.97708,331.791,2253.2441	250.33743,437.64767,2143.5593	345.0267,334.42493,2305.7886	230.08951,522.55145,2269.2424	366.4856,403.48444,2132.6367	295.97708,331.791,2253.2441	363.1399,478.78552,2326.8032	410.9392,253.07014,2027.2852	223.96011,204.0686,1961.4219	
333.07806,176.9339,2312.7832	327.51843,227.33893,2292.5076	289.19125,222.53581,2257.2075	235.23193,247.18373,2229.681	327.51843,227.33893,2292.5076	364.6832,231.99637,2327.8076	401.06995,285.47086,2272.0405	321.69537,280.5539,2283.5718	291.15222,332.18018,2252.0698	237.68726,434.5022,2125.2778	340.01617,336.15442,2297.2021	219.81052,515.0404,2275.607	359.23157,403.53345,2120.2715	291.15222,332.18018,2252.0698	361.88553,478.29938,2317.2427	405.1964,254.97736,2026.1558	222.15375,204.34315,1975.0007	
331.08768,175.9441,2318.8542	325.16724,226.21254,2295.0867	286.76193,220.82114,2263.4521	233.44853,246.53593,2236.3618	325.16724,226.21254,2295.0867	362.52823,231.45734,2326.7212	397.93652,287.19257,2260.0671	318.654,279.30344,2282.9138	287.45627,330.4762,2250.676	236.33138,434.1081,2129.8027	336.25427,335.40732,2290.806	221.19185,517.75073,2268.3062	354.46136,400.55927,2118.9204	287.45627,330.4762,2250.676	363.3284,474.3141,2318.6152	400.1048,255.88297,2019.8064	219.11249,203.0766,1987.2036	
329.34415,175.45554,2314.9045	322.8704,225.76863,2292.9639	284.28998,219.94936,2266.8398	231.8635,247.10294,2244.7278	322.8704,225.76863,2292.9639	360.58157,231.4568,2319.088	396.4324,287.97095,2252.0823	315.6663,278.83035,2279.9988	283.70792,329.57684,2250.5193	227.80576,431.12988,2085.5151	332.69485,335.37888,2283.548	0.0,0.0,0.0	350.0174,402.5273,2113.8525	283.70792,329.57684,2250.5193	362.64923,474.74298,2317.99	396.52954,256.2641,2011.8673	214.01343,203.77386,2002.0049	
327.4113,175.45712,2320.4128	320.32785,225.48413,2295.6777	281.709,219.33444,2274.3787	230.61832,247.60678,2256.8882	320.32785,225.48413,2295.6777	358.2367,231.52077,2316.9768	393.07443,287.8338,2249.0806	312.62668,278.4146,2279.973	280.1112,328.7959,2250.833	219.34695,426.28137,2050.362	329.23462,335.32404,2277.7031	0.0,0.0,0.0	346.03943,403.96704,2111.6562	280.1112,328.7959,2250.833	362.03088,473.43103,2324.1597	394.94272,256.5008,2003.7788	211.10712,204.47498,2019.7172	
325.5889,175.8498,2323.2073	317.7365,225.792,2297.526	279.1802,218.99054,2281.7585	228.80038,248.0905,2267.994	317.7365,225.792,2297.526	355.7672,232.50078,2313.2932	391.8175,287.7987,2246.1296	309.02847,278.5071,2278.3486	275.43973,328.23773,2249.2324	214.80142,424.68896,2027.2506	324.6888,335.96265,2269.1104	0.0,0.0,0.0	341.90268,406.42352,2106.6228	275.43973,328.23773,2249.2324	361.6568,475.26324,2318.3677	394.42737,256.84344,2000.416	206.2115,204.7867,2034.6477	
323.88342,176.08698,2326.8926	313.8671,225.44344,2302.0984	275.86148,216.89543,2296.7986	228.09378,249.99117,2277.888	313.8671,225.44344,2302.0984	351.69812,233.95218,2307.3982	392.01303,286.67462,2247.895	302.29837,277.4391,2284.2114	265.92007,324.88086,2262.9456	211.89587,422.55707,2019.0753	315.10068,335.61414,2269.7034	0.0,0.0,0.0	335.0421,406.66153,2109.237	265.92007,324.88086,2262.9456	359.24976,474.18414,2321.4468	391.1035,257.42313,2004.4288	198.83356,206.17316,2056.3232	
321.92136,175.34491,2326.4763	310.67203,225.055,2305.8987	272.9962,215.60986,2306.092	227.74799,253.93477,2286.0632	310.67203,225.055,2305.8987	348.3542,234.50171,2305.7053	389.49622,286.32986,2250.528	297.6473,276.64502,2290.9617	260.31384,322.855,2276.147	219.65923,423.23846,2010.4823	308.59198,334.96997,2275.9023	0.0,0.0,0.0	337.83426,407.6225,2107.6772	260.31384,322.855,2276.147	361.95642,474.43192,2322.5789	390.0581,257.9056,2004.7726	193.33066,209.11902,2083.534	
319.71506,174.48962,2327.1934	308.39703,224.51366,2309.8857	270.94373,214.95352,2315.5732	226.93504,255.48923,2293.0557	308.39703,224.51366,2309.8857	346.03528,234.12099,2304.1982	388.78052,285.59186,2254.7937	295.00192,275.94785,2296.081	257.55145,321.73212,2285.8645	226.27942,421.26318,1999.0685	305.41327,334.2961,2278.6882	0.0,0.0,0.0	342.74768,408.58722,2092.891	257.55145,321.73212,2285.8645	363.24506,473.62262,2318.8938	389.76163,257.4124,2004.2694	188.17099,211.159,2104.2231	
317.89963,173.89659,2328.4954	307.28452,224.34152,2312.9429	269.7978,215.42215,2321.4377	226.16461,257.48398,2300.0005	307.28452,224.34152,2312.9429	345.0476,233.32666,2304.448	387.84756,284.42178,2258.866	294.65085,275.90845,2298.7715	257.97726,322.1758,2289.9521	233.11798,420.34924,1988.914	305.85577,334.0823,2279.248	0.0,0.0,0.0	348.60678,409.15662,2080.5806	257.97726,322.1758,2289.9521	366.3291,473.6463,2311.8943	389.22617,257.07162,2007.2034	182.61957,213.36833,2126.9487	
316.1072,173.02977,2327.1445	306.83865,223.97276,2315.2437	269.2177,216.02539,2325.1904	226.445,260.19476,2307.45	306.83865,223.97276,2315.2437	344.78424,231.98871,2305.2969	387.94748,284.04236,2263.4233	295.52875,275.77725,2302.9905	260.17416,322.7849,2297.0022	238.5243,418.42188,1982.8975	308.1528,333.51636,2284.4724	0.0,0.0,0.0	353.2847,408.0009,2080.762	260.17416,322.7849,2297.0022	367.8089,474.7459,2306.611	388.26416,256.34863,2018.7041	178.24738,217.76624,2152.1428	
314.57715,171.8687,2326.9524	306.33914,223.31406,2318.0222	268.711,216.25426,2330.9167	226.43655,262.76538,2313.6677	306.33914,223.31406,2318.0222	344.38824,230.45282,2305.1277	387.04364,282.7138,2272.1758	296.16473,275.28247,2306.871	261.9897,322.88965,2303.84	240.30927,415.4319,1978.3462	309.96304,332.6564,2287.5999	0.0,0.0,0.0	356.59543,407.5502,2073.438	261.9897,322.88965,2303.84	367.71252,475.13098,2299.4194	387.21597,255.5527,2025.6565	172.54314,223.78218,2176.7007	
313.1748,170.8954,2333.8572	305.97632,222.31805,2323.0925	268.45737,216.09964,2339.604	227.19304,264.28244,2317.297	305.97632,222.31805,2323.0925	344.03244,228.6255,2306.581	384.52142,280.33975,2273.5317	296.76868,274.35022,2310.4333	263.59674,322.5155,2308.171	244.55478,412.33038,1972.3395	311.53928,331.43625,2287.3774	0.0,0.0,0.0	361.01532,407.3725,2064.9849	263.59674,322.5155,2308.171	369.3349,476.01968,2289.5479	382.3802,253.39247,2030.0635	169.08192,229.3543,2196.7388	
311.55087,169.66626,2337.7827	305.7037,220.95529,2327.9954	268.26404,215.9718,2347.8254	229.10764,266.30783,2317.0676	305.7037,220.95529,2327.9954	343.7867,226.0244,2308.1653	381.85175,278.9302,2279.7007	298.06042,273.10596,2315.3198	266.50543,322.08246,2315.132	251.27399,410.0644,1973.2793	314.42038,329.62003,2290.1565	0.0,0.0,0.0	367.783,407.11456,2064.922	266.50543,322.08246,2315.132	371.02145,476.131,2289.922	377.38065,251.49019,2033.586	167.14099,235.8981,2211.5881	
310.1983,169.14232,2346.2908	305.606,220.40247,2333.789	268.1908,216.53978,2354.906	230.29803,268.11435,2323.026	305.606,220.40247,2333.789	343.7045,224.3357,2312.672	381.45883,275.29114,2285.3035	299.36035,272.5923,2318.478	269.16074,322.40118,2316.4597	256.07404,409.02704,1969.9313	317.17975,328.58646,2289.8743	0.0,0.0,0.0	373.62744,409.6986,2055.8643	269.16074,322.40118,2316.4597	370.28998,477.31805,2286.7944	376.783,250.12512,2030.0543	165.67574,242.84943,2222.064	
309.031,168.95038,2352.6306	306.31998,219.8628,2337.4683	268.70245,217.57451,2356.0127	231.4736,271.18326,2321.595	306.31998,219.8628,2337.4683	344.53918,222.18768,2318.9238	381.40533,274.22272,2297.1875	302.2787,272.13348,2319.5225	274.0833,323.21936,2313.2573	263.50327,410.51395,1967.685	322.51117,327.2397,2289.896	0.0,0.0,0.0	382.11523,410.42145,2048.1135	274.0833,323.21936,2313.2573	373.30362,475.61655,2288.1519	379.90598,249.22464,2039.5823	164.86777,250.43808,2223.5715	
308.11108,168.33205,2354.3088	307.35928,219.32768,2340.6165	269.59332,218.72067,2356.4026	232.43028,274.6721,2314.3433	307.35928,219.32768,2340.6165	345.63812,219.94295,2324.8303	383.94376,272.60492,2309.6863	305.78787,271.6308,2323.0874	280.00125,323.88763,2315.5002	268.57904,412.75885,1975.265	328.59344,325.57816,2295.6165	0.0,0.0,0.0	387.24127,410.7882,2048.186	280.00125,323.88763,2315.5002	373.7031,474.50476,2292.6252	383.49182,248.76965,2048.874	163.51048,257.95255,2219.4993	
307.64856,168.28455,2354.5693	308.0568,219.44315,2342.4214	270.29987,219.73766,2358.5957	233.4379,276.84167,2308.1472	308.0568,219.44315,2342.4214	346.33878,219.14453,2326.247	385.6033,270.50903,2319.345	307.75763,271.76382,2325.8877	283.30338,324.55972,2319.5295	269.22003,413.26694,1979.8685	331.81876,325.11002,2299.1785	0.0,0.0,0.0	387.87238,413.07346,2043.7397	283.30338,324.55972,2319.5295	370.3053,476.2347,2288.4436	383.17294,247.98048,2060.319	162.67398,264.86426,2219.5415	
307.39975,168.37198,2354.721	308.5219,219.36646,2344.838	270.7325,220.23897,2359.756	236.04475,278.74655,2301.0728	308.5219,219.36646,2344.838	346.79523,218.48276,2329.9197	384.5539,269.76782,2320.1943	309.11295,271.6576,2329.625	285.56018,324.76846,2323.7993	273.1715,412.97955,1982.5863	334.06003,324.50284,2305.025	0.0,0.0,0.0	389.67062,412.77515,2045.464	285.56018,324.76846,2323.7993	370.31058,475.35043,2291.7183	377.3284,246.97461,2066.5923	164.00984,273.16452,2209.0127	
307.43896,168.16435,2354.7788	309.04636,219.24374,2346.1675	271.29938,220.58707,2361.629	239.18158,279.4809,2296.024	309.04636,219.24374,2346.1675	347.29413,217.8826,2330.706	383.83774,268.00012,2323.092	310.30103,271.5103,2331.9045	287.45496,324.83832,2327.3723	279.1443,412.6811,1984.6644	335.8907,323.9986,2307.911	0.0,0.0,0.0	391.29544,412.6891,2044.1926	287.45496,324.83832,2327.3723	370.88593,475.58917,2289.242	381.15372,244.75363,2073.4868	166.57953,280.41785,2198.633	
307.7176,168.2217,2354.3276	309.823,219.47826,2346.4749	271.99588,221.18431,2359.8286	241.18806,280.13284,2291.5166	309.823,219.47826,2346.4749	348.0831,217.75266,2333.121	382.56076,268.03308,2331.0679	311.67896,271.73157,2333.1143	289.4074,325.29584,2328.1597	285.81784,412.51492,1983.2087	337.88086,323.8726,2311.3477	0.0,0.0,0.0	392.95602,411.91223,2047.6019	289.4074,325.29584,2328.1597	371.32355,475.85394,2288.4382	382.83145,243.52318,2081.8958	168.47107,286.06824,2188.5085	
308.7516,168.5261,2355.65	311.4831,219.65672,2347.2832	273.4973,221.8365,2354.7896	244.02829,280.43088,2283.8176	311.4831,219.65672,2347.2832	349.71262,217.46297,2339.7769	383.96774,268.64163,2337.0989	314.18567,271.85684,2333.9084	292.6763,325.8357,2325.262	293.47412,413.66284,1982.1572	341.2615,323.47684,2315.8054	0.0,0.0,0.0	395.87595,409.63898,2056.0317	292.6763,325.8357,2325.262	372.43405,475.88617,2287.4539	386.25345,242.32661,2087.4673	171.59355,291.68237,2168.7952	
309.88614,167.46019,2355.8237	312.9279,218.59561,2348.0862	274.81253,221.12303,2347.7678	247.0607,280.41476,2274.9802	312.9279,218.59561,2348.0862	351.0329,216.06888,2348.4045	387.53156,267.804,2343.1223	316.36435,270.7317,2335.1938	295.55914,325.0657,2322.1008	296.5032,415.3649,1987.2253	344.1146,321.82782,2322.5022	0.0,0.0,0.0	395.96497,405.68085,2064.9202	295.55914,325.0657,2322.1008	372.90128,474.03223,2289.3127	387.18875,241.71198,2096.0325	174.77072,295.86395,2153.1458	
311.1652,166.39235,2356.858	314.32516,217.52538,2347.798	276.13013,220.1666,2342.4734	249.70094,280.37143,2265.5112	314.32516,217.52538,2347.798	352.34738,214.89609,2353.1228	388.39166,263.96307,2356.581	318.08685,269.64514,2334.8745	297.61768,324.17578,2318.6	297.74554,418.06323,1997.0742	346.0931,320.5196,2325.3018	0.0,0.0,0.0	395.578,403.38727,2072.3408	297.61768,324.17578,2318.6	372.89322,474.8504,2284.776	385.398,241.40544,2101.4563	178.63231,300.45575,2129.6147	
312.30914,165.08774,2357.3596	315.28378,216.16512,2347.5762	277.04816,218.70404,2336.9626	253.26343,279.49384,2258.7595	315.28378,216.16512,2347.5762	353.17523,213.64903,2358.1897	390.0528,264.13422,2362.7937	319.0994,268.28146,2334.379	298.67944,322.90665,2314.5007	297.44177,420.20758,2007.8748	347.098,319.0852,2327.8625	0.0,0.0,0.0	395.4578,401.55267,2079.8088	298.67944,322.90665,2314.5007	372.5121,474.45035,2286.1477	390.40555,240.51271,2104.115	183.92352,302.03018,2107.5554	
313.6218,164.24707,2357.5986	316.34683,215.01411,2347.0159	278.0889,217.34485,2332.6963	255.53323,278.30304,2254.3699	316.34683,215.01411,2347.0159	354.14075,212.71165,2361.3354	390.35736,264.29248,2358.892	320.0227,267.1488,2333.8525	299.47382,321.76382,2311.6777	297.06985,422.30508,2022.0906	347.819,318.0007,2329.7007	0.0,0.0,0.0	396.34164,399.84692,2086.9585	299.47382,321.76382,2311.6777	372.70578,472.9911,2291.6018	394.17065,237.57741,2106.5886	189.43141,304.13983,2087.0073	
314.47003,162.03018,2356.72	317.07648,213.08813,2346.6865	278.81396,215.25801,2329.925	257.9628,276.92993,2252.6736	317.07648,213.08813,2346.6865	354.7963,210.94902,2363.448	388.2751,263.54758,2353.9458	320.62958,265.23114,2334.0645	299.97607,319.7966,2310.894	297.12964,422.75626,2037.8685	348.24725,316.10254,2331.9907	0.0,0.0,0.0	396.01978,395.755,2099.356	299.97607,319.7966,2310.894	372.6112,471.4693,2292.975	388.64755,236.22815,2102.5571	195.64578,305.11005,2067.424	
315.97192,161.05615,2356.2656	318.2499,212.26295,2344.5562	279.994,214.00789,2323.792	259.7289,274.63687,2248.311	318.2499,212.26295,2344.5562	355.83417,210.54866,2365.3203	386.09515,263.32303,2348.4587	321.42172,264.46817,2330.9243	300.37683,318.9914,2304.2195	297.09943,423.9021,2043.7307	348.6127,315.60297,2330.3655	0.0,0.0,0.0	396.33423,394.3927,2104.9146	300.37683,318.9914,2304.2195	371.61606,471.6614,2290.303	378.71237,236.13985,2102.4087	201.50926,304.9131,2050.1472	
317.05478,158.33958,2355.55	318.98392,209.76576,2344.7532	280.79028,211.26271,2320.604	259.3819,271.66144,2248.1426	318.98392,209.76576,2344.7532	356.3988,208.29933,2368.9023	384.13715,263.29184,2350.2236	321.97186,261.96695,2331.62	300.8103,316.4019,2303.2856	297.18765,422.84152,2058.1055	348.862,313.1386,2333.6885	0.0,0.0,0.0	394.92667,389.10577,2121.1191	300.8103,316.4019,2303.2856	371.26312,469.6659,2291.2988	371.86462,235.95634,2104.0515	207.58272,304.34857,2037.9089	
317.5678,156.57089,2355.7166	319.67172,207.65616,2343.963	281.5736,209.2025,2316.0774	260.0547,268.5372,2246.0825	319.67172,207.65616,2343.963	356.874,206.14618,2371.8484	383.20105,262.1852,2349.629	322.94623,259.8425,2330.2876	302.14774,314.42737,2299.0571	296.44464,422.3876,2069.963	350.0084,310.88943,2334.1675	0.0,0.0,0.0	395.36655,387.8107,2128.3865	302.14774,314.42737,2299.0571	372.10867,469.90765,2291.0166	367.9652,235.63913,2101.7476	213.96472,301.6803,2032.1091	
318.65884,154.8269,2355.2761	320.3514,206.06108,2343.1218	282.34818,207.3355,2311.7478	258.46555,265.30298,2245.028	320.3514,206.06108,2343.1218	357.35037,204.82034,2374.4958	383.25192,259.72888,2357.3079	323.42923,258.27142,2329.6714	302.51294,312.79907,2296.4702	294.1758,421.95096,2084.4592	350.1663,309.4062,2335.9717	0.0,0.0,0.0	393.09717,386.47223,2136.246	302.51294,312.79907,2296.4702	371.26077,469.9704,2292.27	369.26273,233.87679,2104.8694	219.76382,299.44766,2027.4967	
319.5878,152.25949,2362.5535	321.18726,203.11462,2345.4043	283.39517,203.85477,2309.6355	256.9727,262.4353,2241.987	321.18726,203.11462,2345.4043	357.84396,202.39671,2381.173	382.66327,259.01724,2357.154	323.9915,255.22906,2328.6174	302.88458,309.6034,2289.3083	291.56204,419.27798,2087.8726	350.32614,306.62634,2334.3528	0.0,0.0,0.0	391.46225,382.80716,2141.613	302.88458,309.6034,2289.3083	371.7373,467.62744,2292.9426	366.92706,233.03082,2108.5618	224.81583,298.55023,2021.8972	
320.01926,149.95569,2365.7085	321.68033,200.38957,2346.262	283.98563,200.9182,2308.4556	255.50037,260.2029,2242.4878	321.68033,200.38957,2346.262	358.1795,199.87772,2384.0684	382.1277,258.79523,2356.587	324.42767,252.45685,2328.4683	303.3276,306.75366,2286.8806	290.3308,417.20053,2106.036	350.62012,303.9275,2334.4685	0.0,0.0,0.0	390.5871,381.38953,2151.7583	303.3276,306.75366,2286.8806	370.6078,466.8872,2297.9192	372.9646,230.0118,2112.4238	229.44902,297.72906,2015.8787	
320.07684,148.42764,2367.784	321.8362,198.6527,2345.7014	284.29562,198.90128,2304.5718	251.01326,257.0425,2241.7373	321.8362,198.6527,2345.7014	358.08298,198.41267,2386.831	382.7464,256.0924,2359.8003	324.5327,250.69751,2326.4116	303.46048,304.96207,2281.2288	289.29453,415.89923,2112.7769	350.5595,302.29312,2333.015	0.0,0.0,0.0	383.9781,394.46213,2179.0671	303.46048,304.96207,2281.2288	371.86545,480.43225,2316.581	378.83844,228.02693,2108.6392	233.24121,297.15924,2015.9353	
320.72064,145.00922,2368.8037	321.95203,195.29877,2345.9917	284.55942,194.98918,2302.137	248.29955,254.03557,2242.8472	321.95203,195.29877,2345.9917	357.9723,195.59698,2389.8464	383.20093,252.94821,2355.8857	324.15973,247.32246,2326.245	302.2901,301.32898,2278.4434	278.60507,409.76318,2161.948	349.9408,299.17117,2334.5537	261.9363,519.7904,2130.771	379.7328,398.36118,2206.579	302.2901,301.32898,2278.4434	371.11108,486.15216,2329.0352	380.55597,226.45288,2102.7883	237.22592,295.26016,2021.5571	
320.57452,142.82343,2370.3398	322.0932,192.89374,2345.942	284.80377,192.50697,2300.278	247.32977,251.36043,2247.4236	322.0932,192.89374,2345.942	357.95868,193.26572,2391.6057	384.14667,250.75691,2354.4578	324.44754,244.87387,2325.288	303.3384,298.85718,2276.0803	274.20535,405.8164,2189.3472	349.77444,296.74045,2333.1882	248.39667,514.2255,2146.3687	378.90115,399.21655,2215.3293	303.3384,298.85718,2276.0803	371.5946,488.5642,2327.9255	382.05402,225.50476,2099.9639	239.52419,292.77155,2025.3296	
320.55457,138.54143,2377.6023	322.06482,188.3689,2350.0288	285.0575,187.5596,2301.0342	246.01607,247.49066,2243.7053	322.06482,188.3689,2350.0288	357.56055,189.14513,2399.0234	384.09607,247.80174,2359.7405	324.39648,240.15051,2326.8062	303.11752,293.88516,2272.5662	271.8694,400.1834,2204.1436	349.80417,292.09134,2334.6008	242.1955,507.52017,2158.562	376.18777,396.44104,2227.83	303.11752,293.88516,2272.5662	371.56644,487.21936,2330.7864	378.90732,225.11725,2105.0195	240.9554,291.44244,2029.2769	
320.37564,136.33356,2373.7185	321.6765,186.38599,2347.9822	284.7203,185.39105,2297.5398	245.38132,244.64294,2242.8364	321.6765,186.38599,2347.9822	357.07825,187.33908,2398.4246	383.6839,245.6141,2358.3625	323.77228,238.2488,2326.436	302.4069,291.91232,2273.0752	273.72064,399.56836,2186.527	348.76767,290.2728,2336.7046	236.33145,498.66675,2189.2253	373.65445,395.54913,2234.9211	302.4069,291.91232,2273.0752	370.48117,488.19812,2325.4011	374.60574,223.58707,2106.5745	242.38235,290.07227,2034.8209	
319.97125,134.74277,2371.8247	321.2786,184.65079,2345.2288	284.2439,183.60963,2295.071	245.62968,242.44666,2244.0083	321.2786,184.65079,2345.2288	356.76233,185.64835,2395.3865	381.01312,241.71474,2354.161	323.3572,236.5571,2323.4995	301.94702,290.2389,2270.1726	273.71936,398.46967,2177.6492	348.36594,288.66946,2333.368	233.74664,495.16388,2198.203	371.6109,394.78714,2233.5464	301.94702,290.2389,2270.1726	371.9466,488.18042,2319.8438	371.86084,220.31435,2097.7156	243.30566,289.11282,2040.6941	
319.8553,132.56503,2363.8333	320.78656,182.78757,2340.712	283.60672,181.75436,2291.4204	246.11325,241.98758,2251.4985	320.78656,182.78757,2340.712	356.4328,183.77814,2390.0034	379.90607,239.14116,2347.5674	322.68732,234.83983,2321.1594	301.04495,288.55515,2270.5671	272.82196,396.83417,2178.522	347.56836,287.01855,2332.6467	231.83414,491.95218,2209.5237	368.94592,393.51437,2242.6804	301.04495,288.55515,2270.5671	372.39035,487.90247,2319.9316	367.60257,218.47925,2093.7607	244.6421,286.0134,2040.9941	
318.9459,130.89853,2359.8435	320.11215,181.15106,2338.158	283.01462,180.10478,2286.9094	246.09096,239.71399,2251.2375	320.11215,181.15106,2338.158	355.61832,182.15245,2389.4065	379.07324,237.85255,2345.289	322.0798,233.27666,2319.85	300.59497,287.06186,2269.2732	272.15234,395.33112,2179.0383	346.91315,285.42416,2333.8113	231.92542,490.92596,2210.7097	366.38388,392.13794,2250.3052	300.59497,287.06186,2269.2732	373.05725,486.73853,2323.175	361.4697,217.42082,2100.3472	245.67609,283.25577,2040.8196	
317.3351,128.85345,2357.359	318.7935,179.13417,2334.452	281.564,178.13579,2283.779	247.30942,239.98834,2257.648	318.7935,179.13417,2334.452	354.4411,180.09013,2385.1248	378.95044,238.06583,2347.1274	320.86038,231.32016,2315.9705	299.3934,285.1936,2265.5881	269.8275,393.16354,2182.6887	345.8822,283.5211,2329.39	231.58566,489.86652,2211.9626	363.20212,390.55463,2255.586	299.3934,285.1936,2265.5881	373.574,486.7055,2314.135	352.23618,216.79674,2116.0696	254.46532,276.10367,2035.2437	
317.40662,126.57694,2356.1223	318.43112,176.935,2332.8257	281.10046,175.5465,2283.1143	248.40195,238.33264,2255.8403	318.43112,176.935,2332.8257	354.20398,178.26556,2382.537	375.1791,237.68877,2349.5728	320.05124,229.11848,2313.0454	298.02243,282.7763,2261.968	268.40985,390.70404,2185.8228	344.7387,281.64346,2324.5623	231.65851,488.22888,2212.9495	359.89935,388.72183,2265.6948	298.02243,282.7763,2261.968	374.38824,486.40778,2306.1284	351.1132,214.31477,2116.336	264.2306,267.59424,2027.013	
316.30856,125.523384,2355.9995	317.39325,175.62701,2331.0872	279.91177,174.20947,2282.893	252.50426,237.12086,2254.4338	317.39325,175.62701,2331.0872	353.35632,176.9871,2379.2812	373.7235,236.62325,2337.2883	319.04123,227.78098,2309.4155	296.9021,281.4358,2257.403	268.0588,389.55002,2189.2532	343.91528,280.4237,2318.0847	231.82932,487.54626,2213.6484	357.69006,387.67828,2268.6045	296.9021,281.4358,2257.403	374.47607,485.8495,2302.5488	354.46912,211.7324,2099.9873	274.51117,256.8987,2022.4521	
315.5819,124.842094,2355.4417	316.66302,174.63947,2329.3706	279.04953,173.16104,2282.586	252.42514,233.54352,2242.2349	316.66302,174.63947,2329.3706	352.79535,176.05968,2376.1553	374.24216,235.82837,2325.147	318.25848,226.77429,2306.1284	295.9429,280.4046,2253.4333	266.7203,388.312,2194.0454	343.21997,279.5478,2312.339	232.49042,487.44873,2213.715	356.76764,386.80176,2270.9814	295.9429,280.4046,2253.4333	374.03635,484.88788,2304.8723	360.498,210.45981,2082.8872	284.38275,246.76688,2024.3145	
315.1867,124.93254,2355.6633	315.77554,174.842,2327.9675	278.0633,172.98456,2282.2239	252.84546,230.6657,2225.631	315.77554,174.842,2327.9675	352.03433,176.62784,2373.7112	375.7747,234.44492,2323.0852	316.86255,226.96616,2303.1023	293.91315,280.39087,2249.4385	265.3063,388.60724,2192.7183	341.43268,280.06937,2307.0356	230.98611,487.25775,2216.2275	354.70532,387.50452,2269.0928	293.91315,280.39087,2249.4385	372.03186,485.09357,2307.498	362.13455,209.71437,2074.2563	294.02127,236.83217,2026.0994	
314.5755,124.16847,2355.2412	315.22073,174.05609,2327.6284	277.4635,172.30106,2282.3042	253.98083,228.6569,2209.3132	315.22073,174.05609,2327.6284	351.5356,175.74411,2372.9526	376.4641,234.4832,2320.0022	316.39874,226.19557,2303.208	293.52527,279.66837,2250.2556	266.3051,388.04413,2197.0618	341.08325,279.24207,2307.3196	233.01169,486.11646,2225.7197	354.7762,386.47717,2272.457	293.52527,279.66837,2250.2556	374.3216,482.71368,2316.6353	359.66205,209.36765,2076.8174	302.58713,228.8279,2025.4517	
314.4379,123.39754,2355.5557	315.20197,173.41107,2327.997	277.49728,171.63554,2281.8572	255.78035,226.54509,2193.6375	315.20197,173.41107,2327.997	351.44113,175.11757,2374.137	375.72165,232.99782,2312.027	316.44562,225.53178,2303.479	293.67535,279.0006,2249.9146	265.8789,387.36078,2193.6184	341.1516,278.55304,2308.0073	234.06924,485.62415,2225.606	354.84,385.86197,2270.7559	293.67535,279.0006,2249.9146	373.10373,481.55927,2321.3708	358.2704,208.22548,2069.3176	309.54697,222.21037,2026.8582	
314.27237,123.52448,2355.7349	315.02222,173.20653,2327.7214	277.32812,171.4696,2281.2427	257.21603,224.9224,2181.335	315.02222,173.20653,2327.7214	351.24045,174.87546,2374.2002	372.42035,230.01625,2310.5508	316.41547,225.29863,2302.3977	293.79404,278.8109,2247.8142	265.3165,387.13446,2190.8264	341.27524,278.2945,2306.3337	234.23642,485.87598,2222.1418	353.49197,385.88324,2268.3064	293.79404,278.8109,2247.8142	374.66437,481.3213,2317.1409	358.4364,207.73323,2065.2505	314.58902,216.79044,2027.2551	
313.57217,123.61502,2357.316	314.22217,173.2298,2327.2205	276.5199,171.34714,2280.4902	259.31772,223.8135,2172.1816	314.22217,173.2298,2327.2205	350.4401,175.03835,2373.9507	372.17944,229.6418,2308.2988	315.5617,225.26642,2300.1094	292.84338,278.72058,2243.5798	264.43,387.199,2189.0532	340.40747,278.37265,2302.4167	232.95267,486.47156,2216.37	352.69772,386.01056,2267.4922	292.84338,278.72058,2243.5798	372.7783,481.81805,2315.8257	360.53357,206.8269,2057.3777	320.3833,212.70111,2028.7224	
313.37585,123.416534,2355.5967	314.3573,173.2654,2326.237	276.80725,171.40268,2276.9414	255.53632,222.73315,2174.8198	314.3573,173.2654,2326.237	350.3489,175.05081,2375.5327	372.97302,232.72287,2315.754	315.94943,225.32417,2299.2827	293.6053,278.88547,2241.2903	266.1601,387.46527,2192.9724	340.90732,278.35773,2303.3665	234.45192,486.49603,2220.1868	352.8947,385.75168,2273.419	293.6053,278.88547,2241.2903	374.63272,481.15857,2320.2512	360.34677,207.90923,2064.5293	318.53668,210.08412,2041.1787	
313.22968,123.621086,2348.7212	314.0481,173.9974,2323.1511	276.57538,172.21295,2271.8381	257.41492,219.97226,2159.8955	314.0481,173.9974,2323.1511	349.90118,175.70473,2374.464	372.0645,231.60524,2305.877	315.61127,226.25699,2299.7593	293.36908,279.97336,2244.0632	265.1935,388.13727,2198.3718	340.37695,279.21857,2308.6716	233.58252,487.13193,2224.1218	351.47668,386.45163,2279.0483	293.36908,279.97336,2244.0632	374.25888,481.90656,2322.0015	360.7677,207.01332,2057.9495	322.39902,206.59822,2041.4365	
313.01572,122.86523,2351.302	313.75476,173.15881,2323.8132	276.27393,171.08975,2272.6865	262.33017,218.15944,2150.4539	313.75476,173.15881,2323.8132	349.6219,175.13878,2374.94	374.0335,239.89302,2324.4612	315.1662,225.2951,2297.545	292.70316,278.83148,2239.0925	264.2074,387.26532,2190.9817	339.8493,278.44867,2303.4607	233.04611,486.62878,2217.7554	351.73465,385.95276,2271.397	292.70316,278.83148,2239.0925	374.46545,481.94244,2313.1235	360.23294,210.2523,2084.5847	328.22348,204.7793,2035.6777	
313.01324,123.17276,2352.5776	313.42694,173.29515,2324.052	276.01178,170.88411,2272.0154	270.44464,215.50363,2134.2166	313.42694,173.29515,2324.052	349.2033,175.6006,2376.0886	373.5605,246.1091,2341.129	314.43542,225.43701,2297.691	291.59103,278.79245,2238.5708	263.5418,387.22552,2193.8413	338.6646,278.786,2304.0889	233.2783,486.84558,2219.7393	351.02716,386.0914,2274.5627	291.59103,278.79245,2238.5708	373.1588,481.4795,2320.6902	358.92685,213.31601,2106.7522	338.72192,203.31992,2026.3486	
313.02332,123.0358,2353.7322	313.27347,172.98895,2323.6658	275.7587,170.36452,2273.035	270.8724,213.90173,2127.669	313.27347,172.98895,2323.6658	349.18826,175.50145,2374.2966	372.15063,250.85883,2344.1763	314.00732,225.07431,2295.575	290.7679,278.274,2235.6096	264.41983,387.26703,2190.847	338.08566,278.62155,2299.3586	232.73526,486.70123,2215.9294	351.78763,385.9767,2270.0225	290.7679,278.274,2235.6096	374.19006,481.96796,2312.763	356.86105,213.64726,2119.9863	341.46783,204.01949,2032.928	
312.9347,122.90433,2354.301	313.4239,172.8168,2323.3167	276.00504,170.01334,2271.3147	275.4038,213.33296,2120.827	313.4239,172.8168,2323.3167	349.2043,175.49753,2375.3186	372.39337,252.49385,2343.5767	314.09106,224.88779,2294.6375	290.8367,278.0278,2233.2212	265.31326,387.216,2191.1597	338.0317,278.5188,2298.6953	233.77043,486.94446,2214.4155	351.45883,385.85767,2271.1184	290.8367,278.0278,2233.2212	375.092,480.51984,2320.8271	355.9997,213.8458,2123.2969	347.097,204.38898,2032.9414	
313.2031,122.61732,2354.597	313.57632,172.6673,2323.4326	276.1975,169.81244,2270.929	279.34268,212.15825,2111.901	313.57632,172.6673,2323.4326	349.3031,175.39598,2375.9363	371.75098,252.4412,2347.153	314.2487,224.72394,2294.479	291.02283,277.84412,2232.4739	265.56888,386.97833,2192.7798	338.16595,278.3705,2298.577	233.83218,486.82498,2214.2043	350.98035,385.74506,2271.8909	291.02283,277.84412,2232.4739	375.94183,479.89166,2322.6821	354.60013,214.20119,2126.159	351.63568,203.94777,2027.2666	
313.58362,123.39452,2355.7449	313.62402,173.31586,2323.242	276.23773,170.22559,2270.9478	283.09454,211.14836,2106.9683	313.62402,173.31586,2323.242	349.36432,176.2701,2375.5361	371.1162,252.00696,2350.0752	314.00974,225.34648,2293.2925	290.45355,278.32953,2230.422	264.72226,387.4875,2191.4612	337.6709,279.1664,2296.264	233.2479,486.86188,2217.2483	350.2731,386.65973,2270.1377	290.45355,278.32953,2230.422	376.0154,481.27313,2316.6106	351.31088,214.74088,2130.4077	355.88535,203.78941,2030.4227	
313.7153,123.52178,2355.284	313.7714,173.45496,2322.6384	276.3574,170.47931,2270.57	287.01187,211.33765,2104.4841	313.7714,173.45496,2322.6384	349.54468,176.3001,2374.7068	371.5772,251.90108,2356.3591	314.27734,225.51007,2292.91	290.83444,278.57593,2230.403	265.59064,387.73068,2193.8662	338.0746,279.27942,2295.9597	234.11482,486.8431,2220.6987	350.51486,386.80975,2269.824	290.83444,278.57593,2230.403	377.7035,480.11334,2322.6125	349.90457,216.01936,2136.6956	360.0556,202.73181,2032.9644	
313.70706,124.051346,2355.579	314.07123,173.87663,2322.3323	276.77356,171.00687,2268.6384	287.60123,211.54932,2102.242	314.07123,173.87663,2322.3323	349.6832,176.61668,2376.0261	371.5192,251.774,2355.98	314.89944,225.92792,2292.3315	291.87082,279.1205,2228.5266	266.01785,388.27524,2191.2615	338.92535,279.59183,2296.135	234.89114,486.4414,2226.1616	351.90173,386.92892,2272.4226	291.87082,279.1205,2228.5266	377.3324,481.71307,2317.1694	349.31,214.48645,2140.4111	361.12222,203.1553,2032.8726	
313.77228,123.58628,2355.224	314.44073,173.50694,2322.6536	277.2093,170.71036,2268.202	289.53085,211.6494,2100.6077	314.44073,173.50694,2322.6536	349.96643,176.1754,2377.1052	372.43787,252.03696,2351.5654	315.46982,225.54005,2292.588	292.69995,278.78616,2228.2437	265.86398,387.53674,2194.3066	339.6414,279.12088,2296.8008	234.15872,486.74957,2219.4985	351.7902,386.41495,2275.0107	292.69995,278.78616,2228.2437	376.766,482.00964,2314.109	348.44806,213.90697,2141.3748	364.07776,204.5476,2037.9502	
314.0302,123.03391,2355.0098	314.58823,173.04312,2323.7034	277.37445,170.19246,2269.2974	291.59036,212.36465,2098.7727	314.58823,173.04312,2323.7034	350.09924,175.76335,2378.1094	372.94974,252.94952,2347.7778	315.4928,225.07549,2294.267	292.61548,278.25333,2230.5808	264.75308,386.57535,2197.448	339.517,278.66125,2299.0808	233.78915,485.93735,2222.333	350.86716,386.00034,2275.9001	292.61548,278.25333,2230.5808	374.854,480.98584,2321.1384	346.18777,213.20135,2148.253	366.13803,205.44307,2045.3572	
314.50546,123.479126,2355.4382	315.18448,173.404,2323.4282	278.16467,170.5159,2266.7197	293.18262,213.02142,2099.3833	315.18448,173.404,2323.4282	350.44022,176.15451,2380.1367	372.41187,253.82466,2347.4272	316.24442,225.44928,2294.1057	293.6646,278.682,2229.0789	265.7793,387.2386,2192.896	340.26437,278.9975,2300.4875	235.27498,486.34222,2222.222	351.54132,386.2658,2277.6702	293.6646,278.682,2229.0789	374.67978,481.55322,2321.7185	347.7157,212.90364,2146.7744	367.3314,205.90364,2045.9125	
314.8722,123.76852,2355.108	315.58246,173.80392,2323.4746	278.55225,170.96024,2266.9805	294.67682,213.49905,2100.6628	315.58246,173.80392,2323.4746	350.85468,176.5126,2379.9688	372.37286,254.5611,2347.4556	316.61285,225.88042,2294.7988	294.01157,279.13715,2230.5603	265.03876,387.19446,2197.0938	340.59595,279.4084,2301.6858	234.60959,486.8893,2220.8894	351.2284,386.73755,2277.9197	294.01157,279.13715,2230.5603	374.81793,481.9057,2321.9753	349.16522,213.95233,2142.9155	368.2337,205.96857,2042.5865	
314.98306,123.684395,2354.9873	315.40195,173.62907,2323.0688	278.3686,170.57755,2266.5515	295.43674,214.01195,2101.835	315.40195,173.62907,2323.0688	350.67618,176.53564,2379.5862	371.92227,255.29169,2350.9026	316.1574,225.71051,2294.2305	293.25897,278.84848,2229.813	263.36987,386.81302,2194.1194	339.87314,279.3791,2300.9712	233.94916,486.2348,2223.0498	350.26822,386.83997,2275.7407	293.25897,278.84848,2229.813	374.2046,482.14435,2318.9292	349.16855,214.8711,2145.1348	368.755,207.0923,2042.8713	
314.89185,123.47298,2354.9358	315.164,173.42996,2322.5552	278.03546,170.25806,2267.1392	291.91083,214.61299,2107.9397	315.164,173.42996,2322.5552	350.56207,176.45407,2377.9712	371.65298,255.65701,2355.3423	315.72534,225.48901,2292.8943	292.53812,278.53238,2228.3464	263.53967,386.65005,2195.776	339.34317,279.28125,2298.1204	233.45326,486.5411,2219.3713	350.1815,386.64825,2276.4028	292.53812,278.53238,2228.3464	374.65106,482.1899,2316.6843	349.1372,216.38638,2146.2527	365.68625,207.78828,2046.3542	
314.5962,123.11747,2355.4004	314.7453,172.85614,2322.985	277.50018,169.67685,2269.0918	292.54523,214.44414,2105.982	314.7453,172.85614,2322.985	350.30148,175.89124,2376.8784	369.35394,252.85481,2352.663	315.14902,224.90611,2293.4712	291.71704,277.88107,2230.0283	263.4705,385.9467,2200.378	338.70523,278.73254,2297.8862	233.16264,485.95212,2221.1152	349.37122,385.87283,2280.7441	291.71704,277.88107,2230.0283	375.09753,482.07874,2312.0576	348.21716,220.18427,2132.945	365.9677,208.14476,2040.6345	
314.41684,122.764534,2354.651	314.02155,172.36057,2321.9253	276.58997,168.88078,2270.4568	293.1225,214.75757,2104.014	314.02155,172.36057,2321.9253	349.82968,175.68942,2373.3938	370.01556,253.45024,2366.4739	313.8611,224.38577,2291.438	289.68057,277.1153,2228.545	261.9897,385.4649,2197.7017	337.03348,278.493,2293.3564	231.97394,486.10138,2215.4312	346.70422,385.7856,2278.932	289.68057,277.1153,2228.545	375.2027,481.71356,2306.9329	350.52753,221.17294,2140.0422	367.284,208.10135,2043.2133	
