292.62082,120.793396,2399.728	290.5057,169.8808,2370.423	253.10886,166.28532,2326.5212	243.2828,226.53792,2217.3875	290.5057,169.8808,2370.423	326.5425,173.34552,2414.325	326.48618,239.72197,2413.8901	288.7208,221.05864,2346.755	262.95282,272.2283,2295.4011	262.8626,380.39307,2269.1506	310.28217,274.30557,2350.7722	252.17435,477.58234,2318.5564	325.36185,380.30377,2274.9155	262.95282,272.2283,2295.4011	331.95108,477.81842,2323.2947	320.78717,306.2945,2377.9287	312.8848,226.95905,2120.0256	
291.44876,120.49929,2407.338	289.66168,169.50423,2375.232	252.7102,165.46976,2324.0593	242.13684,226.09393,2211.7534	289.66168,169.50423,2375.232	325.05453,173.36853,2426.4045	325.0095,239.41454,2426.0566	287.96664,220.51562,2349.8328	262.55756,271.51413,2292.1602	262.90784,379.60236,2270.5654	309.2631,273.73862,2356.707	251.72095,476.78888,2319.2764	323.4622,379.42303,2288.3186	262.55756,271.51413,2292.1602	329.13794,475.77957,2341.9539	319.90356,305.70053,2393.6233	312.7362,227.19739,2123.2659	
290.402,121.34894,2411.1624	288.73276,169.9583,2376.5398	251.91357,165.77414,2322.9624	240.36697,225.49486,2211.457	288.73276,169.9583,2376.5398	323.9284,173.95795,2430.1172	323.89233,239.90317,2429.8389	287.1386,220.88036,2349.3872	261.90485,271.83673,2288.4678	262.84268,380.042,2268.1074	308.433,274.11655,2356.0015	250.8271,476.922,2318.9712	322.63388,379.77747,2291.3555	261.90485,271.83673,2288.4678	328.70273,477.2418,2335.291	319.3045,306.1276,2400.596	311.5693,227.95709,2126.1396	
289.60947,121.65699,2413.575	288.03714,170.16504,2377.824	251.331,165.9006,2322.4348	239.53883,225.44228,2209.3096	288.03714,170.16504,2377.824	323.0721,174.23535,2433.2131	323.0432,240.09668,2432.9905	286.50345,221.04643,2350.2703	261.38403,271.97696,2287.7815	262.33096,380.05896,2270.5747	307.78485,274.2587,2357.6516	251.50058,477.05173,2320.9204	322.0394,379.78766,2295.5415	261.38403,271.97696,2287.7815	328.7862,476.83978,2341.1616	318.92148,306.25775,2406.6304	311.74872,229.4897,2128.947	
289.39456,121.634476,2414.2815	287.74826,170.09225,2378.1116	251.30766,165.60327,2318.9688	239.80952,224.87709,2205.7366	287.74826,170.09225,2378.1116	322.42032,174.36336,2437.2544	322.39722,240.1155,2437.0762	286.22943,220.96469,2350.5176	261.29144,271.85272,2285.5994	263.38315,380.28815,2262.5962	307.318,274.20105,2360.2478	251.07637,475.43048,2326.5776	321.61813,379.56476,2299.804	261.29144,271.85272,2285.5994	329.11685,476.826,2342.0852	318.6966,306.17444,2413.3196	312.71094,230.15007,2123.5103	
289.2709,121.34596,2415.1448	287.69043,169.92004,2379.232	251.44998,165.26054,2317.6812	239.475,225.1603,2190.9565	287.69043,169.92004,2379.232	322.10306,174.34456,2440.7827	322.08456,240.00165,2440.6401	286.22095,220.73462,2350.8286	261.45496,271.55765,2283.5854	263.58276,380.028,2262.0015	307.21094,273.986,2361.2651	251.80617,475.52167,2324.55	321.75284,379.32202,2298.3477	261.45496,271.55765,2283.5854	329.74954,476.91397,2338.2812	318.76343,305.96356,2419.234	314.18237,233.03842,2119.3657	
289.24478,121.642006,2415.5762	287.5424,170.22359,2378.8342	251.53003,165.26115,2314.5342	241.46979,225.90163,2174.064	287.5424,170.22359,2378.8342	321.65915,174.92484,2443.1343	321.64435,240.51875,2443.0203	286.0481,220.97568,2348.6538	261.36734,271.69867,2277.8923	263.48093,380.48334,2255.6223	306.86615,274.35306,2359.0544	251.64713,476.09045,2319.241	321.1578,379.82486,2296.7517	261.36734,271.69867,2277.8923	329.42023,477.53024,2336.1338	318.66058,306.41537,2423.7346	317.88477,238.21364,2123.8853	
289.42282,121.846275,2415.2917	287.79193,170.36813,2378.9595	252.20456,165.08537,2310.2363	246.70044,227.40039,2153.1191	287.79193,170.36813,2378.9595	321.38092,175.35423,2447.6826	321.3691,240.82628,2447.5913	286.30716,221.09654,2348.245	261.90494,271.74298,2274.15	264.66556,380.57263,2254.2908	306.82037,274.54376,2360.9116	252.08788,475.75397,2320.5544	321.49103,379.909,2297.37	261.90494,271.74298,2274.15	329.8908,476.88428,2342.135	318.69147,306.59177,2430.2183	323.2106,246.70105,2144.3545	
289.52615,122.04379,2415.1584	287.8194,170.66425,2379.6396	252.64807,165.01898,2307.0603	255.03954,230.66205,2130.6492	287.8194,170.66425,2379.6396	320.90875,175.97534,2452.219	320.8993,241.3263,2452.146	286.27713,221.33627,2347.914	262.0754,271.84885,2270.3857	264.63818,381.00375,2247.7686	306.43265,274.88403,2361.9912	252.41971,474.75067,2325.413	321.72845,380.21985,2293.0203	262.0754,271.84885,2270.3857	329.52454,476.4302,2345.246	318.4947,306.9596,2436.4978	330.96664,255.12321,2172.3186	
289.21158,122.158455,2416.0447	287.69586,170.95554,2379.514	252.97086,165.03487,2302.4688	246.95134,228.89127,2137.3528	287.69586,170.95554,2379.514	320.2427,176.50482,2456.559	326.60217,226.63637,2428.406	286.51645,221.5102,2345.1875	262.9721,271.97113,2262.294	266.21756,381.56787,2238.2778	306.71252,275.09674,2359.4282	253.54282,475.4471,2317.25	322.5587,380.42523,2293.0996	262.9721,271.97113,2262.294	331.25574,477.44516,2338.4692	328.57532,259.81873,2366.599	320.36066,253.41548,2120.052	
288.87988,123.09101,2424.006	288.10632,171.36227,2383.9377	254.11206,165.08673,2301.616	246.47643,229.32951,2134.2153	288.10632,171.36227,2383.9377	319.8312,177.21886,2466.2595	333.14648,229.77554,2422.7078	287.42148,221.65303,2346.208	264.8343,271.90433,2256.6052	268.9246,381.55164,2236.5007	307.63242,275.19708,2360.3513	254.55826,475.1076,2316.4246	323.60022,380.36636,2298.5295	264.8343,271.90433,2256.6052	333.03775,477.59467,2340.035	337.49866,271.2298,2310.7258	318.31223,256.62155,2091.3865	
288.59958,124.743,2419.9766	288.19525,173.04697,2382.454	254.89001,166.94754,2294.67	250.0657,230.83578,2122.648	288.19525,173.04697,2382.454	319.1334,178.71289,2470.2383	337.461,231.84384,2418.402	288.0189,223.5072,2346.9473	266.49155,274.12152,2256.1462	269.80396,383.8293,2236.3203	308.18524,276.84863,2366.7346	254.65228,476.7331,2319.16	325.24548,381.56476,2305.8645	266.49155,274.12152,2256.1462	330.5461,478.4311,2349.4734	344.95862,276.79327,2272.213	321.505,262.52628,2077.124	
288.31155,124.71363,2417.4026	287.4848,173.04779,2380.9973	254.64368,166.36569,2289.9846	255.47813,232.928,2109.799	287.4848,173.04779,2380.9973	317.9077,179.23787,2472.01	340.39517,233.45503,2417.058	286.68954,223.558,2345.8525	264.82318,273.93777,2253.4236	267.90466,384.10956,2226.866	305.89868,277.19098,2367.992	251.77136,475.5482,2319.6726	323.23724,381.90924,2302.4678	264.82318,273.93777,2253.4236	328.14694,479.30847,2343.4817	352.29047,277.8917,2245.7688	327.0706,269.18835,2067.998	
288.346,125.645546,2424.6216	287.09644,173.23349,2381.4844	254.60974,165.26987,2289.3154	262.0664,235.4893,2098.3374	287.09644,173.23349,2381.4844	317.1622,180.60364,2473.6533	343.62167,234.06892,2420.0344	285.56778,223.32016,2339.1614	262.98743,272.77008,2238.8098	268.60522,383.7164,2207.7786	303.94345,277.61298,2354.867	252.40558,474.6706,2308.1653	323.82614,382.3357,2294.2349	262.98743,272.77008,2238.8098	328.802,481.57898,2322.9746	360.59628,274.07532,2232.2678	334.90472,275.52246,2062.3235	
288.2097,126.321266,2419.6753	286.07117,173.60762,2373.6624	253.65315,164.49861,2281.3752	266.41052,234.70616,2090.1343	286.07117,173.60762,2373.6624	316.06274,182.03482,2465.9495	346.0742,233.67992,2417.1133	283.60504,223.52522,2326.0845	259.93805,272.30276,2220.4153	269.84796,383.41586,2197.0544	301.08478,278.5919,2336.598	251.5841,473.67578,2301.6787	323.63937,383.26453,2287.1042	259.93805,272.30276,2220.4153	328.07977,482.7273,2316.9407	369.3285,266.93637,2216.783	339.5009,278.9575,2062.6895	
288.00964,126.955376,2425.282	286.0046,173.67833,2374.0728	253.93433,163.86911,2280.4656	272.28952,234.58746,2084.5464	286.0046,173.67833,2374.0728	315.6418,182.74338,2467.68	354.57635,227.03432,2437.02	283.31592,223.31927,2322.3677	259.547,271.56024,2211.7488	274.74057,381.61572,2202.832	300.4026,278.69653,2329.5764	254.13416,471.63684,2305.2214	326.00494,382.3089,2296.0803	259.547,271.56024,2211.7488	331.09515,480.64258,2331.819	395.74374,229.27812,2232.0562	344.97928,281.88232,2062.387	
287.57077,127.40458,2428.142	286.82193,173.844,2373.657	255.55179,163.88496,2275.7002	278.34586,234.55554,2084.8389	286.82193,173.844,2373.657	315.61343,183.01361,2471.6138	356.7418,223.7247,2440.5894	285.14767,223.31802,2319.016	262.9522,271.53827,2202.6892	280.52457,381.33716,2201.353	302.7488,278.62802,2326.0613	259.29706,472.0108,2299.9978	329.30542,381.82867,2301.449	262.9522,271.53827,2202.6892	334.57922,480.31055,2334.2288	400.55157,213.57805,2241.521	351.76743,283.22034,2062.6875	
287.03848,128.0722,2430.6582	288.15393,174.06993,2372.9282	257.89795,164.24985,2269.7083	285.67706,233.43575,2078.0808	288.15393,174.06993,2372.9282	315.88745,183.0713,2476.1482	357.19946,219.54823,2437.4492	288.4132,223.2847,2314.9832	268.96942,271.61633,2192.0247	284.3705,381.7223,2199.871	307.29813,278.24564,2322.0515	262.22446,472.74756,2295.7168	331.41452,382.07056,2301.4265	268.96942,271.61633,2192.0247	337.9439,480.36963,2335.0469	403.22964,198.33488,2248.3167	359.36896,283.24255,2053.7617	
286.9803,129.07416,2422.8806	289.9443,175.53003,2367.23	260.6055,166.4372,2258.966	293.45752,232.00671,2071.6833	289.9443,175.53003,2367.23	316.71686,183.82755,2475.494	356.7831,215.4808,2437.8303	292.05795,224.97472,2311.1592	275.32648,274.12286,2186.9077	286.69086,384.12857,2205.5435	312.11475,279.4718,2323.269	261.89813,474.43787,2299.586	332.26877,383.97247,2304.5835	275.32648,274.12286,2186.9077	338.39423,481.5604,2342.8066	401.5132,183.19887,2254.674	367.35248,282.36017,2040.2438	
286.83643,129.40967,2418.9827	291.58615,176.44965,2364.2483	263.22617,168.07086,2251.3423	300.82162,229.18567,2065.971	291.58615,176.44965,2364.2483	317.36087,184.06467,2477.1543	355.8361,214.29617,2440.0103	295.46893,226.02092,2310.4111	281.40234,275.82495,2185.489	286.59854,385.88098,2208.6653	316.56406,279.95984,2327.659	261.26138,475.3728,2305.5142	332.06604,384.96692,2309.941	281.40234,275.82495,2185.489	338.0811,482.4022,2347.5945	394.25272,172.37146,2261.1138	375.04797,278.06067,2028.8159	
286.56256,129.73929,2417.9968	292.50653,176.56477,2363.7473	265.68195,168.02963,2245.3088	303.47333,224.61203,2071.0627	292.50653,176.56477,2363.7473	316.7712,184.2854,2482.1858	353.84192,212.63344,2440.0815	297.18033,226.176,2310.963	285.0265,276.04773,2183.5806	284.64978,386.1524,2208.4783	318.02853,280.03366,2332.7764	257.74603,475.1827,2305.2166	329.32736,385.37714,2314.4124	285.0265,276.04773,2183.5806	335.02438,483.8291,2342.2607	386.64374,163.11696,2276.8018	377.25012,269.7391,2015.3132	
286.44635,130.07904,2416.9966	292.89215,176.95181,2363.7275	267.64053,168.38118,2240.1018	305.91202,221.09863,2075.6023	292.89215,176.95181,2363.7275	315.6337,184.6705,2487.3533	351.5517,206.14818,2457.6047	298.28412,226.64091,2312.8794	288.0041,276.6505,2184.187	285.02448,386.1585,2216.2312	318.77405,280.35007,2339.8755	256.10153,475.61398,2304.8118	328.96094,385.64758,2319.8667	288.0041,276.6505,2184.187	334.13623,484.63315,2341.5771	378.77493,155.6926,2298.3826	380.74997,259.42838,1999.3289	
285.97443,130.32703,2417.4546	292.14987,177.22392,2369.088	270.64386,168.53903,2236.2485	306.48227,218.75633,2077.345	292.14987,177.22392,2369.088	311.37216,184.98656,2501.9272	351.05847,198.52448,2465.3042	297.80176,227.1698,2324.6821	290.2557,277.36255,2196.2031	285.2002,385.9862,2231.3445	316.13754,280.63855,2364.3496	252.67221,475.48947,2307.9084	326.07944,385.2904,2335.6653	290.2557,277.36255,2196.2031	330.2239,483.3166,2360.3992	373.49167,151.73587,2314.5918	382.73132,247.41606,1986.074	
285.73163,130.36555,2416.145	290.9505,177.74387,2373.2954	274.5618,169.00623,2231.4546	307.689,215.80313,2080.2026	290.9505,177.74387,2373.2954	305.49072,185.49599,2515.1362	351.23596,185.13385,2498.5913	296.74652,227.97118,2336.067	292.71628,278.38538,2208.9365	285.51825,387.09213,2234.257	311.99048,281.15686,2388.7402	251.00912,476.4336,2306.6167	325.6276,385.01685,2334.5776	292.71628,278.38538,2208.9365	328.46097,483.01178,2360.3997	365.4162,150.79408,2318.3364	385.26834,234.38318,1978.5713	
285.13058,130.39935,2416.5093	289.4498,178.00339,2378.9568	277.2651,169.79675,2231.121	311.05734,213.0731,2079.6433	289.4498,178.00339,2378.9568	300.20874,185.24973,2526.7925	360.56143,203.96481,2486.0854	295.45682,228.42758,2349.5713	294.44293,279.22144,2227.156	284.94876,387.52216,2244.2004	308.23596,280.96667,2413.2156	247.4074,476.94464,2305.3477	326.5027,383.34842,2332.519	294.44293,279.22144,2227.156	328.89728,481.08563,2361.5366	389.26807,173.55301,2245.894	389.40094,222.34709,1975.1401	
284.98038,130.93463,2417.1453	288.72638,178.25014,2380.7375	278.88126,169.98553,2229.883	314.22433,209.12628,2073.295	288.72638,178.25014,2380.7375	297.3982,185.5298,2531.592	350.54788,218.72455,2484.674	294.46536,228.7931,2353.8118	294.66962,279.6632,2232.4072	282.69147,388.59326,2233.1616	305.56247,281.28262,2421.3647	243.94312,479.17932,2286.8506	328.50967,382.2813,2313.2112	294.66962,279.6632,2232.4072	329.6377,480.4443,2345.6313	384.91077,202.36797,2239.9053	392.91763,209.51003,1970.3342	
284.68115,131.3307,2416.9246	287.60794,178.73842,2377.9995	279.2464,169.65527,2225.8403	316.69006,203.37451,2069.5796	287.60794,178.73842,2377.9995	294.96378,186.7291,2530.1587	339.97665,230.21313,2483.6792	292.39658,229.36156,2348.624	292.47287,279.9647,2223.8003	279.29767,389.64435,2218.6836	301.75806,282.46646,2414.6968	239.95844,479.89618,2277.0518	327.75183,383.135,2295.3696	292.47287,279.9647,2223.8003	328.31155,481.4889,2332.251	377.44128,227.20149,2241.811	395.3945,197.17384,1969.5532	
284.32214,132.10663,2417.8845	287.10782,179.36569,2380.016	279.65073,170.37209,2226.9006	317.35468,197.02884,2061.2825	287.10782,179.36569,2380.016	293.66342,187.27206,2533.1316	330.8103,237.64886,2490.4668	291.74994,230.02286,2351.7415	292.22876,280.6932,2227.316	280.59686,389.79318,2230.831	300.44138,283.03574,2419.6177	240.9675,480.10147,2284.6365	330.78238,382.36304,2308.6636	292.22876,280.6932,2227.316	330.14752,480.71454,2341.1233	369.4273,246.48198,2256.8193	396.14914,184.97101,1971.281	
283.76547,132.35928,2417.8752	286.82156,179.72742,2379.5542	278.33292,171.04077,2226.6895	316.85403,188.70134,2053.1436	286.82156,179.72742,2379.5542	294.2854,187.36534,2532.419	329.22928,225.99965,2493.1104	291.4193,230.44403,2352.1855	291.1938,281.32376,2228.697	278.50397,390.46494,2229.4253	300.66522,283.3039,2420.9368	239.01706,481.2904,2280.5989	332.6434,382.09155,2301.9426	291.1938,281.32376,2228.697	331.3126,479.6966,2342.55	357.1373,219.92447,2279.1003	396.08493,174.30443,1976.5305	
283.2733,133.12888,2417.8674	286.1764,180.30429,2378.0781	277.91962,171.64389,2224.897	316.3171,183.9506,2049.0708	286.1764,180.30429,2378.0781	293.43384,187.9165,2531.2593	335.86035,235.89886,2478.0425	290.83847,231.06305,2350.8828	290.83017,282.01144,2227.342	278.36957,391.41016,2226.027	300.00858,283.9289,2420.033	238.31934,482.11804,2277.3362	332.8282,382.565,2299.2234	290.83017,282.01144,2227.342	330.062,480.27722,2339.6584	362.92282,220.7855,2245.7131	394.19067,164.32368,1981.2019	
282.9841,133.14435,2416.8503	286.82672,180.1178,2377.8777	276.4884,171.92432,2226.156	314.34686,173.88397,2040.0221	286.82672,180.1178,2377.8777	295.92487,187.32841,2529.5994	338.5409,239.38368,2467.6624	291.62497,230.89767,2351.5144	290.44296,282.0782,2229.5361	277.64587,391.10413,2231.538	302.14014,283.52063,2420.766	237.31905,482.2399,2277.5942	336.50342,381.61945,2299.3267	290.44296,282.0782,2229.5361	331.93918,478.87585,2342.9365	364.71262,220.61037,2248.3762	391.08643,153.77492,1991.9929	
282.5838,133.28537,2416.808	287.25024,180.42703,2376.0972	272.8327,172.68541,2229.355	315.5747,165.24425,2030.9651	287.25024,180.42703,2376.0972	299.99057,187.26808,2522.8394	339.45078,238.62909,2462.6172	292.26596,231.15529,2347.817	288.6945,282.4984,2226.6929	275.43948,392.04376,2222.434	305.4431,283.6947,2412.3804	236.194,483.11163,2274.3857	337.9285,382.9259,2289.7065	288.6945,282.4984,2226.6929	333.0267,480.5951,2333.0542	368.3811,219.21501,2236.1733	392.13623,145.62709,2004.0088	
282.0967,133.40277,2417.3232	287.58762,180.82718,2377.0935	269.90515,173.8226,2235.1965	315.81042,159.54553,2027.9536	287.58762,180.82718,2377.0935	303.27795,187.0426,2518.9905	340.7897,237.13297,2463.2434	292.66125,231.53915,2348.9302	287.11084,283.17416,2231.375	275.01694,392.1966,2233.1245	307.80798,283.76694,2410.1587	236.3992,484.27722,2276.8252	337.0193,384.2379,2295.7822	287.11084,283.17416,2231.375	332.56683,481.35284,2341.439	372.65826,220.04701,2227.7644	392.04993,138.09192,2017.147	
281.13504,133.05266,2420.0789	286.95114,180.16348,2378.911	267.11914,173.54916,2240.5261	313.37357,156.5492,2029.9486	286.95114,180.16348,2378.911	304.60266,186.05058,2517.2957	341.99786,235.58348,2461.344	292.11172,230.80325,2350.3477	285.3147,282.51144,2234.845	273.4336,392.03067,2226.9353	308.6115,282.85373,2408.7239	237.18565,482.90195,2285.8408	335.34332,384.11438,2296.2021	285.3147,282.51144,2234.845	330.34903,481.5124,2339.3801	376.72775,221.80974,2221.4753	388.9518,133.38968,2019.0911	
280.22736,132.84998,2417.9473	285.96603,179.83539,2379.7285	263.12955,174.13016,2248.1628	307.80722,158.10953,2036.4294	285.96603,179.83539,2379.7285	306.40973,184.94284,2511.2942	346.71417,230.68294,2450.8962	291.23584,230.4647,2351.8	282.58453,282.49548,2240.9326	271.67578,392.16376,2227.6528	309.71194,282.13916,2406.8105	236.18848,483.39218,2286.185	335.64142,383.7052,2291.243	282.58453,282.49548,2240.9326	330.45532,481.21536,2335.1772	388.9851,229.2425,2223.7122	380.96744,130.70201,2030.877	
280.00192,132.922,2416.9004	285.7753,180.4636,2380.6423	260.2002,175.7395,2256.8955	304.07712,159.57376,2042.6772	285.7753,180.4636,2380.6423	308.823,184.72083,2504.3892	350.1902,226.10664,2438.478	291.06555,231.10742,2353.5015	280.67825,283.49847,2248.4053	271.743,393.59543,2223.9426	311.2556,282.40408,2404.316	237.55266,483.53406,2294.0935	335.83707,384.47763,2287.7527	280.67825,283.49847,2248.4053	331.38715,482.20935,2331.2502	394.45364,224.91237,2227.0613	375.2398,127.76443,2040.3152	
279.35638,133.14069,2418.3547	285.11896,181.03117,2384.5369	256.5055,177.46204,2272.4329	293.89743,167.41898,2056.263	285.11896,181.03117,2384.5369	311.16284,184.27979,2496.6409	351.63217,220.81546,2427.7578	290.51294,231.57716,2357.1907	278.20404,284.24738,2259.0696	270.57755,394.20483,2229.7546	312.8118,282.42734,2400.6194	236.04062,484.69037,2294.195	336.42642,384.95428,2285.033	278.20404,284.24738,2259.0696	331.0095,482.42505,2330.9622	398.24338,217.73798,2231.088	359.67972,127.91661,2033.728	
279.16873,133.7995,2418.1409	284.43347,181.88126,2387.1038	253.52792,179.25024,2285.508	284.41125,177.01953,2071.5928	284.43347,181.88126,2387.1038	312.8157,184.29745,2488.6995	353.43195,216.63487,2413.9697	289.68323,232.41113,2360.1553	275.77097,285.3205,2269.2905	269.44998,395.5177,2225.5156	313.30917,282.96063,2397.123	236.73224,485.43512,2298.224	335.14328,386.1051,2284.5083	275.77097,285.3205,2269.2905	329.77863,483.20773,2333.2266	401.89795,208.04279,2229.6238	346.64423,133.78073,2042.2935	
278.39337,133.92255,2424.5007	283.30502,181.79645,2389.8896	250.42178,179.76306,2299.8188	279.0895,185.81601,2092.2354	283.30502,181.79645,2389.8896	313.79968,183.68213,2479.9604	358.12726,207.8791,2399.5366	288.5415,232.12964,2359.5574	273.2375,285.02228,2272.5444	269.21698,395.61353,2216.2979	313.60876,282.58456,2385.9058	236.13898,484.037,2299.2256	333.56943,386.6372,2274.122	273.2375,285.02228,2272.5444	330.95535,484.21866,2322.9224	405.1247,191.72607,2217.6216	338.3814,140.11066,2047.956	
277.80795,134.08264,2435.7512	282.0379,181.28737,2395.3655	247.5658,179.5071,2317.6174	277.6344,189.27705,2100.6208	282.0379,181.28737,2395.3655	314.34262,182.95573,2473.1135	360.61658,202.86314,2383.9004	286.84976,231.28038,2359.4531	269.91425,283.8613,2274.6077	268.15076,394.6215,2210.8662	312.80322,281.8192,2372.4739	235.53131,482.98657,2296.745	332.2069,386.5862,2268.9722	269.91425,283.8613,2274.6077	330.86917,483.9911,2320.898	406.44894,178.11081,2210.267	337.52267,144.80135,2055.241	
277.3988,133.80457,2441.3804	281.19647,180.59535,2397.4482	245.92712,178.40665,2325.9382	276.97763,192.8413,2112.8347	281.19647,180.59535,2397.4482	314.4228,182.65729,2468.9583	361.50674,197.67679,2371.5613	285.16156,230.36205,2356.666	266.7622,282.47607,2271.0176	269.27057,393.319,2205.5317	310.91504,281.3095,2360.75	235.69743,482.93222,2283.942	330.5919,386.49988,2267.0022	266.7622,282.47607,2271.0176	329.98672,483.6338,2321.6267	406.0113,165.56293,2204.8467	337.58752,149.91632,2052.9036	
276.64206,134.15717,2444.1567	280.06152,180.56076,2398.6553	244.29861,178.20262,2331.2766	277.00833,197.80508,2122.4265	280.06152,180.56076,2398.6553	313.87012,182.79004,2466.034	361.25415,191.63501,2364.8228	283.51608,230.19379,2354.9937	264.1566,282.06656,2269.0173	271.41058,392.61884,2205.7554	309.2207,281.35046,2353.6467	236.23438,482.7237,2277.9543	331.63046,386.18054,2268.8499	264.1566,282.06656,2269.0173	328.9799,482.62747,2327.608	402.35556,153.03583,2203.8582	337.98593,156.13959,2055.7458	
276.73114,134.83519,2446.5964	279.23138,181.39406,2397.485	242.84009,178.91637,2337.594	275.284,202.84424,2135.2688	279.23138,181.39406,2397.485	313.84882,183.75099,2457.3762	360.64313,187.9802,2360.5051	281.86118,230.90219,2350.031	261.05014,282.52335,2264.8838	271.4534,393.09836,2198.8535	307.39005,282.3809,2340.27	236.11127,483.0569,2273.403	332.04184,387.3709,2256.6558	261.05014,282.52335,2264.8838	328.39478,483.0943,2323.539	399.1338,142.99548,2202.5696	336.22046,164.1271,2057.4734	
276.43326,135.61316,2449.2563	278.8385,181.93936,2396.2644	242.02022,179.53346,2342.1724	276.0087,207.59416,2139.6519	278.8385,181.93936,2396.2644	314.03125,184.23904,2450.3564	358.45828,183.66177,2361.7908	281.04886,231.32147,2345.7124	259.43338,282.83023,2261.133	273.5976,393.1126,2195.3723	306.58078,282.92618,2329.1877	237.60422,482.1046,2275.087	333.64902,387.54636,2259.53	259.43338,282.83023,2261.133	328.81497,483.17947,2325.9832	393.73895,133.22482,2204.696	337.4287,171.82097,2048.82	
276.39307,135.72849,2448.0808	278.25693,182.43152,2394.82	241.24765,179.60698,2343.1426	276.44403,211.21935,2144.8428	278.25693,182.43152,2394.82	313.7027,185.13675,2446.4976	357.57596,181.32515,2365.4194	279.6587,231.79312,2342.6367	257.01105,283.0139,2257.9517	273.5666,392.9759,2197.3733	304.5628,283.78308,2322.955	236.23444,482.4989,2270.3367	332.4895,388.17242,2265.4106	257.01105,283.0139,2257.9517	327.46576,484.14624,2327.6802	391.53253,126.66214,2207.9346	338.73822,179.39343,2046.8733	
276.54636,136.19684,2447.9663	278.23984,182.931,2394.5654	241.212,179.86667,2342.8508	278.44583,215.72795,2149.4233	278.23984,182.931,2394.5654	313.70212,185.86577,2446.28	357.52557,181.71942,2381.218	279.41437,232.21252,2340.704	256.46936,283.2679,2254.3086	276.50308,392.82086,2191.8628	304.14084,284.34766,2319.377	238.93018,481.40005,2271.421	334.2322,388.10052,2268.6255	256.46936,283.2679,2254.3086	329.1569,483.97632,2330.7327	381.92645,123.57957,2223.4368	341.88205,187.65218,2040.9822	
276.40955,136.54758,2448.404	278.14688,183.41428,2393.8306	241.24843,180.1102,2339.5608	278.96988,219.5474,2147.715	278.14688,183.41428,2393.8306	313.4094,186.57187,2448.1003	356.6992,181.97037,2386.621	279.46933,232.57156,2337.8696	256.72476,283.50598,2247.7505	278.3116,393.03488,2188.732	304.27676,284.75507,2316.067	239.81264,481.89264,2265.4739	336.591,387.91882,2268.0532	256.72476,283.50598,2247.7505	328.21756,483.5647,2330.2007	375.66476,120.77872,2246.9368	343.94553,194.97308,2040.0859	
276.51575,137.1957,2448.123	278.16992,184.04904,2392.8936	241.663,180.22083,2332.9895	282.11575,221.42542,2143.3599	278.16992,184.04904,2392.8936	312.89365,187.69026,2452.7976	352.42078,181.26683,2389.8127	279.51843,233.2385,2336.8494	257.06235,284.03293,2243.0718	280.1679,393.45932,2185.8113	304.02713,285.63135,2318.5386	239.76009,480.5694,2268.381	335.83734,388.82343,2272.1025	257.06235,284.03293,2243.0718	327.81503,483.5512,2339.6199	370.8696,118.67343,2267.8918	349.20013,200.32211,2033.7494	
276.58948,137.9833,2455.9783	278.04236,184.29572,2395.9429	242.363,179.18777,2328.0212	288.2898,222.43675,2131.1282	278.04236,184.29572,2395.9429	311.75455,189.12202,2463.8645	350.1395,184.13008,2395.9216	279.11737,233.12268,2335.734	256.83466,283.09802,2232.6992	281.0504,392.74036,2177.5715	302.79886,285.91595,2318.3506	239.17526,478.07123,2268.3872	335.55127,388.98694,2267.4883	256.83466,283.09802,2232.6992	328.2263,483.30267,2339.4783	366.69876,120.28326,2286.839	358.96228,204.84595,2033.0903	
276.5857,139.0237,2460.4575	278.2013,184.75394,2396.861	243.52911,178.5534,2320.331	291.30533,223.30765,2118.08	278.2013,184.75394,2396.861	310.72787,190.57074,2473.391	345.4795,186.12735,2403.0227	279.46686,233.27557,2333.0115	258.03244,282.6121,2220.9338	284.71045,392.09058,2170.7644	302.62708,286.3638,2317.39	241.04205,476.25916,2265.4004	337.57355,388.68063,2268.206	258.03244,282.6121,2220.9338	330.51416,483.2425,2338.6272	361.99243,122.60179,2309.1992	364.17535,210.58505,2020.2563	
276.41962,140.1488,2463.1912	278.7481,184.94156,2395.441	244.79457,177.97243,2313.1804	291.9458,223.98282,2108.0588	278.7481,184.94156,2395.441	310.44708,191.4479,2477.7014	343.0606,192.57166,2415.5518	280.27872,233.24226,2328.6655	259.6187,282.13498,2210.1428	286.546,391.84686,2167.8357	303.18402,286.55362,2313.6375	242.58002,475.26788,2266.714	339.4695,388.62265,2263.9841	259.6187,282.13498,2210.1428	330.51617,482.24005,2340.847	355.2257,129.72733,2327.3203	367.4114,215.54254,2021.7638	
276.18976,142.71162,2464.0522	279.15656,186.8041,2389.7031	245.62433,179.41235,2303.7695	292.757,223.465,2099.0479	279.15656,186.8041,2389.7031	310.36087,193.68268,2475.6367	338.2928,195.45485,2436.812	281.0995,235.01366,2320.1626	261.14334,283.77243,2196.5781	289.31198,393.65527,2160.9482	304.14886,288.5184,2304.666	243.82697,475.48135,2265.497	339.73993,390.85767,2266.0137	261.14334,283.77243,2196.5781	332.50522,486.56052,2328.1257	350.80328,137.75128,2350.4968	370.84888,219.54027,2021.7747	
276.12424,143.83911,2464.5383	279.59097,187.79294,2388.0151	249.11227,178.61145,2287.4905	289.74478,222.81583,2095.5962	279.59097,187.79294,2388.0151	307.6073,196.23267,2488.5398	335.49295,197.88152,2444.4988	281.83527,235.97964,2317.6416	264.08698,283.9832,2183.4592	291.55417,394.0667,2161.361	303.24146,290.20865,2311.077	245.28549,475.26086,2267.183	337.36023,392.15695,2284.192	264.08698,283.9832,2183.4592	330.52948,487.29974,2345.27	347.08936,143.32166,2370.7493	369.2399,221.80437,2021.7843	
275.49344,145.23874,2468.2136	279.02057,189.67944,2395.7783	256.33386,178.52565,2273.9778	287.309,220.33894,2090.3699	279.02057,189.67944,2395.7783	299.51212,199.754,2517.5789	332.9551,193.61606,2493.701	282.44205,237.90395,2328.301	270.9036,285.0419,2181.403	295.55447,395.08667,2172.7402	300.20273,292.70316,2340.2444	249.31287,475.6132,2279.675	336.0299,393.01624,2304.4185	270.9036,285.0419,2181.403	328.68396,487.6596,2362.9639	343.45786,152.00781,2369.7297	367.15012,223.67513,2018.5186	
275.3695,146.37518,2458.8928	279.2848,191.6818,2394.0105	261.37866,180.79669,2259.288	287.21832,218.00475,2081.7288	279.2848,191.6818,2394.0105	295.283,201.40707,2528.733	356.50986,211.23164,2454.8218	284.30548,240.48886,2335.6807	278.3853,288.6131,2192.6792	296.7569,398.96564,2187.6333	299.9785,294.75092,2362.0225	248.67242,477.73956,2293.895	339.11664,393.49915,2301.5217	278.3853,288.6131,2192.6792	332.19855,488.89276,2355.7288	384.46515,165.14545,2257.7644	366.75162,223.25127,2009.8677	
275.52597,147.25638,2461.8652	279.12964,192.56631,2398.0513	265.24277,180.91368,2256.141	291.59808,214.63171,2071.4082	279.12964,192.56631,2398.0513	291.46475,202.91687,2539.9614	346.01245,229.72658,2456.129	284.1594,241.48611,2341.6804	280.92838,289.38272,2196.509	291.46725,400.68506,2187.518	297.3097,295.9988,2374.11	242.51823,478.2436,2296.2585	335.9533,394.89615,2290.651	280.92838,289.38272,2196.509	329.39734,490.28485,2348.0122	381.59015,197.91008,2240.4734	371.2465,221.1211,2004.4934	
275.46472,147.8457,2463.888	279.54837,193.29715,2402.5935	267.0675,181.89821,2257.0608	300.04922,208.59302,2055.7393	279.54837,193.29715,2402.5935	290.60358,203.39403,2548.1262	334.11438,213.54393,2529.1646	284.97952,242.32497,2349.5435	283.14896,290.46936,2205.6724	290.8985,401.8288,2194.8892	297.60266,296.5269,2387.3145	242.3082,478.8595,2305.3213	338.63876,393.99664,2294.4202	283.14896,290.46936,2205.6724	331.69647,489.80252,2347.708	354.09033,189.31436,2338.129	380.15802,220.27931,2010.7797	
274.88742,148.44983,2465.3862	279.0901,193.813,2406.0615	268.0144,182.49522,2258.168	307.9577,201.33998,2041.3827	279.0901,193.813,2406.0615	288.88303,203.82,2553.955	343.7313,233.6793,2516.9934	284.70837,242.89648,2355.0942	283.96793,291.11365,2211.4302	289.1202,402.72876,2195.9321	296.67145,296.95422,2396.8237	239.1484,480.3628,2298.543	338.0249,393.8855,2287.331	283.96793,291.11365,2211.4302	329.6075,488.42645,2350.63	377.50732,217.17699,2275.5776	388.2186,218.55264,2019.5747	
274.6458,147.63663,2464.6213	278.88553,193.01561,2407.2122	268.33688,181.63939,2258.297	314.5273,194.33157,2036.6885	278.88553,193.01561,2407.2122	288.2051,203.06633,2556.1272	335.10352,244.03934,2516.596	284.46082,242.12013,2357.0474	284.0034,290.31192,2213.399	287.5368,402.27692,2192.5671	296.06503,296.17123,2400.3662	237.6467,480.6215,2292.6526	337.58893,392.8519,2283.8176	284.0034,290.31192,2213.399	331.35828,488.50903,2341.4604	372.74933,240.56242,2278.146	393.70026,216.09845,2038.9406	
274.6587,146.22733,2464.7385	278.9694,191.6001,2406.4966	267.68552,180.46428,2257.6765	319.52838,186.61932,2030.8427	278.9694,191.6001,2406.4966	288.93893,201.43883,2555.3167	327.98352,250.01431,2517.5037	284.6009,240.75737,2357.504	283.72595,289.106,2214.9443	286.69986,401.12482,2192.7744	296.69135,294.67075,2402.0781	237.42416,480.63507,2288.921	338.56937,391.08142,2283.1204	283.72595,289.106,2214.9443	332.8013,487.0569,2339.3933	367.52252,258.14496,2287.3318	396.75146,212.89334,2062.2336	
274.41064,145.3754,2464.7969	278.4749,190.52402,2405.4392	267.64362,179.12721,2256.1868	320.4729,179.56255,2035.419	278.4749,190.52402,2405.4392	288.0406,200.58916,2554.6917	319.9786,254.22055,2520.6372	283.9828,239.67752,2356.1025	283.25684,287.88425,2212.8782	286.29456,399.96756,2191.581	295.68967,293.74442,2400.6536	237.0841,480.90424,2281.0325	337.1846,390.30557,2277.5537	283.25684,287.88425,2212.8782	331.1642,486.0929,2336.9102	359.67822,272.47226,2302.2542	396.6378,208.83273,2082.0645	
274.17343,142.9228,2464.3303	277.98633,187.67387,2404.872	266.3682,176.15485,2256.1868	318.54257,172.50656,2041.7117	277.98633,187.67387,2404.872	288.25146,197.85146,2553.5574	314.1304,254.77448,2523.9832	283.42874,236.76521,2355.1694	282.11783,284.82172,2211.8896	284.7958,396.84787,2192.2878	295.54874,290.8789,2399.044	236.95439,478.17914,2284.0679	338.05154,386.9585,2279.33	282.11783,284.82172,2211.8896	331.90945,482.64877,2339.4902	353.03497,281.41708,2319.4844	395.52823,201.75389,2085.4504	
273.75555,141.32388,2466.082	277.66476,186.07358,2406.6465	265.27112,174.99153,2258.2588	316.74414,166.3519,2045.8447	277.66476,186.07358,2406.6465	288.61884,195.8684,2555.0337	309.44336,254.87006,2529.9453	283.4079,235.1679,2358.813	281.93762,283.412,2217.5693	285.8381,394.95166,2200.4119	296.261,288.9532,2404.3901	238.98251,477.6729,2286.097	339.30392,384.36432,2280.689	281.93762,283.412,2217.5693	331.71432,479.33716,2345.3218	346.8106,288.51096,2340.3643	393.8241,194.24107,2091.6362	
272.58377,139.60138,2472.958	277.3402,184.06117,2408.4478	263.08475,172.68712,2262.5315	313.8641,161.18623,2051.9136	277.3402,184.06117,2408.4478	289.967,194.13577,2554.364	317.30945,226.04861,2552.5894	283.1439,232.83702,2357.1094	280.51785,280.60165,2213.819	283.82275,392.50098,2193.7573	297.2278,286.72394,2397.723	237.14197,476.8949,2272.8015	339.4815,382.7394,2273.112	280.51785,280.60165,2213.819	330.94632,479.18744,2329.0273	349.05627,248.35974,2331.4006	390.6474,187.44626,2101.018	
272.8926,138.87299,2470.461	277.5267,183.21886,2406.2227	261.1024,172.241,2263.1926	310.0921,157.09518,2058.4978	277.5267,183.21886,2406.2227	292.108,192.96486,2549.2527	328.1112,224.3115,2539.6519	282.9104,232.0809,2354.8745	278.39926,280.11594,2213.3923	283.73447,391.82523,2195.2317	297.90567,285.90036,2393.6604	236.94267,476.22964,2273.7205	339.58334,382.44202,2274.236	278.39926,280.11594,2213.3923	329.76996,478.50687,2331.923	357.34302,240.82208,2300.0007	387.2378,179.25473,2102.7175	
272.87885,138.88597,2467.208	277.68164,183.38858,2403.8271	258.20856,173.31342,2266.0454	306.58234,155.54219,2066.7795	277.68164,183.38858,2403.8271	295.0434,192.3714,2541.609	336.92392,224.97932,2520.8555	282.81277,232.37529,2353.0322	276.00845,280.94943,2215.2659	281.93805,392.6538,2195.2163	299.4468,285.9104,2389.2087	237.24524,477.45575,2277.1472	340.4606,383.06976,2274.4285	276.00845,280.94943,2215.2659	330.0699,479.5348,2328.6858	365.168,236.59868,2271.3118	383.37048,171.8864,2113.741	
272.5265,139.53453,2465.572	277.6462,184.26321,2403.4395	255.8768,174.92105,2270.2227	303.88657,153.36237,2073.9067	277.6462,184.26321,2403.4395	297.1291,192.62416,2536.6562	341.26392,224.74878,2505.118	282.51288,233.33652,2353.0632	273.94965,282.33084,2218.842	280.0244,393.74982,2200.7678	300.27664,286.62668,2386.532	236.72707,480.22174,2275.2505	338.61444,385.1061,2280.0872	273.94965,282.33084,2218.842	329.66934,482.1305,2328.9907	369.4381,231.80588,2255.92	379.9823,166.18707,2128.6526	
272.0965,139.90076,2465.7122	277.63284,184.6661,2405.3203	254.10942,175.90222,2276.1523	301.18127,153.93518,2080.94	277.63284,184.6661,2405.3203	298.75854,192.53671,2534.4883	345.20886,223.26639,2495.443	282.51678,233.68965,2354.6636	272.8307,282.88687,2222.7705	278.7059,394.26572,2202.224	301.3932,286.71588,2385.2432	237.83621,480.4397,2284.196	338.0761,385.9688,2279.4434	272.8307,282.88687,2222.7705	330.00217,482.777,2330.6038	373.88586,226.71605,2245.8774	375.91824,161.4849,2141.16	
271.55313,139.46245,2466.2595	277.50967,184.40575,2407.8704	250.94763,176.92584,2288.4226	296.9788,155.75482,2088.4265	277.50967,184.40575,2407.8704	301.56094,191.1786,2527.318	350.62183,215.12212,2471.0305	282.50507,233.34387,2357.007	270.84402,282.97638,2230.6511	275.7473,394.0657,2209.0562	303.52768,285.8122,2381.6365	236.43494,481.3246,2286.953	338.62155,385.82928,2271.4324	270.84402,282.97638,2230.6511	330.94952,480.9144,2337.1997	383.50204,205.68146,2236.1257	370.64276,154.95755,2145.7083	
270.99588,139.16911,2466.072	276.72052,184.48282,2411.0361	246.92148,178.72456,2305.468	287.29578,160.40773,2089.1592	276.72052,184.48282,2411.0361	304.01953,189.75797,2516.6042	353.89902,210.37389,2466.0918	281.654,233.39285,2360.6519	267.72565,283.66803,2243.4668	272.33112,394.37585,2217.3477	304.8074,285.16122,2377.0684	235.27599,482.9129,2290.8481	336.73148,386.4699,2269.6348	267.72565,283.66803,2243.4668	330.52197,481.50162,2336.989	388.24094,197.86678,2237.244	360.01837,151.24307,2141.0115	
270.41782,139.36017,2466.4316	275.99265,184.98305,2414.9875	243.42679,181.22627,2325.9229	276.84238,167.95352,2097.4229	275.99265,184.98305,2414.9875	306.24185,188.47258,2504.0522	355.92017,204.46352,2453.6304	281.0318,233.85117,2365.3008	265.3581,284.8594,2259.332	271.84772,395.32202,2217.8828	306.22314,284.77548,2371.896	237.06804,483.39224,2298.9717	336.19043,386.9405,2274.1548	265.3581,284.8594,2259.332	331.09674,483.5114,2329.4211	391.2129,188.22096,2239.6792	346.9277,148.37787,2134.322	
270.27386,139.28784,2465.623	275.61697,185.3758,2416.8367	241.1557,183.37663,2342.6445	266.13522,180.06924,2116.033	275.61697,185.3758,2416.8367	308.02548,187.25589,2491.0288	354.72028,196.11635,2430.4363	280.774,234.28824,2368.6084	264.03513,285.98764,2273.7275	271.73276,396.15637,2219.2476	307.38403,284.50995,2367.0327	237.10617,485.5968,2292.2642	335.44443,387.48065,2272.7974	264.03513,285.98764,2273.7275	332.25375,484.2339,2327.7202	392.9114,171.50722,2241.19	332.62717,150.54471,2124.226	
270.1541,139.40305,2472.712	275.6097,184.97797,2421.729	240.25044,183.86101,2355.35	262.09152,187.5889,2127.9202	275.6097,184.97797,2421.729	309.0823,186.03532,2488.108	354.059,189.5111,2412.737	281.04056,233.66115,2372.158	264.0568,285.51163,2281.0474	271.93292,395.72992,2211.0525	308.5538,283.37152,2364.1265	239.22346,484.62073,2293.549	335.19543,386.86902,2269.5518	264.0568,285.51163,2281.0474	332.32224,482.56873,2333.1257	392.95514,158.35179,2242.4739	326.59967,153.25221,2129.0593	
270.17297,139.8429,2468.285	275.5566,185.51712,2418.2368	240.00684,184.33084,2351.0232	265.79016,189.20107,2134.95	275.5566,185.51712,2418.2368	309.1837,186.63922,2485.4504	353.52197,184.8058,2402.3657	280.91122,234.32236,2369.0986	263.7083,286.27063,2277.8525	270.93283,396.9984,2196.978	308.46466,284.15784,2362.0684	239.45212,485.62482,2286.665	333.6395,388.20044,2263.0254	263.7083,286.27063,2277.8525	330.9951,482.92096,2334.9597	392.09998,147.51137,2243.8333	330.0543,153.27516,2136.1536	
270.6359,139.48846,2467.095	275.4867,185.36676,2417.2131	239.70285,184.00113,2351.407	267.80148,192.19443,2139.9846	275.4867,185.36676,2417.2131	309.37384,186.66,2483.0193	353.83875,181.29259,2389.6912	280.35245,234.26154,2368.3015	262.406,286.14478,2278.0603	269.33316,396.8302,2201.8816	307.63492,284.32468,2360.7195	237.11273,486.01138,2285.788	332.26633,388.58575,2261.8823	262.406,286.14478,2278.0603	330.2204,483.25314,2334.6309	390.08,137.89812,2242.8562	330.779,154.41022,2139.2893	
270.80652,139.37871,2473.4937	275.29062,185.32123,2420.034	239.36336,183.79224,2355.915	268.0283,195.70804,2149.495	275.29062,185.32123,2420.034	309.36325,186.7713,2484.1528	353.2568,176.51758,2392.8564	279.922,234.00755,2368.4316	261.54813,285.63058,2276.511	268.95657,396.4338,2196.5657	307.17722,284.12094,2357.1477	238.90762,484.85498,2290.1467	332.98566,388.2552,2256.9465	261.54813,285.63058,2276.511	330.12314,482.29486,2335.1687	386.62173,129.57713,2247.6372	330.52914,157.49313,2131.2532	
270.9819,139.50047,2469.184	275.3362,185.69556,2417.9177	239.35698,184.15002,2353.7048	269.30786,198.86713,2158.242	275.3362,185.69556,2417.9177	309.4539,187.16115,2482.1306	353.25958,169.7409,2416.922	279.77325,234.57442,2368.1594	261.17416,286.31754,2278.0037	268.99316,397.00168,2200.4197	306.83182,284.81143,2358.7986	239.42123,485.7353,2292.2996	333.1971,388.74695,2260.1035	261.17416,286.31754,2278.0037	329.97147,482.39612,2339.9626	382.88815,122.77984,2251.6804	330.6785,159.32904,2127.8152	
271.62204,140.50644,2467.0151	275.14365,186.1312,2414.8154	239.16934,183.8631,2349.8865	270.30347,201.83783,2166.607	275.14365,186.1312,2414.8154	309.2341,188.28052,2479.7444	353.99432,165.78642,2435.9463	278.75348,235.07428,2363.6892	259.23233,286.50464,2271.6936	267.09445,397.5816,2190.5457	305.0046,285.8695,2353.4324	237.807,486.30273,2285.177	331.22687,390.13928,2254.429	259.23233,286.50464,2271.6936	328.99557,484.37152,2331.8005	377.9513,117.61541,2258.6348	331.21497,162.7259,2133.9653	
271.9777,139.77386,2473.9482	275.25916,184.95499,2417.7031	239.1931,182.37033,2354.6516	270.42963,206.12294,2172.3074	275.25916,184.95499,2417.7031	309.4919,187.40825,2480.7546	354.33514,163.78033,2454.9875	278.47418,233.64658,2363.5796	258.40408,284.67535,2269.768	267.5417,395.47455,2196.7158	304.48386,284.56732,2349.144	238.97603,484.4071,2290.576	331.99686,388.599,2254.8901	258.40408,284.67535,2269.768	330.90482,482.6103,2334.0186	372.3292,113.540276,2265.5457	331.10553,166.09418,2136.6184	
272.57407,139.86389,2477.8826	275.74225,184.65427,2417.193	239.98714,181.16962,2350.832	269.58368,208.79114,2175.1145	275.74225,184.65427,2417.193	309.5866,187.95268,2483.5542	354.72342,162.84012,2466.4917	278.5019,233.14168,2359.6436	258.08585,283.60883,2260.3037	268.55008,394.70648,2187.8918	303.88184,284.48206,2343.8843	240.3349,484.195,2281.672	332.2151,388.43707,2257.8977	258.08585,283.60883,2260.3037	330.83835,483.1593,2331.512	367.30292,111.52881,2269.8203	330.8551,169.04443,2136.7734	
273.25635,139.67072,2479.8416	276.0328,184.41727,2418.4187	241.09018,179.85002,2344.6887	272.6066,210.44093,2171.0222	276.0328,184.41727,2418.4187	308.90793,188.71426,2492.1487	354.35098,165.1488,2479.2131	278.47458,232.82506,2359.8044	258.23608,282.75137,2254.7087	269.8196,393.61536,2194.7532	302.9424,284.60886,2347.6716	239.54872,484.01233,2278.0105	331.71225,388.1399,2268.8542	258.23608,282.75137,2254.7087	330.27112,483.0318,2338.3914	360.9549,111.43791,2284.972	333.2742,170.43524,2125.6418	
273.49005,138.87009,2471.8772	276.16776,183.83464,2410.6477	240.64389,179.46838,2341.6208	267.4313,215.09402,2178.0317	276.16776,183.83464,2410.6477	309.71387,187.9578,2479.6746	350.86243,166.3194,2492.5542	278.23407,232.41617,2352.024	257.2239,282.54565,2249.965	267.93246,393.56824,2196.0999	302.72638,284.3823,2336.8352	239.13667,484.00192,2281.5486	332.2088,388.2558,2257.5999	257.2239,282.54565,2249.965	331.55945,484.11615,2323.673	355.391,112.60858,2293.2546	326.06613,174.4299,2126.7756	
274.07602,138.30746,2468.1077	274.97104,183.34639,2407.6165	240.75348,176.95433,2328.1704	267.05243,217.28714,2174.8184	274.97104,183.34639,2407.6165	307.0025,189.33008,2487.0625	352.4223,170.46811,2500.4424	275.52856,232.09618,2349.889	253.69243,281.34573,2241.973	266.5271,392.31378,2192.9402	297.57507,285.17337,2342.3499	235.64407,482.25247,2278.1912	326.67032,388.60016,2274.5144	253.69243,281.34573,2241.973	326.5219,483.64355,2341.4246	350.69342,114.57184,2308.039	328.85345,178.97754,2127.917	
274.25125,138.32278,2466.9844	274.86453,183.52396,2408.3118	242.92673,175.6979,2314.887	269.8886,216.63751,2166.4358	274.86453,183.52396,2408.3118	304.41693,190.7655,2501.7366	348.3985,174.34973,2517.6223	275.38318,232.29768,2350.8574	255.03217,281.0318,2234.3267	273.2071,391.1162,2194.2454	295.774,285.8738,2352.4795	239.13455,481.27838,2271.8215	329.86917,387.16818,2280.1677	255.03217,281.0318,2234.3267	329.844,481.58575,2350.1091	344.39774,118.703865,2322.5134	334.26846,180.23535,2126.43	
274.8653,138.17776,2466.9946	275.35797,183.73007,2411.2698	245.94481,175.08502,2305.2915	272.63358,215.5896,2157.3394	275.35797,183.73007,2411.2698	302.2945,191.64722,2517.248	347.33118,180.40308,2528.3088	276.24405,232.59943,2356.104	258.0941,281.18146,2234.1292	275.77756,391.2187,2199.4907	295.17447,286.29425,2367.7473	241.91505,480.72998,2280.3208	331.06232,386.39542,2283.6501	258.0941,281.18146,2234.1292	331.0846,479.98303,2358.4495	339.33005,124.68932,2338.748	338.61667,181.1434,2119.5884	
275.15448,138.8473,2466.4436	275.7642,184.56018,2411.4956	248.72707,175.12645,2295.8025	278.18555,214.04607,2146.2253	275.7642,184.56018,2411.4956	300.32584,193.13019,2527.1887	345.61295,186.13362,2530.554	276.72424,233.528,2357.5244	260.29486,281.95383,2230.7966	275.21213,392.50507,2198.7214	294.09607,287.45325,2376.3098	240.86264,483.27716,2270.99	330.2941,387.1704,2281.6042	260.29486,281.95383,2230.7966	330.6979,481.63782,2350.7258	337.33655,128.3653,2355.9126	345.12994,181.16467,2117.277	
275.59784,139.31616,2466.1646	276.54657,185.10811,2410.257	250.57486,175.21884,2290.234	281.27014,212.99817,2140.1306	276.54657,185.10811,2410.257	300.05438,194.05917,2530.2803	341.5458,189.92053,2538.0645	277.56006,234.09695,2356.0044	261.94183,282.4069,2226.5007	274.7262,393.33978,2197.5496	294.24475,288.1942,2377.0027	240.59482,483.39304,2274.7249	331.8065,387.43768,2278.4749	261.94183,282.4069,2226.5007	332.1141,482.99054,2340.8118	336.46436,132.6065,2358.7368	349.83374,183.27402,2117.282	
276.27142,139.29733,2474.5244	276.8929,185.13144,2414.6843	253.46242,173.9662,2288.228	285.05023,211.4622,2131.0605	276.8929,185.13144,2414.6843	297.99146,195.18542,2541.1406	341.04138,199.13867,2556.2532	277.82065,233.78752,2357.009	263.64673,281.21362,2219.67	275.41693,392.07684,2200.7336	292.92862,288.30957,2378.9976	239.96817,483.16058,2268.1606	328.89038,388.06525,2284.3455	263.64673,281.21362,2219.67	330.53085,482.93848,2349.5527	332.22882,142.44324,2383.8777	355.3987,184.60567,2112.1304	
276.5481,139.2279,2477.1707	276.30707,184.82625,2414.9102	255.27103,172.62292,2283.0898	281.49612,211.51102,2118.0222	276.30707,184.82625,2414.9102	295.16544,195.76625,2546.7305	336.66937,209.66695,2567.103	277.05627,233.3372,2355.3145	264.24124,280.17422,2212.7522	274.28412,391.32812,2198.1812	290.49857,288.26688,2378.6853	240.32422,481.7242,2273.779	327.85184,387.4575,2286.9207	264.24124,280.17422,2212.7522	329.8013,483.53204,2342.7854	329.82056,149.43906,2395.115	352.38727,188.74655,2112.2915	
276.51852,139.25613,2479.1345	276.42014,184.67435,2415.396	259.3954,171.82791,2276.7012	279.05603,211.10667,2108.127	276.42014,184.67435,2415.396	291.5959,196.12558,2554.0908	331.30127,221.01013,2582.1753	277.71265,233.18205,2356.2383	268.09244,279.77124,2209.447	279.88528,390.1648,2206.773	289.24405,288.2806,2384.714	242.8898,481.2621,2268.9185	328.3131,386.36945,2300.9893	268.09244,279.77124,2209.447	330.97662,483.24802,2346.4973	328.12277,159.6228,2410.942	351.45667,192.21907,2106.8816	
276.51678,139.31161,2479.5276	276.73727,184.78423,2418.1353	261.89282,172.35764,2275.1082	278.62872,210.46512,2103.611	276.73727,184.78423,2418.1353	289.92377,195.82289,2561.1624	329.42422,232.20003,2605.185	278.41467,233.54153,2363.6514	270.75742,280.641,2219.3809	279.63208,390.3139,2223.9033	288.8804,288.26202,2398.954	241.4174,481.4677,2277.6965	329.3705,385.07834,2308.3162	270.75742,280.641,2219.3809	331.7724,481.13617,2358.1772	327.1244,172.39651,2430.426	352.00128,194.41872,2102.516	
276.64548,139.86328,2481.1877	277.041,185.13434,2418.3115	263.14014,172.60895,2273.6013	280.15573,207.60727,2096.8032	277.041,185.13434,2418.3115	289.37213,196.24533,2563.0217	324.36224,236.74353,2607.9148	278.62595,233.95058,2364.4314	271.48257,281.08002,2219.7405	277.95633,391.51904,2215.0156	288.42133,288.70728,2401.362	239.70795,482.3465,2273.362	328.4209,385.63385,2299.4124	271.48257,281.08002,2219.7405	333.0366,482.62823,2344.1226	327.5548,177.70616,2431.7166	354.38446,195.3931,2099.405	
276.59177,140.02747,2481.0	276.37653,185.16902,2417.2117	264.13925,172.42035,2270.5793	284.19647,205.17876,2091.884	276.37653,185.16902,2417.2117	287.21402,196.45943,2563.844	319.3281,241.4853,2614.4053	277.70264,234.05927,2363.8525	271.32413,281.15912,2218.2622	277.30835,391.89856,2211.162	286.25974,288.94543,2402.7246	237.79245,481.9063,2272.3408	326.43448,385.734,2300.457	271.32413,281.15912,2218.2622	330.86838,482.701,2345.2915	328.4734,183.01108,2443.4343	359.15787,195.56323,2097.1487	
276.70987,139.91223,2480.9246	276.22394,184.94379,2419.1206	264.96576,172.05759,2271.451	287.72977,203.53503,2088.4382	276.22394,184.94379,2419.1206	286.18674,196.34729,2566.7903	315.61353,246.46512,2620.9397	277.45862,233.80473,2365.8933	271.61188,280.80518,2219.81	277.64423,391.4079,2213.9805	285.3373,288.70715,2405.522	238.67946,481.30627,2276.6836	326.84335,384.74017,2304.434	271.61188,280.80518,2219.81	331.5406,481.7948,2347.4539	327.0123,188.58714,2450.9504	362.7537,194.84238,2097.373	
276.37735,139.85464,2482.891	276.21155,184.72313,2423.1924	265.09045,172.40097,2274.7217	289.52878,203.02435,2088.7185	276.21155,184.72313,2423.1924	286.04852,195.62248,2571.663	313.80096,247.15816,2643.7107	277.8705,233.66275,2372.9683	272.6053,280.99905,2229.3506	278.77783,391.24997,2221.6165	286.05637,288.151,2416.1377	239.39603,480.80487,2283.3071	328.25815,383.3181,2312.208	272.6053,280.99905,2229.3506	332.90652,480.27264,2353.7563	326.86777,196.13449,2443.1067	364.54248,194.0521,2095.0083	
276.42358,140.20999,2481.8958	276.1081,185.09799,2421.6934	264.199,172.65201,2274.0508	293.2168,202.26772,2091.3772	276.1081,185.09799,2421.6934	286.6485,196.11357,2569.336	313.38116,241.86897,2599.305	277.2678,234.04407,2370.5623	270.9225,281.3234,2226.512	276.10968,392.19464,2211.5674	285.4526,288.67825,2412.3503	236.24078,482.53012,2269.739	326.7137,384.40057,2300.333	270.9225,281.3234,2226.512	332.1412,482.3176,2337.714	332.5108,192.2782,2393.437	368.6579,194.11179,2095.278	
275.99286,140.49353,2482.8743	275.55118,185.5843,2422.9873	264.00833,173.30359,2274.7783	293.67157,202.0038,2091.684	275.55118,185.5843,2422.9873	285.76334,196.44925,2571.1963	313.16107,239.36815,2570.2095	276.66327,234.58488,2372.9204	270.50662,282.00055,2229.5789	276.84976,392.50635,2217.2878	284.575,289.10956,2416.1282	239.08588,482.3534,2282.0994	326.14514,384.56378,2310.513	270.50662,282.00055,2229.5789	331.56296,482.22354,2346.5803	338.30637,189.528,2373.2744	369.2805,193.93146,2093.2942	
275.45535,139.70404,2482.8662	275.15796,185.03848,2426.1055	263.808,173.3114,2277.1577	296.57825,203.21753,2097.841	275.15796,185.03848,2426.1055	285.19485,195.4089,2575.0532	313.18808,237.87912,2549.6672	276.61893,234.13113,2379.1763	270.99548,281.8852,2238.486	277.8048,392.1329,2222.6067	284.72983,288.25757,2426.008	238.86441,480.91205,2289.5596	326.97363,382.86057,2317.929	270.99548,281.8852,2238.486	332.47726,480.37048,2352.9016	341.7555,188.85394,2352.9392	371.8833,194.3426,2097.0916	
275.27615,139.47595,2473.8555	275.45013,185.55856,2422.0964	263.35352,174.61508,2273.2454	302.9396,202.10336,2096.9116	275.45013,185.55856,2422.0964	286.14603,195.23486,2570.9475	313.0538,237.40454,2536.3206	277.1631,234.93289,2378.8398	271.362,283.35382,2241.858	277.40228,393.8755,2218.996	285.93228,288.7037,2429.3086	238.43597,483.54498,2281.2227	327.57425,383.38074,2313.7148	271.362,283.35382,2241.858	333.6166,481.70605,2343.0703	344.89975,190.21419,2338.1902	378.6895,194.03526,2107.8345	
275.3063,138.77069,2477.8547	275.1022,184.8226,2425.003	263.53638,173.5015,2275.886	302.57385,202.43219,2099.9531	275.1022,184.8226,2425.003	285.328,194.83206,2574.1199	312.98297,237.18788,2520.5828	276.61646,234.06024,2380.3281	270.92706,282.14893,2241.7915	275.4596,392.78717,2218.1013	284.88916,287.97964,2429.5151	236.98581,483.3634,2276.3674	325.53873,383.05133,2313.4873	270.92706,282.14893,2241.7915	330.12445,481.2796,2344.3691	345.70032,189.67035,2323.397	378.56793,196.2474,2110.7563	
274.83362,138.43669,2470.86	274.69797,184.48865,2420.0007	263.58362,173.26802,2270.2834	301.32156,203.34447,2104.9778	274.69797,184.48865,2420.0007	284.5172,194.40182,2569.718	312.67697,237.18243,2513.175	276.37527,233.87605,2376.3696	271.1636,282.1838,2238.495	275.2584,393.31055,2208.9756	284.5271,287.8107,2426.982	239.67392,483.2083,2280.3813	326.02225,382.58737,2309.816	271.1636,282.1838,2238.495	330.93448,480.9185,2341.1082	346.72687,193.17961,2305.4187	377.1902,197.3215,2109.2244	
274.99255,137.57913,2467.853	275.07086,183.86392,2417.7678	263.5,172.82404,2268.2783	305.46323,203.20686,2104.9832	275.07086,183.86392,2417.7678	285.2942,193.6181,2567.2573	312.75693,237.02623,2499.994	276.9929,233.31952,2374.9487	271.7678,281.78296,2238.0261	275.46634,392.72644,2212.8215	285.6433,287.18155,2426.2332	240.17038,483.16068,2281.0432	327.46814,381.9048,2314.0664	271.7678,281.78296,2238.0261	332.8261,481.00125,2337.1914	349.75116,192.99294,2299.7202	381.69397,198.28146,2116.805	
274.87122,136.84705,2473.8638	274.91336,183.17723,2422.8096	263.52396,171.94653,2273.286	303.0506,204.83813,2108.4985	274.91336,183.17723,2422.8096	284.9787,193.1023,2572.3333	310.00418,247.83325,2498.995	276.86447,232.46696,2379.1104	271.7838,280.64816,2241.2898	274.8997,391.26318,2219.4038	285.44287,286.3256,2429.5325	238.16766,482.70996,2276.1304	326.32776,381.28967,2318.1233	271.7838,280.64816,2241.2898	330.486,480.24683,2341.5657	345.6036,221.65808,2286.8713	379.91824,198.92859,2112.5708	
274.82553,135.85806,2468.8516	275.23453,182.66136,2418.881	263.46558,171.78339,2269.3975	299.2975,205.9964,2114.7405	275.23453,182.66136,2418.881	285.63354,192.2731,2568.3647	305.12158,249.83626,2503.1555	277.62015,232.08653,2376.8506	272.79156,280.58157,2240.7114	275.45728,391.6056,2211.618	286.82608,285.7908,2428.9287	240.4877,481.83444,2282.0217	327.76825,380.7187,2313.966	272.79156,280.58157,2240.7114	332.4663,479.80096,2337.756	340.96292,236.90149,2273.613	376.3528,199.39555,2111.7014	
274.74417,136.02887,2466.8557	275.35922,182.82883,2417.5112	263.9958,171.95758,2267.6433	297.06018,208.52957,2121.3682	275.35922,182.82883,2417.5112	285.396,192.43088,2567.3792	300.51022,251.81857,2511.2593	277.76822,232.30226,2375.7812	273.22717,280.85822,2239.706	275.11734,391.888,2212.1252	286.7528,286.02252,2428.3965	238.91483,482.4806,2277.4731	325.2565,382.06396,2315.8906	273.22717,280.85822,2239.706	331.13843,481.00598,2339.5288	335.32465,251.44688,2274.1113	373.74628,201.62888,2112.9478	
274.87653,135.78583,2466.356	275.15118,182.58688,2417.527	263.96576,171.4947,2267.6387	297.65158,208.75906,2119.1826	275.15118,182.58688,2417.527	285.0306,192.38391,2567.4155	296.75845,252.91985,2520.1274	277.09555,232.04752,2375.1562	272.14423,280.47668,2238.429	273.3184,391.43182,2213.7266	285.53528,285.91318,2427.1418	237.77394,482.67493,2276.357	323.86234,382.09622,2315.73	272.14423,280.47668,2238.429	329.52542,481.01587,2339.7786	329.7897,263.7849,2282.8904	374.0587,203.40259,2115.2375	
275.19553,135.92216,2466.1067	275.51605,182.6394,2417.1526	263.4691,171.63434,2268.0679	298.35236,209.01114,2118.09	275.51605,182.6394,2417.1526	286.16327,192.36578,2566.2373	295.3145,253.65814,2526.953	277.5042,232.09795,2374.588	272.04767,280.5643,2238.1472	274.31085,391.1706,2219.5442	286.50052,285.94308,2425.8992	238.28395,483.41077,2273.1309	325.9939,381.70166,2313.9282	272.04767,280.5643,2238.1472	331.52667,480.1325,2342.7827	326.3174,274.28064,2295.1174	374.4522,204.54767,2118.9084	
275.0042,135.71667,2466.9844	275.2546,182.73013,2418.7065	263.94913,171.71402,2268.9338	296.96344,209.44609,2120.046	275.2546,182.73013,2418.7065	285.24158,192.46153,2568.4792	292.37112,254.15771,2536.1633	277.282,232.17543,2376.5	272.34705,280.62183,2240.0022	274.05127,391.2351,2220.011	285.87204,285.97928,2428.5847	237.70273,483.055,2275.4465	324.0829,382.17026,2318.6587	272.34705,280.62183,2240.0022	330.0521,480.6327,2345.359	320.89053,283.0126,2313.5378	372.73953,204.54565,2117.3757	
275.17773,135.28345,2466.9138	276.20187,182.17325,2419.6255	263.75662,171.68227,2270.6772	296.38733,209.89743,2118.5125	276.20187,182.17325,2419.6255	287.20377,191.44751,2568.5737	292.81073,253.41504,2542.1753	278.43,231.68658,2379.5225	272.99838,280.42413,2245.6125	273.06204,390.69937,2226.8787	287.8741,285.18008,2433.2263	238.1948,483.56387,2277.155	326.16895,381.1129,2322.2847	272.99838,280.42413,2245.6125	333.50928,479.64075,2346.371	319.10333,289.0388,2331.2307	371.35596,204.61453,2124.0344	
275.50348,134.79446,2465.3896	276.92072,181.88136,2419.6233	263.26358,171.66586,2271.9128	294.59778,209.7174,2117.7554	276.92072,181.88136,2419.6233	289.00632,190.92137,2567.3337	293.43195,253.0919,2545.8777	279.17215,231.42369,2380.1733	272.9969,280.3035,2247.7148	271.43063,390.8069,2222.535	289.35214,284.79016,2433.732	238.63487,482.97156,2283.0647	325.9135,381.3711,2319.4402	272.9969,280.3035,2247.7148	332.67502,480.28903,2341.5881	317.52377,294.33746,2348.0586	369.54825,205.50252,2120.3813	
276.06885,134.17169,2466.138	277.06302,181.07808,2419.7004	262.98712,170.5969,2272.605	295.0274,209.3208,2114.8894	277.06302,181.07808,2419.7004	289.52563,190.35799,2566.796	293.01965,252.647,2549.4214	278.9008,230.5709,2379.1567	271.99384,279.2563,2246.0474	269.5074,389.78955,2221.65	288.94,284.11118,2431.1787	237.71182,483.2237,2276.7285	324.03033,381.35895,2317.3765	271.99384,279.2563,2246.0474	329.07175,480.10928,2342.481	314.88824,298.45227,2365.408	369.6069,204.7877,2127.0015	
276.4508,133.74916,2456.4995	277.40717,181.19559,2413.0652	262.28,171.36717,2266.8936	292.65005,209.37251,2111.9404	277.40717,181.19559,2413.0652	290.80637,189.9013,2559.2368	293.58368,252.43973,2545.2065	279.31204,230.97173,2375.5078	271.8225,280.24588,2245.9092	269.45544,390.83173,2221.0854	290.01743,284.28912,2429.9917	240.20941,483.74744,2284.6072	324.6585,381.84158,2320.189	271.8225,280.24588,2245.9092	330.7649,480.8673,2341.3743	313.4809,302.09045,2375.127	367.1593,204.38419,2125.7944	
276.76593,132.74277,2453.1987	277.5722,179.91864,2408.4504	261.61966,169.64597,2263.6633	292.7837,209.78685,2108.985	277.5722,179.91864,2408.4504	291.71545,189.02623,2553.2375	293.92493,251.74863,2541.9312	279.13043,229.67451,2368.6345	270.7126,278.71262,2237.6772	267.39218,389.46887,2216.5637	290.0159,283.36865,2419.96	237.69327,482.72144,2278.6936	323.13358,381.92706,2312.5417	270.7126,278.71262,2237.6772	330.59738,481.6335,2329.8398	311.9481,304.46344,2385.5273	366.8727,202.64444,2133.3684	
