377.73102,124.201,2622.8777	377.83093,169.24117,2591.851	343.21686,170.68646,2617.9478	323.12857,237.35176,2635.7075	377.83093,169.24117,2591.851	413.14914,167.76648,2565.7544	404.4496,212.29034,2450.7075	378.34277,214.47897,2559.8604	357.1253,261.19583,2543.7927	362.5542,355.54016,2530.95	400.88556,260.52347,2511.9465	369.37155,445.66574,2535.5425	411.67053,357.1242,2447.8733	357.1253,261.19583,2543.7927	435.1905,445.13443,2475.1938	362.6716,197.16402,2287.8198	348.50433,212.07126,2408.9702	
377.98172,124.12104,2621.4878	378.03564,169.23074,2590.8374	343.35086,170.54475,2615.148	322.77097,237.04099,2642.1074	378.03564,169.23074,2590.8374	413.37747,167.89185,2566.5269	403.1189,212.27983,2450.3599	378.5284,214.51787,2559.5444	357.27682,261.21555,2543.0764	362.50125,355.46234,2533.548	401.04663,260.63318,2513.4265	369.28683,445.3625,2539.89	411.62842,357.2425,2446.0056	357.27682,261.21555,2543.0764	435.22177,444.8919,2476.9768	359.8235,197.95813,2288.9368	345.92752,212.82393,2409.3457	
378.41983,123.864334,2620.2876	378.4208,169.21893,2590.8213	343.67133,170.34186,2612.675	325.4587,232.57712,2621.5415	378.4208,169.21893,2590.8213	413.7615,168.0769,2568.9675	401.15753,212.43085,2443.1846	378.866,214.53261,2560.1284	357.5408,261.16888,2542.7642	362.44263,355.29565,2536.7266	401.33395,260.72073,2516.107	369.59772,445.64264,2535.9863	412.00385,357.25854,2445.266	357.5408,261.16888,2542.7642	434.8647,444.61456,2480.7344	361.45963,195.1306,2259.507	346.1378,210.18326,2381.6975	
378.8706,123.20628,2619.7744	379.78027,168.53789,2589.5957	344.92822,169.8526,2603.8945	325.65958,226.46371,2589.357	379.78027,168.53789,2589.5957	415.01935,167.20857,2575.2969	402.13068,210.89932,2423.6765	381.10092,213.80388,2557.7698	360.58456,260.71942,2534.6743	365.50122,355.2771,2525.5664	404.4768,259.6981,2517.2134	372.16388,445.66995,2529.5618	415.33118,356.19287,2441.3867	360.58456,260.71942,2534.6743	437.61996,443.87994,2476.65	360.7424,193.58504,2233.838	345.4192,207.10353,2343.7612	
379.28348,122.79723,2619.4695	380.55304,168.07028,2588.9429	345.6517,169.42764,2598.6074	325.85052,223.62733,2582.2046	380.55304,168.07028,2588.9429	415.7159,166.70273,2579.2783	402.26437,211.34618,2396.3662	382.32324,213.29602,2556.2285	362.267,260.3312,2529.4072	364.0773,354.06378,2541.2183	406.114,259.05453,2517.621	370.08417,444.4292,2512.4836	414.03656,355.6877,2440.0881	362.267,260.3312,2529.4072	435.98117,443.87982,2472.272	355.20172,196.77524,2222.2812	344.46454,207.91846,2328.9624	
379.53125,122.89042,2619.3154	381.26242,168.12476,2588.6272	346.35837,169.69707,2594.8909	325.88086,220.8318,2559.6182	381.26242,168.12476,2588.6272	416.33582,166.54482,2582.3635	409.71207,214.18779,2433.0723	383.60202,213.36058,2556.3682	364.14383,260.5985,2527.9292	364.39783,354.87094,2531.2415	407.92523,258.90427,2520.289	370.01672,444.45636,2529.1755	415.19403,355.47086,2433.4983	364.14383,260.5985,2527.9292	436.49005,442.93048,2475.305	368.74487,210.62753,2238.9119	343.95728,208.36775,2299.8113	
379.7099,123.15782,2619.2324	381.56284,168.47443,2588.168	346.6568,170.14862,2592.8647	326.61295,218.17116,2534.7979	381.56284,168.47443,2588.168	416.5958,166.79413,2583.4712	413.55905,218.76164,2457.258	384.16846,213.72,2556.025	364.98645,261.06204,2526.7466	363.46417,355.74518,2522.1655	408.7441,259.1719,2521.017	369.0511,444.64093,2537.7866	415.14868,355.65912,2422.043	364.98645,261.06204,2526.7466	436.81552,442.35333,2472.712	377.84268,225.66714,2251.1465	342.27554,208.26193,2268.9963	
380.33237,122.631035,2610.6943	381.72308,168.49628,2586.1074	346.77243,169.9465,2591.3098	327.91257,218.14728,2518.4124	381.72308,168.49628,2586.1074	416.8146,167.04019,2580.905	415.86304,221.9798,2476.4004	383.89673,214.027,2559.806	364.32806,261.29178,2536.6782	361.9084,355.96677,2523.1008	407.95758,259.7124,2530.3306	367.73093,443.904,2551.5098	414.88748,355.78018,2424.3652	364.32806,261.29178,2536.6782	437.94138,442.3415,2472.4482	385.04065,238.31065,2266.1638	343.7443,212.09369,2251.6416	
380.55933,123.11369,2598.421	381.75897,169.32901,2580.7666	346.7227,170.61957,2587.1929	322.281,217.49069,2489.7249	381.75897,169.32901,2580.7666	416.97015,168.03198,2574.3408	417.1595,225.07338,2488.917	383.53085,215.2047,2561.4045	363.60107,262.43704,2545.963	361.3833,357.34955,2513.137	407.1255,261.11942,2538.1216	368.4633,444.3744,2554.147	416.10065,356.60205,2419.512	363.60107,262.43704,2545.963	441.2838,443.4124,2461.798	390.7163,249.72502,2280.4417	345.9879,214.02472,2237.3394	
381.10904,123.52091,2591.275	382.27502,169.94653,2577.9407	347.19495,171.1728,2585.3516	324.27588,220.30205,2489.3564	382.27502,169.94653,2577.9407	417.55734,168.71317,2570.5298	418.32904,227.11465,2501.2617	383.87238,215.95807,2560.9966	363.7713,263.1772,2548.5745	362.52786,358.45398,2489.4087	407.2881,261.98572,2539.5305	368.95206,444.07526,2550.6924	419.1295,356.92664,2408.1658	363.7713,263.1772,2548.5745	446.59277,444.44467,2442.1694	395.8248,258.80276,2298.7778	343.65292,219.00294,2232.5342	
381.47577,124.435684,2587.204	382.81497,171.05727,2575.8174	347.71716,172.35703,2580.9468	324.4918,222.4934,2535.1687	382.81497,171.05727,2575.8174	418.05283,169.7523,2570.688	419.06384,228.98764,2514.803	384.62015,217.15895,2560.7388	364.752,264.49612,2548.7905	363.53638,360.00668,2472.2822	408.19482,263.11575,2542.5298	369.53238,444.44696,2548.4385	422.16846,357.72366,2406.4858	364.752,264.49612,2548.7905	452.02222,445.4212,2432.6345	400.0056,266.52832,2321.1929	339.7681,221.54555,2272.2573	
382.38626,125.56724,2594.1672	383.56165,171.68134,2578.1973	348.48764,172.87932,2585.62	325.567,224.91031,2577.5947	383.56165,171.68134,2578.1973	418.83817,170.47644,2570.7744	419.9032,230.24918,2525.8298	385.15405,217.66612,2559.985	365.02716,264.8875,2546.3032	363.15256,360.5481,2456.5432	408.5891,263.7302,2537.2427	369.0155,444.57788,2540.5315	424.3876,358.1518,2393.296	365.02716,264.8875,2546.3032	456.69733,447.05164,2405.971	403.82062,272.58612,2342.919	336.40186,224.84454,2310.6348	
383.30444,127.23213,2598.13	384.14746,173.15549,2578.206	349.0605,174.072,2588.4648	326.73343,227.98877,2602.8145	384.14746,173.15549,2578.206	419.51477,172.23163,2567.9473	419.61493,232.37697,2511.8254	385.23648,219.06912,2556.9429	364.53757,266.09424,2541.9392	362.22867,361.983,2444.9136	408.25787,265.40964,2529.4202	369.3403,445.58228,2534.1362	426.07706,360.27744,2395.5837	364.53757,266.09424,2541.9392	461.87296,450.82404,2377.223	401.5089,260.8257,2309.1646	334.42422,228.5171,2335.419	
384.55646,128.7688,2582.1343	385.04425,175.22955,2571.292	349.85812,175.88565,2583.6082	329.53223,231.16153,2613.436	385.04425,175.22955,2571.292	420.5691,174.56718,2558.9758	420.5823,234.92871,2512.908	385.61987,221.45149,2556.8145	364.45148,268.3314,2549.8496	364.04187,363.9753,2442.9678	408.08157,268.06747,2534.8242	369.2895,445.44275,2548.1177	429.06516,362.4458,2404.952	364.45148,268.3314,2549.8496	467.1961,452.71616,2377.4626	405.508,254.99797,2290.6401	334.33878,230.03131,2342.3252	
386.14948,129.12506,2575.6138	386.62067,176.16925,2568.5044	351.3755,176.58809,2579.1624	332.65366,232.29895,2622.2021	386.62067,176.16925,2568.5044	422.15958,175.74693,2557.8464	423.43405,236.3855,2520.15	386.95978,222.50793,2556.182	365.5611,269.31653,2550.3599	367.06537,364.8204,2431.7803	409.15463,269.27448,2537.359	370.46625,446.60938,2538.1353	434.14447,362.43872,2394.165	365.5611,269.31653,2550.3599	472.34735,453.67627,2362.8726	414.06964,250.06233,2290.1663	336.83798,230.79451,2349.0576	
387.76178,129.44708,2571.3506	388.13046,176.69708,2566.2683	352.844,176.9139,2577.0554	336.34415,233.72153,2619.0894	388.13046,176.69708,2566.2683	423.7148,176.47842,2555.4812	427.00967,236.04681,2523.665	388.19614,223.1005,2554.6125	366.50928,269.82236,2549.5356	367.81015,365.41058,2429.75	410.12845,270.03674,2536.378	371.1275,447.86365,2532.0718	436.9977,362.63107,2383.7383	366.50928,269.82236,2549.5356	474.02252,454.71906,2354.15	424.54047,245.81522,2285.7888	338.69604,231.40504,2345.0396	
389.97113,129.4584,2568.7554	390.3205,176.6884,2564.2283	354.9947,176.79549,2575.085	339.75757,234.09467,2615.0703	390.3205,176.6884,2564.2283	425.9467,176.58041,2553.3716	431.4862,237.04439,2522.1633	390.24893,223.12845,2552.3354	368.39526,269.82675,2547.064	371.38776,365.43405,2422.9658	412.07202,270.1808,2533.8213	372.0672,447.4895,2530.2236	440.0968,362.41687,2373.7983	368.39526,269.82675,2547.064	476.25717,454.20374,2355.0718	436.74872,243.5489,2273.5847	342.9675,231.6195,2341.4143	
391.6892,129.1237,2568.4463	392.24792,176.20161,2562.316	356.88788,176.60526,2572.1833	344.09845,233.90686,2589.044	392.24792,176.20161,2562.316	427.88138,175.79486,2552.4485	435.40906,238.58823,2518.6106	392.6424,222.65518,2549.3818	371.21964,269.6105,2542.4663	373.3036,365.47968,2421.9573	414.96594,269.55432,2530.4292	374.81207,447.16977,2531.8354	443.82965,361.48932,2363.9922	371.21964,269.6105,2542.4663	477.56915,453.3236,2357.1365	448.95532,240.63264,2265.082	346.35062,229.79759,2317.4	
394.08514,128.02193,2566.7935	394.88327,175.21451,2560.1987	359.4857,175.78407,2569.3015	348.31155,231.70241,2545.521	394.88327,175.21451,2560.1987	430.53345,174.6409,2551.096	442.00766,237.77591,2510.8328	395.5558,221.69096,2546.719	374.384,268.8092,2538.791	376.44324,364.82825,2419.755	418.18286,268.5142,2527.6875	374.43112,446.162,2532.9575	447.14572,360.69046,2364.378	374.384,268.8092,2538.791	478.62277,453.0608,2359.9453	480.27533,222.73312,2281.2263	350.30713,224.93164,2276.4912	
396.11777,126.88228,2575.461	396.79715,173.33124,2562.2747	361.41757,173.80328,2572.449	353.1308,230.19969,2547.2651	396.79715,173.33124,2562.2747	432.4588,172.85544,2552.1003	446.9635,236.35838,2503.4333	397.36758,219.6067,2543.3896	376.00952,266.63852,2530.7102	376.98312,362.8606,2411.7727	419.99176,266.5102,2518.299	374.06094,444.00604,2528.7847	448.61658,359.35556,2362.392	376.00952,266.63852,2530.7102	477.79236,453.67252,2346.807	490.72815,215.30627,2291.369	353.1148,224.462,2278.75	
398.49988,125.238914,2579.2954	399.5276,171.70175,2562.3665	364.14044,172.42908,2572.5703	356.43842,227.8359,2540.6519	399.5276,171.70175,2562.3665	435.1977,170.96863,2552.1626	452.92825,234.94592,2497.2195	400.4995,217.87004,2540.401	379.4911,265.0661,2524.6587	382.14294,361.58167,2413.054	423.59467,264.62015,2512.212	375.18005,443.06494,2526.8281	452.85815,357.761,2363.7412	379.4911,265.0661,2524.6587	479.63232,452.76392,2347.9485	498.1922,206.75613,2301.6968	357.61896,221.72499,2271.1238	
400.17908,124.89134,2582.1958	402.00488,171.13852,2560.6804	366.59497,172.31808,2570.9565	360.18512,225.33324,2505.8423	402.00488,171.13852,2560.6804	437.7002,169.94946,2550.4043	458.7387,232.14273,2489.105	403.6338,217.24777,2536.4038	383.2371,264.75095,2518.395	386.0737,361.62088,2416.5972	427.46152,263.74295,2505.8594	375.02142,443.3146,2525.9253	455.17426,357.6444,2361.2197	383.2371,264.75095,2518.395	480.20728,452.43402,2353.4548	504.0971,198.66052,2317.4136	361.9493,216.21217,2236.565	
403.00034,124.52194,2582.1443	404.89944,170.75232,2557.8572	369.4445,172.20105,2571.6956	364.2735,223.73909,2476.4321	404.89944,170.75232,2557.8572	440.7401,169.28781,2544.0188	463.2182,230.86035,2486.0437	406.6991,216.81258,2530.9385	386.3862,264.4549,2512.462	388.76288,361.504,2405.5605	430.83856,263.26736,2495.5776	374.68088,441.76108,2525.0164	457.8332,357.80652,2351.1843	386.3862,264.4549,2512.462	479.37302,452.5674,2355.3765	508.45026,192.53246,2335.1418	367.36963,210.8522,2208.2063	
405.30743,124.54699,2582.629	406.9435,170.4752,2556.033	371.44504,171.87718,2570.2869	368.97745,221.82056,2453.739	406.9435,170.4752,2556.033	442.84012,169.0575,2541.779	468.32013,229.25731,2477.5388	408.69464,216.49629,2527.2393	388.28107,264.13184,2507.138	390.07196,361.2911,2394.5774	432.84622,263.02057,2489.7532	374.31372,441.8717,2513.3096	458.982,358.19385,2352.6113	388.28107,264.13184,2507.138	478.00415,453.0393,2360.7688	513.9188,187.15862,2351.5105	373.91528,207.17244,2183.6863	
407.92438,124.61709,2573.9429	410.30206,170.89673,2550.0771	374.77072,172.96875,2559.9749	370.27655,221.60161,2448.9119	410.30206,170.89673,2550.0771	446.1103,168.80856,2540.1794	472.55438,227.4938,2466.8577	413.27994,217.05855,2523.2764	394.12656,265.27975,2502.5156	397.065,362.6404,2386.638	438.6246,263.13806,2490.4355	378.83832,442.47537,2509.5227	465.21014,358.29153,2353.6375	394.12656,265.27975,2502.5156	482.22412,452.57593,2370.1113	519.1064,183.38026,2364.452	380.48633,205.21701,2176.6313	
409.51776,125.59567,2578.5474	412.44308,171.46634,2549.4355	376.9268,173.79112,2557.0361	369.83563,222.5346,2442.983	412.44308,171.46634,2549.4355	448.17178,169.12762,2541.835	475.646,226.69995,2459.439	416.04077,217.47809,2519.0176	397.50143,265.8954,2493.2344	396.3344,363.34808,2372.9548	442.03436,263.3291,2483.9648	377.00116,442.53915,2501.5635	465.31122,359.24902,2342.9941	397.50143,265.8954,2493.2344	480.00815,453.72745,2365.2246	522.3937,181.13132,2378.1504	387.48364,203.44208,2170.3599	
411.4367,126.32624,2571.8284	414.0441,172.59958,2544.8171	378.47784,174.7448,2550.1274	367.63104,223.49667,2444.4795	414.0441,172.59958,2544.8171	449.7591,170.4454,2539.5068	477.6405,227.00343,2454.2175	417.55878,218.78859,2516.023	398.93674,267.26508,2490.467	395.41415,364.88074,2375.3704	443.4308,264.82584,2483.9905	374.7548,443.20493,2506.9153	465.14032,361.08066,2341.4177	398.93674,267.26508,2490.467	478.64633,455.25418,2368.5178	522.4584,180.32008,2397.8652	391.61816,203.7106,2166.13	
412.89392,127.749275,2568.954	415.3902,173.98041,2541.809	379.78067,176.16367,2546.7925	365.9992,223.84564,2441.6663	415.3902,173.98041,2541.809	451.13962,171.78856,2536.8257	477.43448,229.60587,2450.133	418.9949,220.249,2513.1768	400.44217,268.83267,2487.5833	394.6303,366.4046,2370.3647	444.9777,266.3322,2481.5056	375.02963,443.33826,2512.035	466.44983,362.65265,2332.7493	400.44217,268.83267,2487.5833	479.05484,456.78882,2364.215	523.14124,183.38858,2401.7346	395.79935,201.86162,2166.4915	
414.32715,128.26694,2567.0496	416.9792,174.58829,2539.2402	381.37735,176.85352,2542.131	362.90033,223.84172,2449.8296	416.9792,174.58829,2539.2402	452.6622,172.3179,2536.3494	478.7367,231.48114,2441.084	420.8666,220.90111,2510.6714	402.61444,269.62756,2483.8657	393.7761,367.13153,2372.645	447.10416,266.93063,2480.3394	374.70767,444.52313,2511.549	467.61383,363.4487,2329.9858	402.61444,269.62756,2483.8657	479.8426,457.6213,2362.5527	524.93634,184.93527,2392.2878	396.9316,201.85257,2177.001	
415.3399,128.17522,2566.078	417.8021,174.32951,2538.667	382.19937,176.31847,2540.4153	358.6996,223.50078,2473.8955	417.8021,174.32951,2538.667	453.45386,172.3378,2536.9187	479.396,234.55324,2436.5364	421.38394,220.7027,2511.0308	402.8398,269.30814,2484.4607	389.51157,366.1138,2378.8013	447.2703,266.90686,2482.3284	372.17212,443.21613,2520.161	465.35864,363.72192,2335.1274	402.8398,269.30814,2484.4607	477.71423,458.05463,2364.5457	526.83624,189.17963,2381.7058	394.30344,204.96515,2207.4421	
416.29263,128.06537,2565.5955	418.3141,174.00107,2538.176	382.72714,175.62704,2538.2832	354.2897,224.14651,2504.4302	418.3141,174.00107,2538.176	453.90405,172.37497,2538.0688	478.0055,235.5034,2435.264	421.52652,220.41255,2510.9277	402.62726,268.85342,2483.7449	387.96063,365.57968,2384.404	446.99283,266.8313,2483.614	371.22632,443.4932,2520.414	464.01492,363.67178,2335.3638	402.62726,268.85342,2483.7449	476.40363,458.16888,2363.3567	527.90186,192.51283,2367.2976	387.54926,208.54887,2238.003	
416.5863,127.3503,2565.8538	418.28925,173.27545,2539.4272	382.73975,174.73204,2538.4338	351.43927,222.46927,2528.6978	418.28925,173.27545,2539.4272	453.8109,171.82,2540.4207	477.5334,236.10054,2436.6213	421.27808,219.73456,2514.1396	402.21094,268.0669,2488.246	386.21735,364.43686,2400.7114	446.4337,266.2091,2489.458	371.065,443.2928,2529.1406	461.77158,362.95428,2342.4712	402.21094,268.0669,2488.246	475.30896,456.10162,2377.6348	528.10175,197.0535,2346.096	380.05026,210.04066,2259.9978	
416.81107,127.41258,2566.497	418.3664,173.37238,2539.5352	382.77524,174.71289,2540.0125	351.5932,222.1159,2543.3567	418.3664,173.37238,2539.5352	453.97095,172.03134,2539.0579	474.56427,237.23677,2448.7952	421.04712,219.88762,2515.5674	401.65225,268.12018,2491.8906	383.2849,363.8739,2406.5347	445.91174,266.47516,2491.3086	371.0989,443.63507,2530.1077	459.551,363.36444,2346.8154	401.65225,268.12018,2491.8906	475.35562,457.15283,2371.7559	525.3108,200.53738,2333.6787	375.25345,210.39543,2275.696	
416.51035,126.729,2567.3525	417.99197,172.87305,2540.1003	382.40958,174.11047,2540.3267	351.66678,221.48845,2551.197	417.99197,172.87305,2540.1003	453.58072,171.6354,2539.874	471.6773,237.80893,2456.9453	420.5727,219.35782,2515.5337	401.0742,267.52386,2491.1052	380.8369,362.89777,2410.6433	445.33688,265.995,2490.8289	371.04865,443.5021,2529.4973	456.46915,363.11395,2350.2205	401.0742,267.52386,2491.1052	475.78577,456.83252,2368.4465	521.79614,204.73466,2312.8223	371.2999,209.23158,2287.9697	
416.1203,125.49792,2566.2568	417.36865,171.62299,2539.8535	381.71738,172.8151,2543.1782	353.24368,220.21063,2531.6167	417.36865,171.62299,2539.8535	453.1134,170.42773,2536.5288	470.83142,238.90953,2468.4753	419.6505,218.12341,2515.691	399.79224,266.19107,2493.5564	377.87415,361.02646,2420.6013	444.1971,264.85938,2489.5002	370.36578,441.96613,2536.6765	453.6093,362.2165,2355.039	399.79224,266.19107,2493.5564	475.08545,455.85156,2368.3457	517.5502,208.7485,2301.934	370.37018,205.97026,2266.7212	
415.901,124.70768,2565.6907	416.99115,170.84482,2540.6006	381.327,171.96103,2544.865	354.74814,218.63751,2520.3044	416.99115,170.84482,2540.6006	452.77524,169.72485,2536.3362	467.9635,237.94585,2478.2173	419.02985,217.40169,2518.62	398.9532,265.37375,2499.2402	376.47522,359.8127,2433.1753	443.30197,264.1817,2494.039	370.65613,441.45215,2542.5913	451.18607,361.49152,2364.5315	398.9532,265.37375,2499.2402	475.37854,454.51166,2373.8323	512.18536,211.60751,2290.901	371.02548,203.152,2249.8025	
415.27155,124.932144,2566.9895	415.536,171.06349,2541.338	379.82333,171.86255,2551.9324	356.03214,218.55965,2517.7253	415.536,171.06349,2541.338	451.54776,170.25775,2530.7434	468.00195,237.12785,2487.6777	416.71448,217.61642,2519.3481	395.68878,265.2437,2503.8254	373.70798,359.59454,2445.3928	440.25403,264.7333,2490.8914	366.85526,443.5246,2533.985	446.6605,362.28165,2363.6326	395.68878,265.2437,2503.8254	472.17346,456.06445,2363.3044	507.28073,215.47748,2281.0266	366.937,201.62936,2249.054	
415.12466,125.10884,2566.2097	414.4569,171.40036,2543.0732	378.78528,171.43678,2560.7217	356.1395,217.99261,2507.0154	414.4569,171.40036,2543.0732	450.62714,171.3634,2525.4248	471.34204,235.12177,2506.4434	414.089,217.98753,2524.1494	391.55554,264.89917,2515.999	371.4103,359.16116,2462.26	436.0669,265.66116,2494.4517	365.9886,443.71216,2542.7527	442.7545,363.07202,2365.2686	391.55554,264.89917,2515.999	470.85657,455.8657,2366.4644	498.9055,220.72812,2271.9385	363.47452,199.2236,2247.4565	
414.64703,125.25819,2566.8008	413.1324,171.71207,2545.677	377.58203,171.08395,2569.6934	357.58084,218.03592,2500.617	413.1324,171.71207,2545.677	449.35992,172.35214,2521.6606	470.27835,235.63623,2522.8245	411.44205,218.24724,2528.2114	387.6809,264.49628,2525.3965	369.69165,358.92987,2464.6106	432.0343,266.37436,2496.0952	366.80045,444.26608,2538.9302	439.92154,363.33286,2355.1335	387.6809,264.49628,2525.3965	470.4782,454.58832,2366.2312	488.6643,225.52654,2272.7896	358.73965,197.22203,2245.2117	
413.73822,126.926346,2566.4858	412.2551,173.49954,2546.8044	376.72046,172.89738,2572.6702	356.36972,218.26512,2495.3135	412.2551,173.49954,2546.8044	448.51892,174.11407,2520.9387	468.63348,237.7014,2520.8987	410.50247,220.064,2530.1816	386.7254,266.28702,2529.3196	372.0083,361.2254,2450.9937	431.00555,268.21378,2497.798	369.16992,445.72443,2535.1436	440.58856,364.78894,2346.9143	386.7254,266.28702,2529.3196	472.8509,454.9479,2365.0227	480.43927,229.47879,2264.135	352.31262,197.30185,2242.304	
413.40564,128.67728,2565.8257	411.9382,175.25244,2548.2224	376.48608,174.64127,2577.7266	355.9806,221.85399,2493.6682	411.9382,175.25244,2548.2224	448.22095,175.87796,2518.7183	465.5012,240.79263,2514.451	409.97937,221.83002,2532.7505	386.0456,267.93613,2535.2686	371.01984,362.65637,2446.512	430.26337,270.03915,2499.2886	369.51828,446.302,2537.9902	439.73715,366.13837,2336.9036	386.0456,267.93613,2535.2686	472.87708,455.38843,2362.937	472.7767,234.52003,2256.1096	345.96896,198.931,2257.0059	
413.21463,130.5489,2565.9836	411.5755,177.16333,2549.645	376.17496,176.38345,2580.636	356.3267,224.00987,2495.3433	411.5755,177.16333,2549.645	447.84723,177.96239,2518.654	463.52673,241.89192,2506.2122	409.33514,223.73723,2535.0933	385.16876,269.6686,2539.4365	370.11285,364.2157,2440.0364	429.2999,272.047,2501.6465	369.50296,447.14615,2537.9163	439.74634,367.67593,2329.803	385.16876,269.6686,2539.4365	472.00598,457.06143,2359.686	465.68704,237.89139,2248.8157	340.9371,200.14314,2267.1753	
413.33072,132.88332,2566.0671	411.3828,179.51389,2550.8657	376.04227,178.54176,2583.392	358.36816,225.65488,2494.6824	411.3828,179.51389,2550.8657	447.63623,180.51112,2518.3394	461.41223,242.90517,2501.5938	408.8406,226.08447,2537.293	384.4225,271.82367,2543.555	370.185,366.38257,2436.8494	428.4658,274.50943,2503.8855	368.65836,448.46075,2541.0217	440.39493,369.36102,2319.0554	384.4225,271.82367,2543.555	472.258,458.12183,2357.6243	459.4071,241.0634,2246.3518	338.11124,201.44353,2273.838	
413.1171,134.54114,2567.594	411.57178,181.2362,2552.5332	376.29773,180.54932,2587.2366	357.6914,227.62079,2491.8398	411.57178,181.2362,2552.5332	447.81824,181.94203,2517.8298	460.62695,244.2293,2492.281	409.32837,227.80017,2538.7466	385.23706,273.66852,2546.1255	371.8253,368.2011,2430.7527	429.25284,276.09705,2503.7944	369.70117,449.20166,2543.1172	442.5948,370.01276,2305.1611	385.23706,273.66852,2546.1255	474.37033,457.48785,2356.3538	455.82935,245.62566,2240.391	335.10165,202.5486,2277.5823	
413.6549,135.01315,2566.8386	412.21957,181.75075,2553.3105	377.03006,181.34532,2590.9265	358.4092,229.84227,2481.9153	412.21957,181.75075,2553.3105	448.46143,182.16832,2515.6946	461.09973,245.24463,2486.625	410.2147,228.31651,2539.4885	386.40396,274.29755,2548.6104	372.62128,368.63672,2429.9321	430.37122,276.5064,2502.7227	370.96777,449.6068,2542.6658	444.86456,369.97766,2297.5608	386.40396,274.29755,2548.6104	474.94168,457.3663,2355.541	454.06454,248.58455,2237.196	334.02063,203.0985,2274.4883	
414.08643,134.6672,2565.484	412.7954,181.7393,2552.9592	377.57196,181.43198,2590.2302	358.25555,230.62683,2479.4458	412.7954,181.7393,2552.9592	449.06256,182.05573,2515.6882	459.76694,246.43497,2486.8477	410.9456,228.31659,2538.9727	387.27036,274.38373,2547.7144	373.28833,368.68463,2426.967	431.27634,276.4547,2502.2578	370.24365,450.24036,2536.351	446.12018,369.7209,2294.1533	387.27036,274.38373,2547.7144	475.75955,456.6388,2357.2039	453.27435,250.66629,2237.0042	333.1397,203.40442,2270.7944	
414.9226,133.97772,2565.8152	414.23773,180.96384,2552.3271	378.9478,180.99457,2588.7466	358.48978,228.35754,2481.2334	414.23773,180.96384,2552.3271	450.54932,180.9322,2515.9077	457.44287,245.17271,2491.9382	412.87216,227.53755,2536.999	389.61118,273.87827,2543.883	374.92575,368.29822,2429.9294	433.7577,275.49088,2499.4587	373.2628,450.6504,2533.2598	450.13776,368.37,2287.4038	389.61118,273.87827,2543.883	478.21173,454.88245,2358.2148	456.26324,249.45554,2238.0295	335.31058,203.55692,2262.3855	
415.6559,132.5752,2565.9736	415.23535,179.24677,2551.1663	379.95065,179.5361,2588.8845	361.326,226.5111,2458.1343	415.23535,179.24677,2551.1663	451.57904,178.94872,2513.448	462.0232,245.24585,2490.9656	414.0907,225.79524,2534.051	391.01663,272.30777,2539.94	376.0035,366.58127,2419.5762	435.24857,273.65817,2493.9316	373.5127,447.2536,2536.7373	452.62653,366.01874,2276.3264	391.01663,272.30777,2539.94	476.27332,452.2063,2360.5103	461.9916,246.92073,2233.9492	336.3454,203.96909,2253.0154	
416.57898,131.03389,2565.5444	416.39233,177.78165,2549.5825	381.10187,178.39609,2588.4346	362.74637,226.17058,2447.5781	416.39233,177.78165,2549.5825	452.77496,177.14818,2510.7305	463.30347,242.04236,2491.974	415.58945,224.33905,2531.628	392.83307,271.06805,2537.3696	379.14276,365.6828,2419.3396	437.1347,272.06445,2489.977	373.3306,446.33066,2536.507	455.51666,365.01944,2279.4438	392.83307,271.06805,2537.3696	476.94382,451.9381,2362.7998	468.5838,241.4602,2236.6409	336.6198,203.87924,2240.6196	
417.79602,129.67896,2565.825	417.778,176.45215,2548.0952	382.53036,177.38098,2589.3293	366.7744,225.67476,2447.7964	417.778,176.45215,2548.0952	454.1852,175.49274,2506.861	468.47424,240.32874,2493.9758	417.2089,222.99208,2528.658	394.67633,269.901,2534.372	381.65942,364.65656,2414.7827	439.03015,270.6122,2484.0693	373.52948,443.8136,2542.2266	458.51617,363.94223,2277.354	394.67633,269.901,2534.372	476.5169,451.99414,2359.8247	476.15106,238.29489,2235.6077	338.61728,203.34137,2238.597	
418.46075,128.23798,2564.9346	418.8557,175.10966,2546.9736	383.67703,176.61505,2590.6917	368.7286,225.71701,2456.8757	418.8557,175.10966,2546.9736	455.26318,173.5517,2503.2556	472.06976,239.23611,2485.9634	418.9055,221.66786,2527.437	397.0211,268.90265,2534.568	385.37903,363.9002,2418.621	441.3625,269.00122,2481.2327	373.63116,443.9016,2537.8916	461.67712,362.8521,2282.0833	397.0211,268.90265,2534.568	476.9743,451.6289,2362.947	483.68298,233.96654,2227.002	341.5862,203.54721,2238.2776	
419.61148,127.316956,2565.5132	420.33386,173.91095,2545.6057	385.10452,175.85938,2589.0234	370.80032,223.81522,2453.4546	420.33386,173.91095,2545.6057	456.78583,171.89493,2502.188	478.07248,235.43231,2477.986	420.94614,220.41614,2523.7417	399.55585,267.96832,2528.3562	388.2412,363.03943,2406.1514	444.05328,267.49493,2475.3992	374.1644,443.16846,2526.188	463.09726,362.20642,2284.2883	399.55585,267.96832,2528.3562	478.13812,451.7707,2360.1626	493.8885,229.89539,2217.5112	345.80157,201.21521,2230.6377	
421.224,126.15358,2565.34	422.61267,172.5716,2542.987	387.2237,174.97064,2583.368	371.28046,222.8591,2450.7646	422.61267,172.5716,2542.987	459.14365,170.09512,2502.6062	484.45367,233.51476,2472.51	423.97717,218.98811,2517.684	403.18533,266.9314,2517.0142	391.75256,362.38333,2395.2517	447.99628,265.75113,2467.748	375.68362,443.11047,2512.4116	465.66943,361.28418,2283.789	403.18533,266.9314,2517.0142	479.70325,451.35486,2358.0403	501.5207,227.004,2212.5828	348.8871,200.67561,2221.1177	
422.1248,126.27059,2565.7263	424.39395,172.56503,2539.7148	388.94772,175.73169,2579.2598	372.71268,221.03334,2442.911	424.39395,172.56503,2539.7148	460.9615,169.29822,2500.17	488.36328,232.67638,2471.2449	426.83398,218.87901,2510.8096	407.0313,267.3578,2506.0244	394.8306,363.15625,2385.6338	452.0681,265.16443,2457.7842	375.80676,443.3362,2505.2144	468.3402,361.83093,2284.1943	407.0313,267.3578,2506.0244	480.38107,453.00995,2352.9941	507.38617,221.20749,2215.8604	354.06396,198.83914,2206.021	
423.0965,127.12279,2565.4248	425.88434,173.13979,2536.6902	390.34436,176.64972,2574.4788	373.02618,219.61977,2435.9744	425.88434,173.13979,2536.6902	462.49915,169.5237,2498.9016	490.80847,232.59993,2468.6355	428.9216,219.40439,2505.3286	409.63287,268.18408,2497.0122	395.22104,363.95914,2377.5452	454.8601,265.47458,2450.9219	375.92474,442.42383,2509.346	468.52942,363.3231,2291.8433	409.63287,268.18408,2497.0122	479.7704,455.47433,2352.3257	513.2127,218.78241,2215.014	357.12598,197.69104,2195.591	
424.18735,127.86812,2566.2734	427.08316,173.70712,2535.6948	391.54108,177.46313,2574.0522	376.7034,221.32515,2423.506	427.08316,173.70712,2535.6948	463.717,169.8357,2497.3374	492.68253,234.29935,2461.3208	430.41718,219.92688,2502.7678	411.39993,268.86496,2493.232	396.04996,364.65536,2374.6006	456.70944,265.8647,2446.4497	375.6874,441.7594,2514.1714	468.96075,364.3957,2295.5022	411.39993,268.86496,2493.232	478.91742,457.03607,2352.7034	517.03485,216.67648,2215.1194	360.92963,198.0852,2188.6335	
425.14346,128.43204,2557.1868	428.22348,174.70007,2529.9592	392.5572,178.48856,2567.217	378.05307,222.85405,2428.2407	428.22348,174.70007,2529.9592	464.95596,170.79837,2492.7014	493.3917,235.84961,2452.661	431.75497,221.12767,2499.3184	412.89545,270.23114,2491.3997	397.4567,366.2662,2377.8608	458.2705,267.15604,2445.9553	375.17957,443.12946,2515.5017	470.22998,365.89948,2296.082	412.89545,270.23114,2491.3997	478.88177,457.90527,2358.7292	521.39813,215.52676,2214.7717	365.87677,199.54216,2187.4314	
425.18408,128.25494,2552.1372	428.95172,174.6287,2526.0044	393.25662,178.85992,2563.1511	377.3998,223.23633,2426.6042	428.95172,174.6287,2526.0044	465.7123,170.27112,2488.8577	491.70197,238.15393,2447.3333	433.12823,221.14432,2496.6711	414.91644,270.56595,2489.9944	398.5485,366.59573,2383.122	460.30853,266.93262,2444.6814	374.9026,443.48215,2517.7153	471.22778,365.83466,2296.5618	414.91644,270.56595,2489.9944	479.49268,457.5595,2361.5315	521.5315,215.84972,2220.0486	369.86115,199.07277,2181.3464	
424.83618,128.19672,2551.6475	429.05093,174.55356,2524.7834	393.30054,179.04733,2558.6516	377.90503,224.17236,2430.8215	429.05093,174.55356,2524.7834	465.7735,169.93759,2490.9153	491.1415,237.31651,2450.6975	433.82248,221.03351,2494.9385	416.18082,270.67865,2485.7542	397.3153,366.4383,2389.273	461.61914,266.5647,2444.4329	374.1761,444.5362,2515.563	470.36816,365.76187,2304.5671	416.18082,270.67865,2485.7542	478.90134,457.9823,2363.4988	521.36456,216.00455,2220.4895	375.16586,198.1441,2178.936	
424.273,126.99697,2550.8792	428.68335,173.58801,2523.2761	392.90933,178.26001,2556.0186	377.56186,224.78912,2437.8982	428.68335,173.58801,2523.2761	465.398,168.79318,2490.5337	492.70264,235.84967,2457.8618	433.76224,220.07903,2493.8262	416.43436,269.85626,2484.3435	395.77435,365.3067,2399.7878	461.85873,265.47058,2444.409	373.15802,443.9877,2521.0977	469.34515,364.77942,2309.484	416.43436,269.85626,2484.3435	477.41998,457.19965,2366.2007	519.7394,214.98608,2222.9878	376.5208,199.81853,2176.8904	
423.7429,125.9324,2548.9968	428.2528,172.46326,2521.902	392.42792,177.1283,2552.4338	376.99295,224.19511,2448.4412	428.2528,172.46326,2521.902	464.95575,167.68388,2491.3704	493.71533,233.48471,2461.4412	433.46133,218.99498,2493.4507	416.2557,268.81912,2483.6208	395.3761,364.27768,2404.9397	461.66748,264.34882,2446.3777	372.33566,443.3938,2521.8909	467.8394,363.67053,2317.0906	416.2557,268.81912,2483.6208	477.45062,456.47604,2367.3115	518.75507,214.71323,2223.4236	377.67743,199.96034,2176.5867	
423.16196,125.217735,2549.0757	427.7518,171.49712,2520.7302	391.88873,176.15381,2549.3286	377.31027,224.86723,2458.2104	427.7518,171.49712,2520.7302	464.43793,166.73355,2492.1318	493.59833,232.22014,2473.7322	433.06592,218.04846,2492.728	415.96072,267.91287,2482.168	394.50592,363.27487,2412.4565	461.36218,263.37015,2447.2837	371.69177,442.8828,2524.9573	466.68036,362.65768,2320.1597	415.96072,267.91287,2482.168	476.67297,455.6847,2367.6206	516.58887,215.07643,2226.0088	379.7754,200.18858,2176.7666	
421.85925,123.731606,2549.127	427.03955,170.01395,2520.098	391.1934,174.99915,2546.5244	375.91718,224.19273,2469.612	427.03955,170.01395,2520.098	463.64545,164.9231,2493.6714	493.2952,230.30916,2478.3896	432.92584,216.50435,2492.1	416.41974,266.56207,2480.221	393.56656,361.53714,2421.7292	461.76862,261.50732,2447.9836	372.04947,442.34967,2525.8618	465.842,360.72702,2324.4	416.41974,266.56207,2480.221	476.49295,453.52875,2371.9502	514.5237,214.66893,2226.9648	382.59082,200.64961,2180.7207	
420.63153,122.09364,2548.633	425.88867,168.24869,2519.7578	390.0653,173.32465,2547.3171	375.21207,223.59486,2470.8196	425.88867,168.24869,2519.7578	462.50427,163.06047,2492.1985	492.38202,228.4312,2481.6704	431.77884,214.73769,2492.0674	415.29135,264.8126,2481.184	390.53156,359.0281,2435.8281	460.62054,259.69528,2447.5698	370.11682,440.69183,2532.4194	461.58398,358.89465,2333.9304	415.29135,264.8126,2481.184	474.59058,452.65646,2367.737	511.78784,213.73956,2227.719	385.16815,199.15549,2178.5164	
419.14856,120.772095,2548.3574	424.1132,166.94568,2521.1099	388.30185,171.86584,2548.3152	374.58908,221.90662,2457.381	424.1132,166.94568,2521.1099	460.70584,161.91818,2493.9045	491.8371,226.9075,2481.318	429.7779,213.4538,2494.4639	413.08627,263.4162,2484.4097	388.20453,357.26025,2450.7717	458.34796,258.4831,2451.226	370.19885,440.92133,2531.131	458.07413,357.5726,2345.132	413.08627,263.4162,2484.4097	473.05664,451.64835,2369.9038	509.66013,213.97601,2225.693	387.27878,197.19843,2173.4216	
418.0159,120.81088,2550.783	423.16028,166.79526,2521.3845	387.38232,171.87047,2548.7695	375.23648,220.66226,2444.2217	423.16028,166.79526,2521.3845	459.72394,161.60858,2493.9995	490.49594,226.36403,2479.678	429.0106,213.2435,2493.8132	412.51297,263.2758,2482.9438	389.3871,357.5638,2454.0664	457.77698,258.15002,2449.54	371.1866,441.44434,2531.8965	457.2693,357.32626,2344.3218	412.51297,263.2758,2482.9438	474.42926,451.5448,2364.8318	506.5816,213.73953,2222.2236	388.1607,196.26799,2167.7217	
416.89917,120.52234,2551.4607	421.71033,166.43352,2521.2927	385.89703,171.19907,2547.3325	373.8207,220.85335,2452.5938	421.71033,166.43352,2521.2927	458.27115,161.56851,2495.253	489.26685,225.6404,2480.3408	427.21536,212.91544,2493.8413	410.3553,262.81348,2482.2725	386.36606,356.6619,2462.921	455.6221,258.01974,2450.5073	369.79095,440.83936,2538.382	452.93652,357.0492,2349.1746	410.3553,262.81348,2482.2725	472.95947,450.82828,2366.5747	503.4859,213.87888,2219.7417	387.41455,198.14062,2178.8147	
415.35562,120.687805,2549.2979	419.903,166.59633,2521.8687	384.09763,171.13788,2548.5488	371.7345,220.67737,2466.796	419.903,166.59633,2521.8687	456.47412,161.95767,2495.1885	486.7287,224.93472,2481.6511	425.04065,213.19867,2497.2366	407.85144,262.9504,2488.8767	384.58344,356.3489,2480.773	453.00702,258.47925,2456.3323	368.65256,441.0357,2547.5952	450.43427,357.2979,2353.715	407.85144,262.9504,2488.8767	471.9273,450.41745,2372.4768	499.75787,214.39944,2219.892	389.2287,199.43076,2195.892	
414.1849,120.82241,2548.7258	418.45398,166.62701,2522.6357	382.64307,170.8262,2549.6028	366.9892,223.58,2503.8938	418.45398,166.62701,2522.6357	455.03876,162.3371,2495.6687	483.65497,225.61378,2479.8093	423.09412,213.30537,2499.4717	405.4195,262.85483,2492.7554	382.38177,356.167,2485.412	450.52228,258.8325,2459.8599	368.4865,442.06204,2542.5579	449.081,357.62823,2357.911	405.4195,262.85483,2492.7554	472.49008,451.5815,2363.1738	496.20035,213.85786,2219.7444	383.9458,204.07646,2234.1226	
412.708,120.81383,2540.018	416.7133,167.1178,2521.4697	380.89627,171.0256,2549.701	364.4865,225.02869,2526.4634	416.7133,167.1178,2521.4697	453.34143,163.12149,2493.2385	482.3286,225.4544,2473.8833	420.88025,214.00513,2503.633	402.7959,263.34354,2503.0154	380.5609,356.45593,2495.9167	447.7293,259.76233,2468.5774	368.7459,442.53033,2550.5815	446.76465,358.2844,2366.7683	402.7959,263.34354,2503.0154	472.27325,452.29913,2362.857	493.30026,214.2054,2213.494	379.486,208.11899,2258.604	
411.9193,120.80406,2544.1243	415.48248,167.1715,2524.556	379.8018,170.8857,2557.1113	363.54187,225.94464,2533.7651	415.48248,167.1715,2524.556	452.09546,163.36024,2492.0005	480.73785,224.78546,2468.9697	419.12192,214.04169,2506.6602	400.56473,263.14832,2508.6277	379.2277,356.44568,2496.0896	445.42065,259.99838,2468.9011	368.644,442.73764,2550.1296	446.16452,358.4427,2358.3809	400.56473,263.14832,2508.6277	472.30273,453.00555,2351.4104	491.1558,214.8954,2208.5347	377.6868,209.68393,2271.2485	
411.4063,121.016624,2546.7134	413.94177,167.38739,2527.2668	378.40894,170.46915,2564.3257	363.6666,226.27988,2535.947	413.94177,167.38739,2527.2668	450.53217,164.2139,2490.208	479.461,225.62956,2468.5513	416.44238,214.2774,2510.038	396.83008,262.88367,2515.4211	376.6712,356.2823,2500.0452	441.53052,260.72794,2470.1975	367.1894,443.10815,2548.8994	443.5904,359.09515,2353.7104	396.83008,262.88367,2515.4211	470.24506,452.78375,2355.4053	488.69534,215.32101,2207.1814	377.13156,210.99268,2278.8877	
