377.11655,123.343666,2641.0132	378.64447,169.21335,2635.2683	344.6262,171.31197,2662.2705	334.20935,216.077,2552.963	378.64447,169.21335,2635.2683	413.3671,167.07129,2608.266	432.91373,223.41833,2565.4775	380.47412,214.48999,2632.5293	361.41327,260.58444,2646.2576	366.43005,347.76642,2699.2668	403.46515,259.12833,2613.323	357.33792,441.3166,2591.7227	395.51352,348.39087,2649.6543	361.41327,260.58444,2646.2576	404.10638,441.1785,2561.6	441.04865,208.87231,2307.924	345.96518,199.64612,2276.046	
376.7819,123.61471,2630.5845	378.64114,169.57414,2628.196	344.5201,171.853,2654.592	330.2833,217.07072,2574.9648	378.64114,169.57414,2628.196	413.4545,167.24905,2601.8	433.7918,223.99973,2570.7434	380.79745,214.9885,2629.5532	362.0571,261.19766,2647.008	367.69473,348.63654,2695.1936	404.1033,259.504,2614.8127	359.37512,441.72223,2594.9885	397.89648,349.13788,2645.9534	362.0571,261.19766,2647.008	407.07562,442.45215,2556.7969	441.4646,210.06897,2311.5251	342.52924,203.86002,2296.9592	
376.40775,124.17708,2624.8477	378.40997,170.21823,2622.6348	344.24216,172.72705,2649.4978	329.71274,218.27646,2577.965	378.40997,170.21823,2622.6348	413.285,167.6575,2595.7717	434.47665,223.83577,2572.8584	380.89957,215.72519,2625.9688	362.48373,262.08615,2645.686	365.53754,350.73965,2675.0498	404.54407,260.1352,2612.9194	359.30762,441.79016,2594.2957	399.08173,350.8133,2624.2065	362.48373,262.08615,2645.686	407.6533,443.71063,2542.2734	441.2621,211.99411,2311.3196	340.59735,206.039,2296.6414	
376.14893,125.430534,2613.49	377.9856,171.78036,2614.624	343.67407,174.12665,2640.1296	329.93436,219.97694,2563.4724	377.9856,171.78036,2614.624	412.9731,169.38785,2589.1184	434.6817,224.27567,2566.9172	380.35767,217.43616,2621.6467	361.79477,263.74106,2644.2253	361.9694,353.20453,2659.9746	403.88846,261.94434,2613.1135	358.04645,442.51904,2593.3628	399.49963,353.7012,2593.3228	361.79477,263.74106,2644.2253	405.44794,443.46368,2569.283	442.11105,216.14609,2304.0864	341.85773,207.43274,2279.0012	
375.8963,128.78374,2598.317	377.74594,175.31857,2604.594	343.27573,177.62581,2628.9573	328.64148,222.84885,2571.232	377.74594,175.31857,2604.594	412.86713,172.96777,2580.2307	433.9749,224.17932,2566.959	380.20224,221.08534,2618.1587	361.7224,267.26688,2646.5825	359.4132,357.46463,2642.9944	403.7815,265.4837,2616.8643	358.5236,444.20874,2595.7805	400.82736,357.87152,2569.9766	361.7224,267.26688,2646.5825	406.85974,444.89368,2587.0852	440.62164,223.43465,2305.4956	341.0534,211.71416,2279.9963	
375.66638,137.24557,2582.7192	377.2449,183.95346,2590.7522	342.64148,186.1521,2616.8547	329.75372,230.37016,2557.6133	377.2449,183.95346,2590.7522	412.55273,181.71007,2564.6497	433.01794,227.54288,2555.4631	379.71976,229.84775,2609.2373	361.2471,275.87454,2643.6365	355.43274,365.50964,2596.5837	403.32724,274.30862,2611.8083	357.92352,448.39026,2589.1252	402.24908,365.2481,2517.244	361.2471,275.87454,2643.6365	408.18427,448.25922,2583.8137	437.4768,240.68712,2303.718	344.19785,219.7676,2265.3862	
375.67877,146.08313,2573.93	376.92087,192.72626,2581.6765	342.25003,194.61961,2609.7449	331.36777,238.66722,2541.8186	376.92087,192.72626,2581.6765	412.35388,190.79129,2553.6082	432.6661,234.87965,2546.7185	379.15027,238.70348,2602.0947	360.41223,284.51468,2639.63	351.8381,375.54767,2565.584	402.55267,283.40762,2605.396	358.0283,448.70792,2587.0369	404.03842,375.95615,2486.0933	360.41223,284.51468,2639.63	407.2952,454.2498,2593.9478	434.59784,258.07492,2305.9602	346.65683,228.17348,2247.7625	
375.77573,155.76852,2561.5378	376.79498,202.36119,2571.3728	342.0819,203.95874,2602.3423	332.21512,247.53412,2527.4219	376.79498,202.36119,2571.3728	412.3544,200.7247,2540.4033	431.65033,244.1164,2540.8489	378.85382,248.40103,2593.9607	359.94083,293.95386,2635.4382	350.71506,386.12646,2548.5852	402.1179,293.33362,2597.659	357.99896,449.2689,2583.8396	405.92758,387.1275,2462.569	359.94083,293.95386,2635.4382	406.75098,460.40912,2604.7102	430.4968,273.54892,2308.3718	347.89728,235.81067,2233.5908	
375.64368,165.11116,2554.8538	376.42868,211.82582,2563.299	341.65085,213.22247,2595.5032	332.74695,256.67795,2521.2363	376.42868,211.82582,2563.299	412.0915,210.39362,2531.095	430.6245,256.48257,2518.4263	378.37506,257.97168,2584.8376	359.29813,303.51218,2626.0154	349.7683,396.73633,2535.5076	401.59918,303.19516,2586.737	358.05106,450.34995,2578.1008	407.60986,388.6648,2427.721	359.29813,303.51218,2626.0154	405.72296,459.22784,2592.2751	428.12903,292.3001,2298.6401	347.604,244.22345,2226.7686	
375.58417,173.70004,2542.4958	376.13397,220.18011,2554.8271	341.32144,221.20682,2589.079	327.945,265.7902,2568.1292	376.13397,220.18011,2554.8271	411.89267,219.12552,2520.5752	429.7549,267.96756,2502.1963	377.86035,266.30112,2579.544	358.5854,311.4372,2625.1519	350.43005,405.21466,2540.6028	400.86166,311.65793,2583.3696	358.3552,448.52258,2584.889	408.4561,389.0957,2407.436	358.5854,311.4372,2625.1519	404.41147,454.19873,2602.4114	426.9955,307.2784,2280.1804	342.63306,258.91296,2283.075	
375.66754,179.72357,2536.3167	376.05743,226.41187,2549.0857	341.24057,227.09412,2585.136	324.0801,273.2287,2573.5742	376.05743,226.41187,2549.0857	411.8732,225.71004,2513.0354	427.68182,276.7304,2481.0837	377.54514,272.5137,2575.6284	358.05853,317.3203,2624.1584	347.35928,410.41873,2490.2002	400.30338,318.0359,2580.1838	358.8379,446.77966,2583.396	407.892,388.8931,2390.209	358.05853,317.3203,2624.1584	405.73767,450.8615,2566.6965	426.20572,318.08057,2253.422	340.08453,267.15143,2301.2632	
376.0545,182.58588,2533.7437	376.35214,229.41907,2545.3682	341.6234,229.93056,2584.433	325.8529,278.17523,2567.8027	376.35214,229.41907,2545.3682	412.16345,228.89162,2506.3032	427.5905,281.3645,2459.0513	377.70538,275.6484,2569.9082	358.0988,320.4777,2618.2769	345.82877,395.59784,2456.2244	400.35535,321.5385,2570.6196	359.83023,441.80823,2575.3223	406.3733,385.6494,2375.1284	358.0988,320.4777,2618.2769	407.15686,447.26,2539.8723	426.26727,321.56546,2228.0168	341.83337,269.24088,2304.32	
376.68808,181.82396,2524.4517	376.6401,228.92845,2541.7007	341.99182,228.93251,2583.3555	327.07605,280.21918,2571.9355	376.6401,228.92845,2541.7007	412.443,228.92424,2500.046	426.6623,284.6619,2447.0063	377.56635,275.02063,2571.0874	357.66153,319.1916,2625.8826	345.57162,382.54407,2459.1506	399.69244,320.9679,2575.0657	359.62817,436.5263,2589.1995	403.59793,379.45563,2385.7756	357.66153,319.1916,2625.8826	406.56683,441.60223,2540.6475	427.21585,317.06506,2206.0093	340.8463,268.26804,2313.436	
377.75607,176.82854,2528.8093	377.34613,223.92212,2543.8079	342.76456,223.7026,2586.4421	326.97314,276.9199,2585.9836	377.34613,223.92212,2543.8079	413.10663,224.14912,2501.1736	429.2104,282.74588,2423.5115	377.8591,270.07977,2572.566	357.5902,314.18164,2627.3232	346.6516,373.0911,2453.7234	399.5506,316.27298,2575.3247	359.83286,433.5424,2581.2478	402.1759,372.89673,2380.3984	357.5902,314.18164,2627.3232	407.35132,437.04968,2531.3345	431.8737,303.18665,2169.7183	340.25308,264.40958,2325.2922	
379.3329,168.45192,2538.5127	378.39362,215.52777,2549.0298	344.16696,215.16772,2596.5483	326.92862,268.36823,2585.0198	378.39362,215.52777,2549.0298	413.9206,215.90149,2501.5112	432.93484,278.45377,2425.8022	378.50882,261.81345,2574.5906	357.99734,305.9615,2629.141	348.52307,363.09412,2458.8994	399.71124,308.44443,2571.1616	359.86362,431.15656,2582.6616	401.445,364.20303,2387.967	357.99734,305.9615,2629.141	407.25757,432.74442,2547.3303	433.93054,283.96548,2169.3413	338.71237,254.32098,2325.0693	
380.56354,157.54721,2543.3428	379.46854,204.53537,2553.6948	345.4262,204.27658,2603.5698	328.19672,256.74747,2567.0269	379.46854,204.53537,2553.6948	414.8671,204.80447,2503.8198	437.7083,265.7175,2418.412	379.37872,250.91354,2577.2998	358.75406,295.23145,2631.3162	351.9057,371.72186,2501.5862	400.313,297.69714,2570.4934	359.4323,429.00983,2585.8438	402.68723,357.30444,2406.11	358.75406,295.23145,2631.3162	407.30432,429.39575,2561.66	437.44116,257.52856,2175.1724	339.65927,240.57681,2313.7666	
381.08618,144.20811,2544.7478	380.67587,192.05615,2558.9583	346.8231,191.90385,2611.017	331.11765,241.42838,2552.523	380.67587,192.05615,2558.9583	415.93463,192.21478,2506.8994	442.31158,250.82462,2420.695	380.46185,238.43611,2583.4585	359.83835,282.74774,2639.7034	353.55167,368.65308,2547.5945	401.1684,285.17105,2576.214	357.42596,426.9464,2590.9226	405.59616,364.13406,2456.153	359.83835,282.74774,2639.7034	408.0898,440.9762,2578.6265	442.61874,231.72218,2181.6592	341.74402,224.98747,2297.3308	
381.38895,129.07053,2546.4548	381.81125,177.12032,2565.675	348.08914,177.67267,2618.9236	333.84552,227.01706,2542.255	381.81125,177.12032,2565.675	416.96274,176.54454,2512.4265	447.63135,231.17094,2429.8362	382.17233,223.5096,2590.2803	362.15063,268.23087,2647.3958	353.96097,359.0043,2596.1482	403.4157,269.84088,2582.3752	353.56363,425.7813,2582.7207	410.0742,359.58105,2500.3137	362.15063,268.23087,2647.3958	412.98206,444.65073,2540.388	447.53714,208.83809,2184.3557	344.51248,212.57503,2284.1567	
381.55624,114.3588,2547.4001	382.70923,162.28064,2570.579	348.91452,163.59027,2622.1582	336.21985,213.3282,2540.136	382.70923,162.28064,2570.579	417.88794,160.91736,2519.0	449.04053,211.95163,2435.4473	383.70892,208.70273,2595.2344	364.25217,253.94939,2651.394	353.50208,344.92236,2636.995	405.62488,254.56015,2588.3853	346.77393,419.8642,2581.5137	416.229,346.97525,2544.0361	364.25217,253.94939,2651.394	418.22928,436.1671,2506.2666	451.42523,189.10614,2186.2437	347.14697,200.61414,2279.3892	
381.74924,102.66135,2547.1565	383.50125,150.46017,2574.3464	349.67395,152.30363,2624.9617	337.4037,203.1954,2539.5623	383.50125,150.46017,2574.3464	418.68542,148.54274,2523.7312	450.31665,197.34059,2440.7388	384.949,196.90424,2599.525	365.9271,242.49919,2655.5967	352.20367,331.45193,2664.2173	407.2978,242.41426,2593.81	339.94434,412.3518,2598.464	421.252,334.06863,2561.151	365.9271,242.49919,2655.5967	425.71097,428.3996,2491.0115	454.76068,172.74548,2186.8684	348.2627,192.31502,2277.7004	
381.75034,92.21594,2555.7498	385.81787,139.5506,2577.1526	351.91403,143.29205,2624.8445	338.6787,192.6313,2542.4524	385.81787,139.5506,2577.1526	421.0002,135.66803,2529.4607	451.94815,186.4562,2451.4202	389.34918,185.87955,2596.0063	371.91034,232.8129,2644.395	352.9325,321.70947,2667.224	414.22675,230.23886,2585.3252	334.58096,403.28558,2613.7734	430.3577,323.72748,2546.7783	371.91034,232.8129,2644.395	438.92935,421.0362,2480.9673	455.96466,161.1969,2195.136	350.15457,184.15823,2279.5215	
381.77765,83.86287,2551.9587	386.74097,131.21161,2577.3933	352.71936,135.54279,2623.0098	342.51544,185.32594,2549.7297	386.74097,131.21161,2577.3933	421.9886,126.72432,2531.7769	451.87457,178.63264,2453.2632	391.04037,177.53745,2599.621	374.49258,224.73973,2649.8665	348.3686,309.957,2689.7651	416.49,221.37996,2593.8313	323.53226,392.95752,2649.3206	431.42404,313.82623,2560.7373	374.49258,224.73973,2649.8665	446.62863,413.42197,2492.649	460.3746,154.16486,2194.4207	354.20605,176.05344,2285.1987	
381.9064,77.48346,2549.5137	387.35916,124.63781,2575.504	353.36578,129.50731,2622.0066	333.68472,184.96176,2597.88	387.35916,124.63781,2575.504	422.60266,119.58923,2529.0012	454.04822,170.2055,2448.1248	392.26312,171.00174,2598.7583	376.39407,218.50465,2650.4739	347.81558,303.13882,2683.1663	418.22003,214.53883,2593.5515	316.16953,387.45496,2656.4607	434.81592,306.40466,2543.4075	376.39407,218.50465,2650.4739	456.68665,408.96207,2481.3064	463.57684,150.64479,2183.7415	0.0,0.0,0.0	
383.2038,73.26756,2539.8064	388.68402,120.9187,2570.3188	354.44406,125.74187,2613.9624	340.2765,177.97293,2619.3135	388.68402,120.9187,2570.3188	424.1068,115.9289,2526.6753	455.15347,166.75726,2451.5662	393.59308,167.40167,2597.561	377.67606,214.89993,2651.4717	348.26648,299.27893,2682.769	419.54984,210.89894,2598.1348	313.34094,385.93256,2656.9338	436.3485,302.36987,2540.7134	377.67606,214.89993,2651.4717	463.303,408.01587,2478.8884	464.91623,151.08162,2186.782	350.33917,173.55966,2354.858	
384.26434,71.44801,2527.448	389.74344,118.86463,2563.188	355.39072,123.59864,2607.2185	344.10266,177.19174,2595.158	389.74344,118.86463,2563.188	425.297,113.965126,2519.1575	454.70926,166.36612,2458.7656	394.64374,165.45139,2595.9243	378.73724,212.78355,2655.5361	350.71725,297.61755,2682.7632	420.534,208.93268,2601.7852	315.42496,387.33167,2648.0303	435.6759,300.40775,2546.9966	378.73724,212.78355,2655.5361	465.73535,410.20224,2464.3042	464.00186,154.55063,2191.6418	352.02518,173.66682,2328.9512	
384.83636,71.38751,2513.2488	390.5974,118.82924,2553.68	356.25784,123.68602,2600.584	346.9939,176.98181,2567.5576	390.5974,118.82924,2553.68	426.222,113.79073,2506.776	454.09546,168.80942,2456.855	395.8295,165.47203,2591.4429	380.29596,212.68475,2657.8289	354.93143,298.5274,2673.4478	421.98047,208.82312,2600.5828	322.3608,394.61035,2626.285	434.81464,300.5906,2549.4744	380.29596,212.68475,2657.8289	463.55975,415.86954,2445.1309	463.04086,161.90393,2191.1777	355.78583,174.86566,2300.0503	
386.2712,74.367905,2497.145	391.82263,122.202896,2543.696	357.43738,126.78164,2592.9417	349.34766,178.59894,2545.7922	391.82263,122.202896,2543.696	427.56555,117.44332,2494.4504	454.51715,169.18614,2446.8914	397.02496,168.82346,2588.106	381.50754,215.55705,2662.559	358.92657,302.29742,2661.8052	423.0704,212.14618,2602.4727	332.42322,406.8603,2605.2583	432.57733,304.1798,2555.5205	381.50754,215.55705,2662.559	457.58063,425.25348,2441.5737	461.1219,172.52594,2189.729	359.70526,176.9602,2279.4534	
387.05475,79.71687,2481.081	392.7036,127.65621,2531.7966	358.2475,132.0654,2582.9927	352.12955,183.6066,2534.3928	392.7036,127.65621,2531.7966	428.58197,123.06501,2480.6006	454.72644,172.73982,2426.9207	398.0536,174.23045,2581.0898	382.68427,220.59666,2661.6099	363.6515,308.4524,2639.1396	424.21484,217.48457,2599.1562	345.23053,418.15753,2575.341	430.94812,309.9063,2545.641	382.68427,220.59666,2661.6099	450.5265,435.48254,2442.0217	459.43274,186.3185,2178.244	361.87094,181.31729,2266.9282	
388.42462,88.75462,2463.9692	393.77362,136.97708,2519.7615	359.30725,140.8487,2573.969	354.42703,191.30685,2513.718	393.77362,136.97708,2519.7615	429.75555,132.93521,2465.554	455.4002,180.24121,2406.9202	399.02182,183.36047,2574.9082	383.4703,228.9611,2663.3367	367.29816,317.10684,2617.7356	425.15704,226.6066,2596.7732	359.33264,430.987,2560.7412	431.22162,326.4282,2539.6184	383.4703,228.9611,2663.3367	443.68466,443.3719,2458.5808	454.69232,202.61154,2171.6	362.95795,188.5845,2244.9858	
389.61255,100.864105,2447.7432	394.5401,149.32384,2508.2195	359.9623,152.21915,2563.727	356.47177,199.59549,2497.9138	394.5401,149.32384,2508.2195	430.68298,146.29749,2452.712	457.0227,191.36853,2384.9192	399.2278,195.36377,2570.081	383.2984,239.79576,2665.795	369.41382,327.07285,2587.7366	424.62338,238.66861,2598.0903	372.2022,441.5674,2553.8335	430.28564,339.20224,2541.6636	383.2984,239.79576,2665.795	439.12924,448.5036,2474.3667	450.4582,221.90112,2167.1655	364.3927,196.79085,2228.587	
391.07935,115.45322,2431.4194	395.543,164.108,2496.0012	360.75586,166.289,2551.4204	356.6533,210.85275,2491.9746	395.543,164.108,2496.0012	431.91,161.82796,2440.582	456.67932,209.36043,2362.434	399.9695,209.68066,2563.3977	383.8184,253.06494,2664.47	372.63306,338.97794,2559.2278	425.04776,252.76793,2597.1184	383.45084,447.70343,2557.0735	427.594,345.93777,2485.92	383.8184,253.06494,2664.47	434.29895,442.00406,2503.4568	445.10175,248.41656,2161.1672	363.68787,209.28545,2220.2932	
392.1495,132.16733,2422.8018	395.81796,180.61244,2487.0156	361.1701,181.71199,2545.9695	358.42374,223.76654,2485.527	395.81796,180.61244,2487.0156	432.14835,179.45949,2428.0618	455.8196,228.24954,2346.2263	399.7522,225.8128,2556.767	383.21725,268.06665,2662.3843	375.123,352.8888,2529.975	424.2987,269.17334,2590.6528	390.4604,450.3178,2565.5356	425.11697,358.1618,2456.9543	383.21725,268.06665,2662.3843	431.07135,447.00708,2519.2756	438.9023,275.27744,2162.3354	363.99393,222.47969,2212.0928	
393.53976,148.52136,2404.4766	397.47202,196.4945,2472.8328	362.52805,197.36113,2531.122	359.65356,237.32117,2481.7573	397.47202,196.4945,2472.8328	434.10315,195.58603,2414.5435	453.87878,247.54205,2334.126	401.7964,240.96327,2547.8813	385.58234,282.23886,2658.2815	380.40167,367.8521,2496.9421	426.7187,283.5535,2587.5784	396.85287,451.18335,2563.867	426.29987,373.9024,2438.6318	385.58234,282.23886,2658.2815	433.89044,454.93726,2544.3264	430.00385,301.67932,2177.9321	364.28284,236.21284,2206.5962	
394.22424,162.46722,2380.3076	398.56943,209.5871,2457.5603	363.40012,210.0422,2516.0986	358.70914,251.949,2468.8845	398.56943,209.5871,2457.5603	435.45505,209.10979,2399.022	452.1175,265.58377,2324.5464	403.26224,252.95746,2540.937	387.30463,292.70978,2659.9116	383.8302,380.60306,2482.569	428.5688,294.4579,2588.7158	397.19846,449.18243,2561.4512	426.53314,386.42126,2426.6628	387.30463,292.70978,2659.9116	433.1995,458.57675,2578.4922	422.63065,324.72778,2191.3784	364.54416,250.06396,2192.627	
394.59818,172.65366,2366.735	398.7334,219.5302,2445.7246	363.0451,220.31335,2498.914	358.2908,266.1437,2457.9382	398.7334,219.5302,2445.7246	436.00848,218.71222,2392.5352	449.59488,281.03192,2317.7944	403.48492,262.63004,2530.5955	387.28757,302.36212,2647.8848	383.69495,392.1787,2462.712	429.08673,303.5177,2583.0479	396.33826,451.12054,2546.8909	426.76215,397.0299,2417.059	387.28757,302.36212,2647.8848	430.8266,463.5626,2597.4678	416.58478,344.4771,2218.9841	364.6328,262.56137,2182.0127	
394.62787,178.68776,2361.9348	398.733,226.00157,2437.329	362.79053,226.99797,2488.5352	357.81927,278.06503,2447.9807	398.733,226.00157,2437.329	436.2181,224.96242,2386.123	446.78055,288.38474,2324.3977	403.41193,269.68228,2516.7148	386.95514,310.26093,2627.2986	386.00537,403.093,2466.9446	429.16153,311.1327,2564.9026	396.35657,449.84256,2538.3867	426.88837,406.77527,2412.6345	386.95514,310.26093,2627.2986	431.67758,466.31653,2621.2788	413.74466,353.48145,2264.942	365.162,273.9418,2171.8113	
394.0916,182.05292,2343.5437	398.06802,229.05118,2426.9038	361.77454,229.55281,2474.643	357.10193,284.4197,2441.993	398.06802,229.05118,2426.9038	435.81802,228.52942,2379.1646	443.7196,293.606,2332.1157	402.02255,272.21436,2512.3257	385.90338,311.9359,2625.2844	388.05206,405.59204,2506.669	425.95523,313.15475,2570.2107	396.50372,443.4907,2560.9707	424.81158,409.8709,2445.6973	385.90338,311.9359,2625.2844	428.7108,473.0067,2637.7122	411.05173,358.93018,2310.1077	366.23563,281.26984,2165.2134	
392.8518,183.19907,2326.962	397.62683,229.87921,2419.1753	361.21115,230.40547,2466.8215	356.02737,289.64365,2495.993	397.62683,229.87921,2419.1753	435.5058,229.3318,2371.529	441.31097,296.34442,2344.9666	401.8798,272.322,2510.6528	385.48956,311.19345,2630.3906	389.17432,403.78207,2468.709	426.62457,312.38074,2573.87	398.07324,441.02112,2565.0657	426.8153,406.66986,2461.006	385.48956,311.19345,2630.3906	429.218,462.55762,2683.3445	409.0011,361.39496,2343.2942	362.29648,290.28607,2219.6501	
392.3483,181.39551,2325.534	396.984,228.60475,2416.2996	360.57242,228.93852,2464.6382	356.00397,290.25253,2504.5134	396.984,228.60475,2416.2996	434.8822,228.25734,2367.961	439.8993,296.10538,2356.06	401.09656,271.22806,2507.5605	384.63513,310.14804,2627.4077	388.2265,403.69885,2478.4832	425.65665,311.58334,2570.2354	396.81735,439.22034,2554.9858	426.2653,408.23978,2476.9167	384.63513,310.14804,2627.4077	427.99982,468.4178,2681.0872	412.30103,362.99225,2357.6038	361.68942,293.67706,2233.6855	
391.89713,176.90337,2318.4182	395.53748,224.77278,2412.983	359.27246,223.7713,2463.1758	356.2729,287.23584,2489.837	395.53748,224.77278,2412.983	433.3432,225.8168,2362.79	439.18738,294.27798,2365.3467	398.40167,267.44373,2506.8018	382.17255,305.6457,2628.4282	386.7348,397.41492,2444.6187	420.35413,308.45627,2572.813	394.71686,435.86804,2558.0083	420.98865,404.5924,2497.6963	382.17255,305.6457,2628.4282	422.51968,468.46167,2683.7148	412.81604,361.64014,2366.7158	362.14493,290.38022,2223.609	
391.79404,170.46707,2322.2993	394.64636,219.55885,2412.0093	358.39075,217.97571,2461.9507	358.26245,283.14545,2443.8977	394.64636,219.55885,2412.0093	432.43512,221.20894,2362.0679	439.74097,290.4182,2369.8823	396.4556,263.07098,2501.7998	378.52048,301.79263,2620.297	388.39664,391.6123,2409.5051	418.19788,305.38315,2562.8835	392.82306,437.6932,2537.4458	417.31042,392.17932,2393.1218	378.52048,301.79263,2620.297	422.06702,452.73468,2606.7068	416.54538,358.87576,2370.8442	364.93777,283.71173,2176.1194	
391.49524,163.17807,2323.742	393.86017,212.97397,2409.183	357.62762,211.24388,2459.7817	360.37158,277.11862,2412.9478	393.86017,212.97397,2409.183	431.64728,214.77827,2358.5845	440.39005,283.7596,2364.5088	395.188,257.36023,2494.4229	376.2159,296.8659,2609.564	388.68085,388.70343,2445.0117	417.11432,300.80618,2549.7612	393.83948,435.7398,2540.1597	420.41574,392.9097,2414.0957	376.2159,296.8659,2609.564	426.65643,456.93744,2608.2463	418.81085,352.75793,2371.4756	367.527,275.3995,2144.8462	
391.4784,155.20135,2317.9514	393.68433,205.79706,2405.481	357.53424,203.80896,2457.663	361.98944,270.8139,2387.486	393.68433,205.79706,2405.481	431.43762,207.8733,2353.2988	442.10623,277.94293,2361.236	394.74182,250.47987,2491.2664	375.25934,290.02612,2608.3735	390.16302,382.35272,2477.5366	416.7022,294.40286,2545.73	395.05103,433.6366,2554.15	421.46674,388.88333,2429.421	375.25934,290.02612,2608.3735	427.89044,457.52322,2600.1804	420.57538,347.04807,2370.9338	370.00732,267.52197,2119.2344	
391.2548,146.52185,2321.0728	394.23242,198.26553,2402.3364	357.8651,197.33844,2452.8835	362.27332,263.15903,2371.809	394.23242,198.26553,2402.3364	432.16306,199.2325,2351.7893	445.09705,269.92038,2351.21	395.90063,243.79337,2482.469	376.60855,284.90265,2593.1914	393.696,377.58844,2497.3462	418.8244,288.08307,2532.0117	397.24768,436.54276,2540.4614	423.46503,383.87305,2404.1235	376.60855,284.90265,2593.1914	429.24423,456.03162,2563.0479	423.4044,339.18317,2365.6033	371.09656,259.74002,2103.683	
391.3039,137.4298,2324.106	394.08603,189.88759,2399.0076	357.6057,189.36533,2448.8423	362.9456,255.70447,2354.42	394.08603,189.88759,2399.0076	432.11414,190.432,2349.1729	447.01443,260.94086,2345.7446	395.59607,236.43243,2471.7441	375.9121,278.95148,2574.7483	394.02652,371.9809,2503.53	418.63562,281.7138,2514.2131	394.0765,437.22153,2534.899	418.57852,378.45032,2394.9336	375.9121,278.95148,2574.7483	426.59772,458.87872,2504.069	425.61832,330.57184,2359.5627	371.8205,251.67392,2086.1597	
391.82535,130.03754,2325.622	394.59958,182.68997,2394.6006	357.8888,182.76941,2442.1934	364.4548,247.65385,2342.7363	394.59958,182.68997,2394.6006	432.79922,182.60733,2347.0078	449.8006,251.58401,2336.7427	396.20282,230.01285,2461.4204	376.34375,273.83655,2557.212	397.6874,365.915,2517.7576	419.59454,275.8552,2499.2686	395.30316,438.33868,2536.6426	418.57275,373.37152,2389.8452	376.34375,273.83655,2557.212	426.1137,460.9027,2451.1567	428.04468,321.39166,2352.874	372.43192,243.39113,2073.2358	
392.6345,123.81071,2324.8953	395.21356,176.38803,2389.1458	358.3195,176.69655,2435.3633	365.36533,240.51337,2334.8726	395.21356,176.38803,2389.1458	433.56326,176.06734,2342.9282	452.27295,243.56998,2330.5579	396.69952,224.24132,2452.9077	376.56805,268.81757,2544.8267	399.51904,360.64838,2520.0623	420.13986,270.54132,2488.5127	395.0631,439.15298,2542.7322	420.44965,368.59003,2385.9424	376.56805,268.81757,2544.8267	420.5202,461.54578,2402.7908	430.58344,313.82117,2340.775	372.7513,235.21179,2066.7915	
393.78253,117.773445,2325.0537	396.9218,171.15952,2382.074	359.81958,172.37962,2427.1501	365.1972,239.30727,2305.7537	396.9218,171.15952,2382.074	435.45532,169.89236,2336.9978	455.04166,237.3142,2316.2495	399.09344,219.64447,2439.392	379.36713,265.58698,2524.1936	405.01703,357.56152,2502.2537	423.44888,266.22653,2469.2268	396.37994,442.10822,2529.9187	424.05188,364.9389,2361.3325	379.36713,265.58698,2524.1936	420.14084,461.40662,2357.5913	433.06268,307.4981,2321.4055	372.73175,227.37772,2039.96	
395.2209,114.47829,2332.1072	398.3805,167.6243,2377.0298	361.03818,169.4828,2419.31	366.9983,232.17563,2304.934	398.3805,167.6243,2377.0298	437.07532,165.69849,2334.7495	457.97403,233.50781,2304.5552	400.77313,216.79407,2424.0576	380.9609,264.1943,2496.8694	405.41116,357.40088,2481.0527	425.65485,263.98816,2445.3015	394.3985,445.40594,2516.9697	423.5316,363.46246,2336.8308	380.9609,264.1943,2496.8694	416.7359,461.03778,2336.034	434.98798,303.25388,2298.9956	372.68723,221.7192,2036.1028	
396.2436,113.155975,2329.155	399.345,166.18903,2369.3804	361.73416,168.45401,2408.577	360.71384,227.80132,2342.49	399.345,166.18903,2369.3804	438.22116,163.84784,2330.1838	461.2749,231.94904,2291.261	401.96548,215.77954,2411.3818	382.1458,264.07446,2477.287	406.2223,358.0931,2464.5176	427.2865,263.26184,2429.4795	393.13843,447.15405,2519.1113	420.9849,362.9014,2318.9783	382.1458,264.07446,2477.287	415.7678,459.27087,2340.186	436.092,300.5374,2275.0447	370.30963,222.89418,2081.5742	
397.1691,113.46836,2326.7048	400.84216,166.30493,2362.7197	362.99957,169.27527,2398.4136	355.09534,224.87314,2352.301	400.84216,166.30493,2362.7197	439.84567,163.24347,2327.026	462.9971,231.78331,2281.643	404.1883,216.13406,2400.9949	384.87436,265.2974,2461.0435	406.97037,360.99225,2436.0947	430.39075,263.48532,2417.4966	394.39337,447.60474,2518.1113	421.36053,363.08722,2299.27	384.87436,265.2974,2461.0435	417.33362,458.34665,2339.1138	436.86346,299.05112,2244.4011	370.69357,220.91016,2096.867	
