300.05923,126.78737,2472.6123	299.13483,175.69739,2460.6248	262.6615,175.66101,2460.3833	250.27246,231.60263,2365.5354	299.13483,175.69739,2460.6248	335.601,175.73376,2460.8662	354.94623,247.10846,2399.5864	299.0293,225.41617,2452.7197	275.8105,275.4396,2444.6626	266.29984,377.6286,2387.2388	322.03278,275.47333,2444.9668	266.3491,467.7823,2459.636	325.00055,378.20816,2377.9155	275.8105,275.4396,2444.6626	348.52475,479.56683,2317.5786	340.366,309.7656,2291.2644	257.86227,222.3879,2102.5076	
299.0274,127.39756,2476.2107	297.3747,176.27213,2462.1155	260.83813,175.72829,2458.128	246.06923,230.22339,2369.2334	297.3747,176.27213,2462.1155	333.79306,176.8142,2466.103	351.30496,248.2032,2406.7773	296.73862,225.91429,2451.6338	272.9169,275.74036,2438.6426	264.2692,378.07892,2388.0369	319.22964,276.22464,2443.6616	264.7868,468.70068,2456.9587	321.66278,378.9677,2380.4414	272.9169,275.74036,2438.6426	346.58334,480.4105,2311.6475	339.54782,310.5319,2289.8135	256.31302,223.20099,2105.6892	
297.19537,126.69055,2478.0	295.13675,175.23538,2464.332	258.56683,174.14142,2455.7961	238.75372,228.79807,2371.5925	295.13675,175.23538,2464.332	331.45422,176.32178,2472.868	347.0835,247.8017,2410.8433	293.97296,224.85202,2455.889	269.6441,274.33755,2442.072	262.39508,375.89206,2409.5498	315.8567,275.28238,2452.8196	265.15594,467.59592,2463.6228	319.65057,377.44373,2394.2522	269.6441,274.33755,2442.072	341.7914,478.32306,2333.4827	339.33875,307.7973,2270.2651	251.74612,223.65251,2112.4229	
295.26004,126.40251,2478.9207	293.08942,174.83408,2464.9585	256.49326,173.43832,2454.647	235.85892,227.76668,2404.2935	293.08942,174.83408,2464.9585	329.3807,176.2182,2475.27	344.99185,247.00525,2411.9053	291.5854,224.4633,2459.05	266.9613,273.7143,2446.6526	263.13712,374.94745,2420.9966	313.06494,274.94565,2459.6306	265.4875,468.07782,2459.5847	318.64175,376.78198,2397.913	266.9613,273.7143,2446.6526	337.35938,477.10657,2351.5396	339.42252,303.35867,2249.084	247.19073,226.10559,2143.79	
293.62766,125.4233,2471.4014	291.86505,174.25055,2461.344	255.17366,173.0663,2448.1553	233.61087,229.26312,2417.6409	291.86505,174.25055,2461.344	328.1653,175.42218,2474.5327	345.75464,246.35292,2420.9817	290.73422,224.00156,2461.4277	266.54675,273.34195,2453.2095	266.20813,374.31342,2428.5042	312.50525,274.15363,2469.8135	267.12683,467.82736,2461.803	316.933,375.62897,2406.9548	266.54675,273.34195,2453.2095	332.16895,473.8465,2386.942	339.47937,297.37164,2235.9644	244.42188,229.0177,2158.0728	
292.50366,125.18497,2468.133	290.96384,173.98077,2458.326	254.20337,172.99597,2443.9646	230.96141,227.84294,2417.8176	290.96384,173.98077,2458.326	327.29727,174.95413,2472.6873	347.6654,246.01602,2427.5007	290.12485,223.81964,2461.0918	266.24625,273.29614,2454.8184	266.0141,374.45544,2425.072	312.16077,273.7953,2472.897	267.56717,468.62,2453.917	314.76443,375.36365,2396.252	266.24625,273.29614,2454.8184	325.1219,471.03293,2410.9526	336.5961,293.04327,2231.6375	243.18959,232.1349,2167.7258	
291.73047,125.7386,2457.9963	290.4994,174.50156,2451.2288	253.61783,173.64522,2435.811	233.27414,230.26178,2426.4019	290.4994,174.50156,2451.2288	326.9199,175.3472,2466.6465	348.22287,245.62872,2423.759	289.81384,224.48381,2458.8882	266.11014,274.01486,2456.8428	264.88898,375.3599,2420.6	311.97452,274.29532,2476.2524	268.3119,469.23303,2453.249	312.39297,375.80255,2398.8853	266.11014,274.01486,2456.8428	319.088,470.16473,2429.2534	332.03635,291.8205,2228.981	243.45337,236.29002,2173.9253	
290.73376,127.02495,2436.928	289.88672,176.57869,2440.0908	252.83304,175.93436,2425.6946	232.58322,236.57254,2435.1863	289.88672,176.57869,2440.0908	326.50577,177.21547,2454.487	347.8399,246.98215,2418.3958	289.36734,226.6742,2456.841	265.8933,276.05795,2464.5288	263.8092,377.47058,2416.9534	311.64908,276.12433,2482.6538	268.3579,470.3607,2458.764	310.02933,377.48175,2399.3457	265.8933,276.05795,2464.5288	313.34885,469.76154,2449.022	327.75052,294.46362,2230.0479	244.87807,241.474,2179.8977	
289.30304,130.0427,2426.3792	288.70462,179.27512,2431.0437	251.54315,178.93253,2420.1433	234.51855,242.30765,2440.5742	288.70462,179.27512,2431.0437	325.53433,179.61465,2441.944	347.00787,248.51755,2409.1907	288.53763,229.50804,2451.147	265.39313,278.98938,2464.3865	263.231,380.923,2392.598	311.22632,278.8584,2478.114	267.6875,472.25085,2453.318	308.48978,380.55652,2385.2375	265.39313,278.98938,2464.3865	307.754,470.3429,2457.635	323.2272,298.16086,2232.0178	245.7933,247.69649,2181.0627	
288.9598,135.73175,2405.6208	288.4583,185.71692,2418.952	251.137,185.50336,2410.2761	233.492,246.74808,2426.785	288.4583,185.71692,2418.952	325.5129,185.92897,2427.6277	344.71484,253.07738,2389.601	288.42773,235.87556,2448.2932	265.49213,284.93414,2472.173	263.16574,386.9813,2380.1628	311.20288,284.75867,2483.096	268.7995,474.84332,2466.8115	306.72137,386.45032,2387.554	265.49213,284.93414,2472.173	306.05402,473.1612,2480.3074	316.4631,305.22363,2230.2063	249.268,255.61583,2178.0996	
288.33182,143.75267,2395.7332	287.8595,194.08607,2409.3262	250.41559,194.06302,2402.4849	234.58344,252.27924,2401.8892	287.8595,194.08607,2409.3262	325.09134,194.109,2416.1675	342.05338,259.71045,2370.292	288.08502,244.38223,2438.4944	265.31738,293.64902,2463.356	263.17297,396.04095,2350.1567	311.21295,293.3303,2471.9692	267.44986,482.41858,2451.9062	304.98193,395.3225,2359.6426	265.31738,293.64902,2463.356	305.1997,479.6744,2471.766	310.21936,314.82828,2225.4636	253.08333,264.45782,2160.3857	
287.82996,153.60101,2382.788	287.42102,203.58258,2397.8691	249.90079,203.60837,2395.3005	236.877,261.65656,2369.939	287.42102,203.58258,2397.8691	324.861,203.55682,2400.4377	339.1816,268.8739,2354.1372	287.8061,253.92613,2429.2979	265.1679,303.0649,2459.1091	263.59927,406.45602,2343.2646	311.16443,302.90262,2462.344	268.63727,490.01077,2460.8276	304.10556,406.00552,2348.5117	265.1679,303.0649,2459.1091	302.0697,484.97104,2489.4277	304.67517,326.88327,2213.6602	259.14706,274.66113,2123.806	
287.2171,164.86246,2368.8228	286.73868,215.37077,2387.2214	249.13208,215.3208,2387.6418	239.9742,273.5237,2345.972	286.73868,215.37077,2387.2214	324.35855,215.42076,2386.801	336.69836,280.18866,2335.5664	287.1474,265.69547,2420.6587	264.52026,314.6075,2454.3606	263.29526,417.9547,2339.562	310.5747,314.69012,2453.8313	268.75604,499.08224,2468.5586	303.3002,417.5692,2350.2888	264.52026,314.6075,2454.3606	299.63354,492.9439,2506.4998	299.71664,341.95508,2200.4043	265.21262,284.0144,2092.4932	
287.2993,175.39194,2361.9177	285.7757,225.44368,2379.3894	248.22464,224.38734,2384.0269	241.87799,284.74313,2326.0242	285.7757,225.44368,2379.3894	323.47345,226.50415,2374.752	335.72055,292.02948,2318.8982	284.9586,275.94916,2409.1206	261.2188,324.45923,2441.754	260.61664,429.323,2333.6958	307.15863,325.9891,2435.9497	267.16415,507.89328,2474.026	300.5459,429.7632,2349.4893	261.2188,324.45923,2441.754	296.34073,504.96158,2503.521	296.8078,357.05164,2191.2156	270.40796,291.92834,2069.8218	
287.3761,184.29094,2357.9182	285.08948,234.32646,2372.92	247.59772,232.72673,2381.1455	240.95901,293.3446,2319.024	285.08948,234.32646,2372.92	322.84207,235.93732,2364.6943	335.49646,298.3043,2309.5503	283.63382,285.00543,2399.4805	259.1709,333.3786,2431.2034	262.48676,438.65396,2341.5603	305.34747,335.77603,2420.8787	268.75583,511.39694,2506.1326	301.6441,440.05978,2360.2346	259.1709,333.3786,2431.2034	296.76074,512.6935,2522.214	299.87723,366.4005,2195.7363	272.8856,299.74292,2060.7744	
287.9225,190.7011,2355.894	285.19034,241.1344,2368.1824	247.66255,239.22948,2377.324	239.50627,299.07376,2319.0078	285.19034,241.1344,2368.1824	323.00897,243.05406,2359.0408	335.18616,304.9653,2295.6045	283.27902,292.00894,2391.0454	258.24,340.5042,2419.6538	260.81247,446.39893,2347.3486	304.67838,343.3421,2408.163	266.7107,521.91095,2496.663	301.5883,448.6471,2359.2346	258.24,340.5042,2419.6538	297.23846,524.037,2506.049	301.5265,374.56424,2175.1758	271.5744,306.27826,2061.0647	
288.34973,193.61691,2348.3936	285.12177,244.2119,2365.1697	247.66965,241.76428,2376.3525	241.09125,303.30594,2310.037	285.12177,244.2119,2365.1697	322.92972,246.68275,2353.9868	337.40634,310.9668,2275.8032	282.6786,294.92914,2391.2603	256.67767,342.70978,2424.548	279.13086,440.90576,2372.0955	304.03964,346.40442,2410.1536	300.06216,522.6048,2446.5347	300.54858,453.7269,2320.52	256.67767,342.70978,2424.548	0.0,0.0,0.0	301.55164,374.54486,2113.6758	270.90988,307.6914,2047.96	
289.14365,193.1486,2351.1243	285.86758,243.55573,2366.5293	248.45438,240.8768,2377.9666	241.56482,302.91446,2292.5215	285.86758,243.55573,2366.5293	323.6442,246.26068,2355.092	339.15683,308.53247,2266.3965	283.171,294.14954,2394.3657	257.4684,341.63077,2429.4114	286.04178,438.8431,2390.9626	303.7421,345.54184,2414.993	313.25015,526.8622,2416.43	298.24347,453.681,2258.536	257.4684,341.63077,2429.4114	0.0,0.0,0.0	308.04303,363.50888,2070.3328	270.68878,302.251,2032.9524	
289.77826,189.10446,2353.9924	286.53604,239.3415,2369.661	249.27292,236.49623,2382.957	242.59013,297.78796,2314.269	286.53604,239.3415,2369.661	324.21967,242.2189,2356.3647	342.22604,303.653,2246.693	283.77142,289.74167,2400.627	258.1781,336.76672,2439.966	287.44217,437.00644,2363.3503	304.13455,340.96402,2423.22	0.0,0.0,0.0	288.23373,446.47162,2227.737	258.1781,336.76672,2439.966	0.0,0.0,0.0	319.92645,346.0121,2019.216	267.3151,295.05463,2054.4846	
290.09137,181.18822,2362.43	286.86475,231.68596,2376.201	249.91263,228.7133,2393.0693	237.90517,287.51102,2346.64	286.86475,231.68596,2376.201	324.34525,234.70111,2359.3325	350.01154,290.69025,2222.8523	283.98538,282.0673,2406.7654	258.45258,328.92307,2447.9534	285.37653,429.89563,2337.0981	304.10287,333.46683,2426.7063	0.0,0.0,0.0	282.9778,435.75684,2205.5342	258.45258,328.92307,2447.9534	0.0,0.0,0.0	333.3133,318.28802,1978.917	260.51678,282.24463,2091.2666	
291.48172,170.10701,2381.6482	287.95087,220.20898,2386.8923	251.2471,217.30482,2405.4233	230.57819,271.92554,2358.8223	287.95087,220.20898,2386.8923	325.22903,223.15858,2368.3613	360.50836,265.95007,2215.933	284.79016,270.76605,2410.8438	259.0003,318.05313,2446.4624	280.43613,420.00916,2310.9727	304.6015,322.62558,2423.128	0.0,0.0,0.0	286.7873,423.93805,2193.3298	259.0003,318.05313,2446.4624	0.0,0.0,0.0	350.38922,279.98883,1957.8162	254.13657,264.60535,2116.819	
292.53967,157.20927,2391.7598	288.811,207.07138,2395.9238	252.49734,204.19731,2418.458	222.63353,255.08089,2381.4155	288.811,207.07138,2395.9238	325.8142,210.00003,2373.3896	368.96854,243.74507,2221.476	285.4986,257.63507,2418.0024	259.7403,304.91977,2454.2776	274.64468,406.83466,2302.2617	305.01544,309.6753,2425.8845	0.0,0.0,0.0	294.26596,413.1231,2233.8184	259.7403,304.91977,2454.2776	0.0,0.0,0.0	361.99603,246.67426,1953.4604	248.66972,245.24449,2145.1582	
293.11664,142.13742,2403.8057	289.83795,191.52165,2405.6936	253.69989,189.11456,2429.335	220.65417,237.52127,2398.7168	289.83795,191.52165,2405.6936	326.6933,193.97652,2382.0522	374.80704,220.75687,2237.2231	286.73148,242.14,2423.3594	261.1913,289.91656,2455.9163	269.2001,392.09726,2311.6868	306.4246,294.16074,2426.134	0.0,0.0,0.0	301.9146,398.6568,2286.2244	261.1913,289.91656,2455.9163	0.0,0.0,0.0	377.15634,207.42188,1974.8853	245.6752,226.93199,2164.109	
293.5173,126.506905,2409.3335	290.468,175.82022,2411.3403	254.38806,173.77116,2434.9905	219.62222,220.33426,2420.366	290.468,175.82022,2411.3403	327.26263,177.90988,2387.6902	377.6862,197.52538,2255.607	287.47974,226.48854,2425.8628	262.03256,274.6633,2455.2769	261.998,379.77377,2356.124	307.29785,278.46756,2425.4937	256.60657,481.7534,2328.8882	307.5792,382.53912,2332.3408	262.03256,274.6633,2455.2769	0.0,0.0,0.0	391.7008,172.90659,2006.4165	244.75488,208.07648,2181.8423	
293.24768,111.604935,2412.6257	290.89493,161.37018,2415.3535	254.68796,160.10419,2436.63	219.47705,207.63025,2442.728	290.89493,161.37018,2415.3535	327.74542,162.65869,2394.0771	379.8577,179.83832,2270.3184	288.72745,212.09279,2427.1714	263.88898,260.97656,2452.4243	259.16556,363.51132,2401.7131	309.5243,263.6861,2425.5542	243.98901,464.1002,2345.316	317.66403,367.29315,2385.7004	263.88898,260.97656,2452.4243	320.90305,469.34912,2332.4082	403.37286,147.172,2040.5618	244.26743,192.25133,2198.229	
292.98788,98.54636,2414.2683	291.5005,148.44586,2418.1858	255.1886,147.89462,2437.4832	223.58676,194.53299,2458.8938	291.5005,148.44586,2418.1858	328.39658,149.00598,2398.8884	382.07068,162.00935,2282.18	290.18124,199.20079,2428.8213	266.11227,248.66559,2451.6301	253.65656,348.23276,2435.831	311.8631,250.36923,2427.2834	234.0195,442.63556,2371.8086	325.6374,351.60907,2408.9946	266.11227,248.66559,2451.6301	334.64563,452.3988,2353.6243	415.80106,127.458534,2061.3796	243.71373,176.49957,2210.5598	
292.42447,87.21677,2414.624	291.84378,137.21115,2420.5544	255.35126,137.3837,2435.9556	228.31891,185.51312,2457.998	291.84378,137.21115,2420.5544	328.80368,137.03638,2405.1533	386.25772,151.18509,2298.654	291.5739,187.98605,2431.5266	268.455,238.01257,2452.2083	247.31805,335.07098,2451.4968	314.34036,238.59933,2432.7893	222.45047,425.08655,2402.3616	333.019,337.93228,2425.9258	268.455,238.01257,2452.2083	350.1797,435.02618,2364.9207	423.46643,116.73697,2083.9463	244.21976,165.71808,2216.5728	
291.5744,78.44847,2407.756	291.83475,128.40152,2419.3242	255.27103,129.22801,2433.8794	229.21979,177.81067,2474.9878	291.83475,128.40152,2419.3242	328.84113,127.56502,2404.769	387.68994,141.72073,2315.8638	292.53906,179.27261,2433.747	270.42236,229.68257,2457.3364	242.31668,324.338,2465.6836	316.2192,229.40503,2439.0034	209.30219,410.3449,2429.4597	340.05762,327.2204,2430.248	270.42236,229.68257,2457.3364	365.93735,423.2553,2371.8665	428.95325,111.99379,2102.4062	244.90784,158.54608,2229.1992	
291.21475,71.73575,2403.829	292.23203,122.10352,2417.1675	255.52167,123.27347,2429.318	232.49484,173.0731,2475.001	292.23203,122.10352,2417.1675	329.31335,120.92174,2405.0168	388.4812,137.78003,2329.9624	293.52966,173.07916,2434.1548	271.9622,223.76108,2458.7932	237.70253,316.307,2469.4006	317.79947,222.93283,2443.491	197.40692,401.48798,2440.091	346.62418,319.35352,2424.643	271.9622,223.76108,2458.7932	380.47083,417.2575,2369.3196	432.03796,112.45539,2121.3225	246.39502,153.26294,2224.8848	
290.79025,67.464066,2394.8484	292.31503,118.128876,2412.657	255.51527,119.43539,2424.479	236.04788,171.33032,2476.4956	292.31503,118.128876,2412.657	329.47723,116.8095,2400.835	387.52417,131.92836,2353.9878	293.90277,169.25287,2433.8525	272.64532,219.99756,2462.4902	234.92938,311.5293,2467.2522	318.41956,218.98764,2447.606	189.5687,397.0569,2449.4878	350.21283,314.55585,2413.0425	272.64532,219.99756,2462.4902	391.57202,413.56717,2359.0193	433.80286,117.440575,2140.5894	248.04945,150.6914,2219.941	
290.4194,65.75235,2382.8376	292.6627,116.87192,2405.5283	255.88287,118.56785,2419.984	237.88306,171.57492,2475.2163	292.6627,116.87192,2405.5283	329.8872,115.155464,2391.0728	384.38953,133.98846,2356.9883	294.84286,168.146,2432.0278	274.2498,218.9878,2467.629	235.99673,310.36835,2469.85	319.87115,217.63672,2449.4258	189.56133,398.67953,2444.5286	352.65863,312.9551,2408.838	274.2498,218.9878,2467.629	398.84235,414.50418,2336.7761	433.9462,124.27176,2150.4229	246.40195,152.46432,2214.8752	
290.35736,66.271225,2368.8452	292.72995,117.48445,2396.9639	255.88425,119.26887,2412.7935	239.27756,171.69687,2453.6038	292.72995,117.48445,2396.9639	330.06555,115.67629,2381.1343	384.92416,138.63876,2357.4912	295.21582,168.88559,2429.9727	274.98495,219.59624,2472.9463	238.30823,311.92767,2462.122	320.46912,218.2161,2453.0166	192.7315,405.1313,2427.0244	351.1907,314.15118,2408.1316	274.98495,219.59624,2472.9463	398.55774,419.86176,2315.5945	434.346,134.13573,2151.7114	248.76468,154.43346,2195.2268	
290.45142,69.28694,2347.354	292.85907,121.042885,2385.086	255.85916,122.709915,2401.5945	240.59787,171.4036,2421.817	292.85907,121.042885,2385.086	330.37473,119.35263,2368.5774	385.39838,144.69061,2350.234	295.5408,172.46107,2427.7815	275.56033,222.69455,2480.8694	242.73805,316.46497,2457.5654	320.89005,221.50446,2460.0847	202.73618,416.2603,2407.2788	348.6864,318.06976,2416.5051	275.56033,222.69455,2480.8694	393.27658,429.99146,2298.0752	435.24478,145.02003,2138.6409	252.22403,158.32,2159.8865	
290.73163,75.37358,2329.6108	293.32022,127.14813,2372.9612	256.0976,128.67534,2388.9243	244.35257,175.76633,2382.419	293.32022,127.14813,2372.9612	331.04703,125.60027,2356.998	382.1695,149.42197,2352.1157	296.10767,178.51665,2422.984	276.2162,228.32462,2483.0557	248.73898,324.00952,2436.512	321.5326,227.28525,2462.9575	217.1352,422.81757,2391.4868	345.95743,324.7531,2401.285	276.2162,228.32462,2483.0557	381.23227,430.99536,2297.79	425.61627,160.51736,2139.3193	255.86731,166.88602,2117.5251	
291.09158,84.9406,2308.7407	294.03903,136.95267,2360.957	256.60886,138.36282,2376.6733	247.58643,183.27023,2353.7207	294.03903,136.95267,2360.957	331.9709,135.52359,2345.2407	378.93292,156.06369,2349.5596	297.06403,187.91875,2420.9033	277.43494,236.87375,2490.7434	255.89288,333.8246,2425.2893	322.63095,235.96619,2470.9558	232.939,433.31448,2378.4556	342.76752,333.95816,2388.1975	277.43494,236.87375,2490.7434	369.76752,437.90167,2308.298	415.63705,179.06026,2155.7524	258.3246,177.40405,2087.7185	
290.40854,97.71878,2282.8003	293.91272,149.552,2346.5105	256.33707,150.8735,2363.7874	248.74585,194.8939,2334.873	293.91272,149.552,2346.5105	332.04584,148.2109,2329.2336	376.15204,166.91432,2346.2705	297.4494,199.64821,2419.0957	278.40543,247.18875,2502.5579	261.1672,344.11154,2404.1814	323.3508,246.45947,2480.804	246.75055,443.3114,2380.778	340.18265,343.97595,2366.1282	278.40543,247.18875,2502.5579	358.20157,446.6996,2319.9526	406.56696,197.5234,2163.6343	259.9464,190.43524,2068.3416	
0.0,0.0,0.0	296.0553,172.36319,2321.579	258.406,172.88739,2344.3083	251.52893,218.94211,2306.5173	296.0553,172.36319,2321.579	334.44907,171.82863,2298.8499	372.1081,195.54529,2303.7185	299.56354,221.59622,2402.6484	280.53262,267.37906,2498.045	266.0869,353.97247,2351.903	325.4117,267.85422,2469.3906	262.823,452.43445,2362.0942	337.72794,354.01498,2318.793	280.53262,267.37906,2498.045	347.92987,455.01044,2317.3838	395.1916,238.85928,2122.8865	261.99692,221.03415,2035.1177	
291.5966,146.04704,2230.802	296.18643,197.09335,2307.4338	258.2052,198.26225,2328.4302	252.75519,242.35257,2278.794	296.18643,197.09335,2307.4338	334.86523,195.90298,2286.4375	369.55957,228.4056,2256.8862	300.58517,245.86456,2387.648	282.2336,291.65295,2481.0679	269.78873,375.81995,2313.1755	327.404,291.27563,2454.6562	271.19684,471.51987,2359.7224	336.3301,378.09274,2286.1155	282.2336,291.65295,2481.0679	343.03934,475.38895,2327.4954	383.00818,280.53955,2073.9817	262.9873,248.57428,2002.8452	
292.00488,170.16298,2210.881	295.7005,220.30597,2296.054	257.77438,219.95267,2320.5596	251.00359,266.414,2260.5715	295.7005,220.30597,2296.054	334.44492,220.66689,2271.5483	367.08344,260.09708,2210.8777	299.36627,267.4723,2385.4736	280.64484,310.4657,2490.2021	269.31116,401.3852,2305.75	325.16486,312.0045,2459.5845	275.81674,489.77954,2397.2546	334.01474,403.46838,2275.3364	280.64484,310.4657,2490.2021	338.1234,490.66577,2377.7444	372.679,319.91156,2031.0886	266.06042,269.6352,1990.3031	
292.57166,189.27911,2199.9214	295.2405,238.58809,2289.1738	257.4285,236.78802,2316.3098	251.33813,287.1256,2246.3835	295.2405,238.58809,2289.1738	333.95975,240.43137,2262.0378	365.23468,288.158,2182.4497	298.0213,284.7191,2382.7808	278.5693,325.71118,2493.3723	266.2605,404.91318,2247.4353	322.91855,329.03677,2459.403	276.30255,485.42624,2391.16	334.35294,425.74036,2266.6938	278.5693,325.71118,2493.3723	335.26587,504.91077,2409.7024	357.64606,352.18542,2010.1492	269.9437,287.2935,1979.0308	
