428.29312,127.20086,2640.9756	429.68018,172.77582,2626.8767	396.6897,176.20374,2694.4124	375.1683,216.65262,2580.1868	429.68018,172.77582,2626.8767	464.4118,169.167,2559.341	481.95026,226.44003,2532.2444	431.52536,218.04604,2614.4912	412.82394,264.4606,2643.2883	431.37808,353.86923,2613.6587	454.61365,263.01086,2560.923	428.03748,439.661,2587.3928	445.48264,353.25842,2383.444	412.82394,264.4606,2643.2883	452.4168,445.1068,2424.3123	500.83624,216.55917,2284.8987	369.72983,200.6383,2328.0044	
429.85492,125.31322,2639.6018	430.36905,170.5349,2619.9338	397.39883,173.71625,2689.3345	375.60388,214.98279,2574.1067	430.36905,170.5349,2619.9338	465.1335,167.18042,2550.5332	485.16113,226.2971,2533.1729	431.37048,215.81686,2603.3464	411.78192,262.19696,2629.0886	432.9774,350.5345,2622.306	453.67307,261.14496,2544.4294	425.88687,440.3003,2584.4902	443.7318,352.71875,2380.3958	411.78192,262.19696,2629.0886	448.4986,444.04315,2428.6685	507.31128,208.67032,2294.6895	371.32434,200.9553,2318.8135	
431.7098,124.526634,2629.3206	431.6742,169.48671,2607.057	398.12427,172.10475,2670.9338	378.90375,214.91948,2568.9856	431.6742,169.48671,2607.057	466.9095,166.73715,2543.18	486.86624,227.8842,2527.0432	432.09076,214.97691,2589.744	411.5564,261.34634,2611.4185	435.38425,348.33563,2627.7134	454.1145,260.80432,2533.4434	425.7846,443.037,2579.137	443.3129,353.7363,2389.0767	411.5564,261.34634,2611.4185	448.72058,444.95352,2435.1953	513.16376,201.76025,2304.4192	375.7935,199.45572,2310.7432	
433.41104,123.41356,2606.2744	433.5191,169.08408,2589.935	399.37067,171.2701,2648.323	382.35477,215.4517,2556.4963	433.5191,169.08408,2589.935	469.24274,166.79721,2531.547	486.85773,229.2482,2519.5083	433.78256,214.96237,2575.7556	412.79828,261.44305,2597.1975	436.81262,347.94745,2629.4768	455.899,261.25143,2525.9548	426.66254,445.337,2578.2585	443.85117,354.8531,2393.112	412.79828,261.44305,2597.1975	449.28397,446.1625,2437.0994	517.54626,196.3114,2312.6245	378.14282,198.56737,2301.4119	
435.63885,123.22401,2595.199	435.30432,169.0189,2578.1409	400.91965,170.851,2636.2124	385.05676,216.26349,2535.2349	435.30432,169.0189,2578.1409	471.27368,167.10237,2520.0693	489.22705,230.9227,2506.246	435.10498,215.12949,2564.8457	413.55026,261.59018,2586.9487	432.4728,350.3249,2609.844	456.8577,261.8547,2516.1523	425.54868,446.33545,2579.9966	442.65094,355.3973,2382.5322	413.55026,261.59018,2586.9487	447.54797,446.00348,2436.0012	522.1282,193.32413,2312.2263	377.5041,198.80899,2284.6326	
437.40308,123.72552,2588.7058	436.66357,169.45201,2568.9907	402.37415,171.17155,2631.1482	388.04248,216.81511,2515.149	436.66357,169.45201,2568.9907	472.65344,167.64722,2506.8333	492.115,233.24422,2491.6553	436.00897,215.69798,2554.7773	414.02405,262.1641,2578.4773	427.9949,353.37573,2575.3132	457.3161,262.76773,2502.6506	424.83612,446.1162,2578.135	441.66425,356.50378,2367.277	414.02405,262.1641,2578.4773	447.12366,446.56268,2429.1047	525.85596,193.70793,2301.2341	379.22522,198.10081,2267.7085	
439.86215,124.4091,2569.4084	439.4187,170.61815,2553.8594	405.89203,172.67007,2628.1316	390.12857,216.09863,2494.0398	439.4187,170.61815,2553.8594	474.95386,168.4433,2479.5872	497.61792,233.53389,2468.8003	438.74484,217.2238,2543.0193	417.16785,263.8581,2577.636	419.29602,356.32718,2543.358	459.72662,264.6124,2486.7224	422.22845,440.1794,2575.4426	443.3555,358.67624,2346.8245	417.16785,263.8581,2577.636	448.67654,447.85098,2420.578	527.49725,197.16284,2263.7869	380.5904,196.38567,2253.4814	
441.14566,125.08123,2550.1738	441.3586,172.04843,2541.9705	408.72806,174.3649,2627.1362	394.07324,217.6182,2484.3784	441.3586,172.04843,2541.9705	476.25153,169.57138,2456.8047	503.70306,233.50137,2441.7993	441.03574,218.97185,2536.8687	420.4638,265.62988,2583.7747	408.6172,356.571,2520.929	461.8086,266.55792,2479.759	417.5473,429.8502,2570.9653	443.04987,360.63303,2345.8513	420.4638,265.62988,2583.7747	448.2291,448.789,2427.0022	527.8019,199.78632,2226.8035	382.71225,193.18938,2254.0522	
442.23398,124.87856,2533.5508	443.2207,172.60825,2531.7556	411.17926,175.20027,2624.0107	396.34827,218.658,2473.0586	443.2207,172.60825,2531.7556	477.6856,169.82018,2439.5005	508.85123,233.82791,2416.812	443.55698,219.77028,2531.3918	424.0833,266.49814,2587.2249	400.82733,354.8174,2506.4734	464.60303,267.41394,2474.8313	413.32626,417.47662,2551.4578	443.94485,361.2976,2344.1025	424.0833,266.49814,2587.2249	448.96405,448.93542,2429.422	526.6795,200.41736,2199.5552	385.1162,190.61334,2248.8916	
442.65677,123.73266,2523.7646	444.52673,171.77084,2524.5596	412.92987,174.84541,2621.6174	400.3089,218.86584,2473.4387	444.52673,171.77084,2524.5596	478.6502,168.45042,2427.5017	511.998,233.87418,2397.351	445.65814,219.0739,2525.8643	427.2285,266.065,2586.286	382.4716,336.63892,2460.566	467.2854,266.60382,2468.052	404.3522,403.13748,2517.558	444.21637,360.255,2344.7346	427.2285,266.065,2586.286	449.1192,447.56317,2432.6143	526.5144,197.44199,2179.9668	387.62625,188.40266,2249.2947	
442.89435,121.458145,2519.4229	445.30432,169.66425,2520.513	414.12393,173.10901,2621.288	402.66397,219.04343,2483.1855	445.30432,169.66425,2520.513	479.08185,165.93253,2419.7378	513.261,229.66396,2382.6501	446.87134,217.04446,2522.1821	429.0981,264.24097,2585.256	368.00128,308.88165,2455.7405	468.73883,264.48904,2462.4465	393.7234,387.47913,2488.7366	445.03464,358.61877,2353.863	429.0981,264.24097,2585.256	447.64905,446.84216,2434.3882	526.3079,192.19592,2166.1418	388.18616,187.46506,2261.5603	
443.0896,118.93879,2517.2427	445.9944,166.99393,2517.9844	415.4619,170.92291,2623.2883	404.2379,215.42523,2476.0518	445.9944,166.99393,2517.9844	479.19208,162.72202,2412.6804	514.1012,227.15503,2371.2913	448.03912,214.40692,2519.179	431.08286,261.85187,2584.5881	359.77682,287.42682,2461.725	470.0744,261.694,2456.159	381.9604,373.303,2458.2231	446.61707,356.56525,2371.3108	431.08286,261.85187,2584.5881	447.86047,446.79755,2431.68	526.8166,185.25935,2159.9207	386.7584,184.56781,2261.3535	
443.7364,116.70934,2515.2063	446.5359,164.86472,2515.409	416.7281,168.9298,2625.2944	405.7624,212.53807,2481.541	446.5359,164.86472,2515.409	479.06696,160.42827,2405.5234	514.1577,223.44354,2362.663	448.4293,212.33382,2516.0508	431.7517,259.8359,2583.7097	353.19775,269.8723,2470.8713	469.90778,259.71835,2449.6755	368.1351,361.7947,2424.6204	447.5152,355.36847,2381.3699	431.7517,259.8359,2583.7097	447.97842,446.79993,2429.3562	527.48206,178.29398,2161.2761	385.41983,182.7169,2268.8452	
443.8684,114.91055,2515.6821	446.65964,163.1113,2514.0544	417.31342,167.44351,2626.675	407.55408,209.90405,2481.284	446.65964,163.1113,2514.0544	478.75836,158.37274,2401.4338	516.8787,220.93086,2353.8372	448.5147,210.59167,2512.9678	432.06354,258.2738,2580.5334	350.65027,256.36075,2481.684	469.70795,257.94342,2443.2288	353.66708,349.72504,2389.5586	448.68347,354.3187,2381.8452	432.06354,258.2738,2580.5334	450.36932,446.04718,2427.4475	530.3191,172.86835,2161.3826	383.1086,180.84691,2275.9756	
444.68695,113.959114,2516.9243	447.33572,162.24353,2514.0715	418.40237,166.68973,2629.0547	407.0773,206.95613,2480.659	447.33572,162.24353,2514.0715	479.04254,157.37112,2399.0884	518.63354,219.73767,2343.4277	449.0227,209.71622,2511.8293	432.64246,257.45395,2579.6934	350.61816,245.90929,2494.5483	469.8216,257.0832,2439.481	339.1781,337.4202,2355.4856	449.80835,353.8875,2387.3875	432.64246,257.45395,2579.6934	453.35736,446.1287,2425.9253	532.6569,168.74957,2162.2732	381.88507,179.16788,2275.429	
445.827,114.51798,2515.0579	448.00934,162.60333,2513.0513	419.57288,166.77979,2630.7341	405.65796,205.3041,2484.3604	448.00934,162.60333,2513.0513	479.23996,158.01651,2395.3684	521.26196,219.9621,2333.7488	449.08377,210.11293,2511.0352	432.42126,257.6507,2580.793	350.67316,239.66797,2503.278	468.9433,257.74994,2437.245	325.27618,326.77643,2319.2466	447.17798,354.27203,2382.6655	432.42126,257.6507,2580.793	454.38043,446.66342,2418.622	536.9594,167.84915,2159.7576	381.2604,177.47498,2283.209	
447.17877,115.94435,2514.1182	449.10797,163.98346,2511.3218	421.10526,168.0935,2631.3684	404.39902,204.86221,2488.707	449.10797,163.98346,2511.3218	479.9223,159.46072,2391.2751	523.25653,220.29321,2325.398	449.77737,211.5166,2508.0967	432.9803,259.02737,2578.0808	352.015,237.33592,2509.3525	468.96854,259.32565,2431.6624	316.3311,317.36234,2280.3367	446.6612,355.9963,2370.4075	432.9803,259.02737,2578.0808	456.503,448.00394,2411.0017	540.3248,168.73679,2151.4778	381.8754,175.74759,2284.399	
448.42096,118.18023,2514.1309	450.06268,166.32266,2509.7693	422.52325,170.59518,2632.0977	402.54773,204.39009,2489.3726	450.06268,166.32266,2509.7693	480.42432,161.6123,2387.441	524.21985,222.93185,2320.2058	450.66528,213.85559,2504.3083	434.05682,261.49933,2573.4539	351.97452,250.93173,2456.0742	469.54376,261.69916,2424.241	312.7283,311.61884,2243.3655	444.3049,357.90277,2366.6763	434.05682,261.49933,2573.4539	457.82657,449.60468,2406.1519	541.6216,172.93192,2140.9304	382.1516,174.74953,2282.9043	
449.84247,120.57847,2514.1333	451.7006,168.60179,2506.7275	423.88196,173.31331,2628.221	400.61096,204.4845,2496.2034	451.7006,168.60179,2506.7275	482.35315,163.4103,2385.2341	522.7615,225.99403,2318.6106	452.68732,216.12439,2497.514	436.2237,264.18762,2562.3904	354.65134,260.62735,2410.6143	472.21057,263.79868,2414.2102	314.47098,310.91132,2201.4248	444.15997,359.5848,2360.975	436.2237,264.18762,2562.3904	460.20767,451.04645,2400.521	541.65344,178.3834,2135.0706	382.3173,175.92188,2281.1196	
450.93762,122.79302,2514.1191	452.58746,170.5752,2504.806	424.3798,175.42833,2624.7805	399.95105,203.93399,2490.1047	452.58746,170.5752,2504.806	483.63327,165.23376,2384.8313	518.9973,231.02325,2322.8096	453.6198,218.09306,2493.0723	436.92664,266.36655,2554.5059	356.36932,269.64313,2380.7559	473.47485,265.73553,2408.1714	319.66385,316.31766,2173.8416	440.99307,360.17365,2362.8389	436.92664,266.36655,2554.5059	458.55438,451.1084,2403.843	538.26184,184.89873,2134.1118	382.00952,176.42245,2272.0989	
451.33463,124.14996,2514.12	452.96692,171.748,2502.3252	425.18146,176.88605,2624.243	399.9459,204.40395,2491.0684	452.96692,171.748,2502.3252	483.5986,166.08365,2380.4075	514.7167,235.14221,2322.4062	454.031,219.26581,2488.1782	437.59286,267.76523,2548.394	358.73367,277.8791,2358.3071	473.70715,266.86172,2399.6685	329.97476,327.41476,2152.7456	440.32764,361.35226,2363.7427	437.59286,267.76523,2548.394	458.12766,452.52615,2402.2358	533.8421,191.06305,2130.146	381.87866,176.6339,2271.055	
452.11523,124.32355,2515.109	453.0423,171.91068,2501.4744	425.7612,177.10654,2625.553	403.6105,204.94879,2489.0618	453.0423,171.91068,2501.4744	483.17105,166.17249,2377.3958	511.3424,237.7151,2337.223	453.72916,219.41318,2485.9548	437.22473,267.93887,2546.1152	361.31348,288.33063,2345.3342	472.71173,267.05917,2394.7554	340.71875,341.3104,2146.1528	440.37146,362.07568,2367.0156	437.22473,267.93887,2546.1152	457.03082,452.79385,2409.9568	529.7234,197.58072,2124.3088	382.56625,176.91257,2278.3884	
452.0713,122.68896,2506.1028	453.04803,170.67645,2496.859	426.04846,175.5509,2622.4192	404.94278,205.01729,2489.5295	453.04803,170.67645,2496.859	482.90692,165.28577,2371.2986	508.9828,236.39941,2342.5925	453.6322,218.34418,2485.0117	437.2507,266.64923,2549.742	366.98856,298.6386,2337.1938	472.27777,266.2764,2396.5872	354.70032,357.32175,2149.3223	444.14496,362.23517,2380.3062	437.2507,266.64923,2549.742	457.82635,453.4569,2418.9814	523.96075,201.21198,2119.3508	384.71927,177.41878,2280.1853	
452.07568,120.30657,2501.5708	453.0152,168.2521,2493.3232	426.01593,173.06177,2619.1196	404.50912,204.48972,2491.2468	453.0152,168.2521,2493.3232	482.88367,162.93134,2367.5269	505.73148,234.29022,2351.27	453.60184,216.01901,2483.257	437.24683,264.30157,2549.901	373.27,308.14996,2334.375	472.2245,264.0398,2396.481	367.1169,374.3593,2155.0173	447.73245,361.11673,2377.9468	437.24683,264.30157,2549.901	458.78857,452.31555,2420.9917	517.05536,203.01532,2112.8054	384.5161,178.83487,2276.4712	
451.89523,118.339165,2500.3047	452.44412,166.06915,2491.5627	425.72797,170.96857,2618.441	404.03207,203.72961,2489.636	452.44412,166.06915,2491.5627	482.02722,160.64397,2364.6846	503.87244,230.87585,2344.6345	452.84094,213.86002,2481.3074	436.4755,262.20343,2548.433	378.27023,315.9894,2335.6636	471.09064,261.88165,2393.671	377.37366,391.49756,2167.4731	449.5865,359.73642,2378.7188	436.4755,262.20343,2548.433	458.95605,451.87103,2415.7173	510.8521,205.51321,2097.5547	385.90775,179.20816,2272.846	
451.31573,117.72585,2500.5813	451.6562,165.36494,2490.4507	424.89825,170.3104,2617.0815	403.7443,202.85901,2486.8315	451.6562,165.36494,2490.4507	481.281,159.88962,2363.8198	502.25238,225.96867,2321.8552	451.94775,213.16284,2479.637	435.4503,261.56732,2546.0503	383.38913,323.7094,2336.0413	470.11795,261.17947,2391.5962	386.25873,407.6488,2184.0896	451.03107,359.5011,2381.9487	435.4503,261.56732,2546.0503	459.40448,452.1661,2414.4326	501.33737,207.59616,2077.334	387.77826,180.19498,2263.111	
450.66693,117.92169,2501.5815	450.76245,165.30817,2487.9353	423.8201,170.30565,2613.7703	403.86758,202.12311,2480.9158	450.76245,165.30817,2487.9353	480.57538,159.77821,2362.1003	501.3274,220.83162,2306.9377	450.85104,213.11664,2475.6719	434.0266,261.63412,2540.156	388.39554,330.0649,2327.2944	468.94223,261.15314,2386.661	392.5366,421.68082,2196.3037	451.1745,359.70804,2384.2092	434.0266,261.63412,2540.156	459.31265,453.03192,2410.2983	490.80444,210.95732,2075.6497	389.7685,180.52614,2245.3093	
450.1767,117.85451,2499.388	450.2658,165.31644,2483.471	423.31287,170.54668,2609.2915	404.7634,202.92316,2470.4866	450.2658,165.31644,2483.471	480.09558,159.52792,2357.6504	499.88196,219.0415,2305.4963	450.4906,213.1746,2469.7266	433.76865,261.9385,2532.72	395.0748,336.33368,2320.8308	468.7605,261.1745,2379.2444	397.5101,434.6189,2210.5745	451.88782,360.20282,2377.8677	433.76865,261.9385,2532.72	459.41754,453.1662,2409.949	483.50812,215.92807,2081.9165	394.32343,180.77602,2230.81	
449.57907,118.17458,2498.3105	449.86273,165.45253,2480.2253	422.26794,170.82901,2603.3743	403.42432,201.95538,2459.7385	449.86273,165.45253,2480.2253	480.34094,159.51425,2357.0764	499.12646,218.46019,2311.7466	450.10016,213.30573,2464.1125	432.95468,262.3047,2523.1365	399.6106,341.21338,2313.881	468.82776,261.24033,2372.863	398.64386,442.70807,2219.0806	450.48395,360.04556,2377.386	432.95468,262.3047,2523.1365	459.96918,452.72928,2410.2024	478.40927,220.92146,2097.7637	396.76562,181.71451,2211.4587	
448.59436,118.61482,2488.7256	448.1706,166.55301,2475.456	419.4027,170.9193,2593.2166	403.33862,204.01976,2453.3381	448.1706,166.55301,2475.456	479.81226,161.75058,2357.6956	497.12604,219.5238,2325.8208	447.8411,214.6065,2463.7705	429.4737,263.1062,2524.015	401.71625,345.12726,2313.4949	466.63324,263.13055,2380.155	397.21793,447.24713,2241.2288	446.78192,361.3612,2384.1477	429.4737,263.1062,2524.015	458.32886,452.864,2422.2104	477.35974,226.10112,2112.1912	399.62247,183.90916,2199.2668	
447.74304,118.78441,2476.965	446.6144,167.11183,2469.6267	416.5298,170.20242,2580.5244	403.00812,204.77417,2430.594	446.6144,167.11183,2469.6267	479.52795,163.73065,2358.729	494.62094,222.37277,2346.2983	445.3651,215.36009,2463.2605	425.39304,263.19214,2524.6345	405.12543,347.928,2310.333	463.88702,264.56244,2389.154	396.71735,450.53735,2243.2097	445.11707,362.97772,2384.142	425.39304,263.19214,2524.6345	458.10126,454.09692,2423.5166	477.33783,230.65363,2125.731	403.85052,183.81,2174.2454	
446.04144,118.017624,2470.4043	444.2215,166.73529,2466.371	412.76828,169.13258,2568.5896	401.31076,207.06487,2419.2795	444.2215,166.73529,2466.371	478.39456,164.1307,2364.1526	493.6041,223.27728,2372.0957	442.64938,215.08592,2462.2556	421.5779,262.69153,2520.5574	406.71466,349.75827,2307.9783	461.58197,264.5526,2395.723	396.07382,452.93475,2236.1238	446.53918,363.81985,2374.5183	421.5779,262.69153,2520.5574	457.53558,454.1053,2425.596	480.05695,234.67421,2148.089	407.92358,183.98192,2160.8982	
444.86414,116.85737,2458.599	442.15665,165.90907,2459.6206	409.21783,167.1928,2550.586	400.253,207.83212,2394.061	442.15665,165.90907,2459.6206	477.62543,164.52673,2368.6553	489.87286,225.4048,2402.897	439.8296,214.41498,2459.4438	417.18887,261.57886,2514.8596	406.28174,350.68732,2308.233	458.75516,264.33923,2403.6746	393.53693,453.98584,2232.389	445.87625,363.88217,2374.0874	417.18887,261.57886,2514.8596	457.04767,453.96136,2426.9749	482.88776,236.39622,2166.102	411.42438,185.56497,2133.1523	
443.9591,116.25653,2452.6355	440.29272,165.31305,2453.1443	405.66342,165.30359,2525.6316	401.54163,206.39157,2360.8105	440.29272,165.31305,2453.1443	477.03088,165.32309,2380.657	488.0196,226.25308,2431.12	436.98602,213.90273,2453.7747	412.32062,260.73215,2498.8877	405.57623,351.55453,2293.7524	455.82986,264.2668,2409.9224	389.51483,454.7572,2225.723	446.30933,364.17648,2372.719	412.32062,260.73215,2498.8877	456.5774,454.5982,2424.399	483.55737,236.50104,2187.3408	419.89798,183.70471,2099.2595	
442.8836,114.90619,2449.1074	438.3149,163.72768,2445.3594	402.43005,162.4191,2496.3855	399.53958,207.4595,2337.6938	438.3149,163.72768,2445.3594	475.72925,165.09203,2394.3333	485.2813,227.86786,2457.62	434.06143,212.34471,2442.9985	407.69583,259.01447,2471.9119	405.73456,352.41785,2277.0518	452.47748,263.15015,2409.3635	385.4467,454.99368,2220.7854	443.86832,363.34344,2366.738	407.69583,259.01447,2471.9119	456.86554,453.23376,2420.9663	481.98785,235.80188,2209.2302	425.5158,184.31036,2078.6018	
441.4375,114.51846,2439.2583	435.6384,163.43912,2435.6726	399.2339,160.39566,2462.0198	390.2903,207.38693,2338.6895	435.6384,163.43912,2435.6726	472.8391,166.54916,2409.3254	482.79834,230.9489,2480.2231	430.29425,212.14482,2433.4458	402.56427,258.41983,2447.3677	404.7439,354.5908,2272.3013	447.61566,263.49335,2415.0703	380.66623,455.70532,2230.354	441.5243,363.69107,2372.9346	402.56427,258.41983,2447.3677	453.94995,453.37445,2427.8955	481.141,234.8689,2227.183	426.93088,188.50266,2093.1145	
439.89587,114.30995,2434.9978	433.64276,162.97552,2427.158	397.6845,158.46992,2426.3162	381.82675,207.70615,2327.4287	433.64276,162.97552,2427.158	469.57605,167.47803,2427.9998	480.336,232.4764,2499.1055	427.7684,211.7534,2422.7603	399.76263,257.9594,2417.8467	406.50244,356.68243,2265.793	443.9733,263.45676,2418.8784	379.83182,456.85974,2233.6543	440.2212,363.8199,2369.667	399.76263,257.9594,2417.8467	454.89673,452.859,2427.3032	481.01453,234.05598,2242.996	426.1668,192.86835,2094.801	
438.27286,114.29722,2424.6045	431.89703,163.38428,2416.1719	397.51645,157.91241,2386.837	376.58514,209.11896,2308.121	431.89703,163.38428,2416.1719	465.45282,168.72487,2445.5068	478.43347,231.43997,2509.7075	426.0663,212.40662,2411.9277	399.10022,258.99347,2389.7207	408.43567,359.92908,2266.6387	441.0171,264.17142,2425.6465	379.93045,459.33014,2238.831	437.19504,364.43524,2366.6165	399.10022,258.99347,2389.7207	453.71313,451.5819,2435.7292	481.3263,230.63873,2253.2812	427.50095,195.22862,2091.6143	
436.3144,114.09161,2420.0522	430.3601,163.20291,2409.6965	399.7926,157.04771,2347.9934	375.07114,207.80171,2269.7012	430.3601,163.20291,2409.6965	459.4012,169.05078,2471.3997	479.12625,228.42348,2518.5645	424.8762,212.40901,2405.7095	400.48956,259.5968,2363.7063	410.87592,362.17142,2264.0894	437.67004,263.89215,2439.7385	380.67133,460.59393,2244.5645	432.99136,363.55798,2377.9763	400.48956,259.5968,2363.7063	449.9024,450.1104,2448.4124	481.29352,228.06023,2260.8315	433.65533,195.45486,2078.5203	
433.30783,114.11844,2410.459	428.34485,163.33545,2401.0515	401.9495,157.3263,2313.646	379.80374,205.45392,2218.1616	428.34485,163.33545,2401.0515	452.886,168.92249,2488.457	479.70398,224.70697,2531.688	423.6781,212.84116,2399.232	402.9337,261.06067,2344.2048	410.7295,364.8572,2264.0627	434.37692,263.72424,2450.6199	381.0361,462.6831,2254.3298	429.83533,363.0164,2376.926	402.9337,261.06067,2344.2048	443.37048,449.58292,2452.425	481.594,224.61658,2273.1406	446.0293,193.35774,2054.8672	
431.0716,114.18633,2401.9263	426.6037,163.56918,2393.6367	404.28882,157.59015,2287.1814	385.76633,202.65828,2168.482	426.6037,163.56918,2393.6367	447.01825,169.03902,2500.092	475.97186,224.12573,2541.186	422.25436,213.28923,2393.4038	404.4008,262.2165,2328.75	408.21426,366.88773,2258.825	430.69965,263.7794,2457.5918	378.68158,463.94415,2261.1042	424.4266,362.53836,2368.5388	404.4008,262.2165,2328.75	434.45908,448.89166,2451.9058	482.1765,221.56033,2281.4854	458.71936,191.6156,2048.3665	
428.28195,113.91809,2393.5435	424.09283,163.54166,2387.9966	407.18814,157.96233,2264.3008	391.04224,199.62589,2132.9102	424.09283,163.54166,2387.9966	439.33246,168.57144,2511.6924	474.73492,221.89471,2555.4353	419.67126,213.41946,2391.5132	404.9245,263.06888,2319.6821	404.0382,368.04163,2258.5713	424.9703,263.22775,2470.3774	377.88773,464.75836,2273.3572	417.85382,361.42484,2380.8271	404.9245,263.06888,2319.6821	421.6972,449.621,2451.0303	480.92966,220.40163,2293.3516	468.48227,193.28026,2042.5002	
426.07486,113.838585,2388.6453	421.3381,163.36423,2384.389	409.64423,157.76059,2248.1672	394.1494,196.9414,2105.849	421.3381,163.36423,2384.389	431.76807,168.3622,2520.6106	471.46948,221.08546,2556.9197	416.242,213.27016,2389.093	403.8927,263.23535,2311.062	399.00922,368.45514,2251.3982	417.95325,262.74158,2476.5322	376.57288,465.36777,2275.4731	412.14014,360.5432,2369.4531	403.8927,263.23535,2311.062	405.5803,449.03336,2438.721	478.92377,219.2582,2295.5095	474.15298,193.9964,2055.0845	
423.05045,113.38606,2388.3467	418.60538,162.9896,2384.9255	410.0373,157.38527,2241.7395	395.87155,194.7972,2086.4062	418.60538,162.9896,2384.9255	426.20294,167.9591,2528.1116	461.28342,223.33977,2525.9146	413.23355,212.86227,2389.757	402.4529,262.9761,2308.0671	396.59213,368.28876,2252.201	412.93515,262.12213,2481.11	375.2326,464.78976,2282.391	410.8623,360.0506,2375.3376	402.4529,262.9761,2308.0671	391.91052,447.47714,2435.8381	485.24664,215.86633,2271.8518	477.60446,196.88303,2063.7395	
419.91055,112.67019,2401.105	415.1937,161.58188,2389.9775	410.35245,154.45728,2241.4424	394.44363,192.44446,2074.5737	415.1937,161.58188,2389.9775	419.4684,167.87274,2538.5127	455.4552,225.50894,2543.8008	409.33563,211.13365,2386.8252	400.41248,260.51874,2300.915	395.4969,366.28128,2242.035	406.30704,261.09424,2466.4307	372.00272,458.97504,2301.7913	401.8709,359.65875,2407.516	400.41248,260.51874,2300.915	379.7223,446.59344,2467.483	478.68573,211.89005,2299.269	476.6049,198.20627,2073.9863	
416.46805,112.41642,2400.6074	411.65994,160.64743,2385.651	411.4533,152.86644,2233.1116	391.71362,189.51921,2065.7585	411.65994,160.64743,2385.651	411.84174,167.4932,2538.1902	452.9152,223.108,2573.8828	405.81277,210.18184,2377.4922	399.34628,259.48846,2279.8828	395.53357,366.39316,2216.3345	400.4623,260.58493,2458.7842	371.77405,456.24365,2303.564	400.30756,359.35214,2382.559	399.34628,259.48846,2279.8828	364.80594,447.98175,2364.469	473.7384,215.21187,2326.7698	472.45074,197.55977,2079.4016	
413.07166,112.854034,2400.3772	408.98843,160.84338,2384.4243	410.20523,152.63235,2230.1362	391.9713,187.37488,2057.3796	408.98843,160.84338,2384.4243	407.91956,168.0564,2538.7124	437.7901,221.18768,2561.647	403.24936,210.35434,2373.4546	397.70215,259.5478,2270.581	395.32852,366.52087,2224.3174	397.23022,261.04416,2454.3887	372.78958,460.18256,2282.987	392.7883,359.42807,2406.1187	397.70215,259.5478,2270.581	351.20105,446.48602,2362.0696	461.8635,223.3639,2293.9644	469.67953,196.90242,2092.176	
409.34735,112.80525,2407.1968	405.90436,160.55383,2384.6863	405.05923,151.22263,2231.4136	394.59756,186.77504,2045.6204	405.90436,160.55383,2384.6863	406.6474,168.75797,2537.959	431.16385,224.87935,2554.9338	401.06403,209.97879,2368.3643	395.25385,258.60336,2259.5525	396.58734,365.65637,2226.908	396.9908,261.46362,2444.532	370.28125,461.58313,2258.1082	385.8248,359.44437,2405.756	395.25385,258.60336,2259.5525	341.00076,446.47867,2340.4749	456.11823,237.518,2294.2273	468.02374,197.3976,2110.8662	
404.8966,113.268105,2419.3845	400.46582,160.40732,2391.133	407.42075,150.8868,2238.7458	398.21622,187.62859,2042.9948	400.46582,160.40732,2391.133	394.3443,168.78706,2543.5203	414.30377,226.72424,2556.1743	396.1569,209.51909,2368.876	395.6441,257.8735,2253.1458	400.0149,364.9032,2228.3083	388.18542,261.12207,2440.092	373.55673,462.7976,2242.3232	370.25348,357.26422,2413.8396	395.6441,257.8735,2253.1458	326.90332,445.89258,2333.536	437.97906,248.29889,2306.6968	467.25134,197.66672,2137.4036	
399.64453,114.15526,2424.8396	395.28052,161.61392,2393.021	403.60883,151.79926,2239.4302	402.08182,189.54462,2046.56	395.28052,161.61392,2393.021	387.95682,170.24472,2546.6118	404.10498,229.35916,2556.1204	391.90485,210.7041,2368.583	393.17297,259.01215,2251.5334	395.55963,365.9083,2234.1418	384.10294,262.48624,2436.7566	370.15497,465.95642,2226.18	363.47137,358.54785,2416.8494	393.17297,259.01215,2251.5334	327.3559,450.94122,2324.3047	426.65295,258.64795,2320.5718	465.33838,198.65979,2173.95	
394.38284,114.915436,2436.6326	390.48373,162.34433,2399.7888	402.40637,152.22473,2248.3057	405.53784,194.76692,2056.3872	390.48373,162.34433,2399.7888	379.97696,171.26224,2551.272	392.9898,231.07306,2558.4749	387.83414,211.17747,2371.3086	392.15918,259.09177,2250.5076	395.73254,365.57733,2242.3513	378.6148,263.14432,2435.1492	370.6986,467.206,2211.9006	355.31592,358.97803,2413.802	392.15918,259.09177,2250.5076	325.17316,454.26993,2314.0906	413.9226,266.70953,2338.3696	462.3696,200.14958,2209.579	
389.48477,115.266914,2441.9075	386.03418,162.69604,2409.0337	401.89545,153.74297,2261.554	409.83023,200.13869,2076.666	386.03418,162.69604,2409.0337	372.00293,170.61615,2556.5134	382.46072,230.82397,2562.0122	383.3554,211.48112,2383.3184	390.07126,259.7938,2267.4705	393.71756,365.039,2267.9004	371.8613,262.75397,2447.7356	370.09125,467.46863,2211.6287	349.4222,358.01834,2437.221	390.07126,259.7938,2267.4705	326.9534,454.8461,2316.8206	401.63516,271.50443,2357.9897	459.10092,202.451,2243.9246	
386.11926,115.9497,2443.8884	382.2289,163.57448,2414.0938	402.8299,156.13448,2275.209	415.2303,205.68295,2105.628	382.2289,163.57448,2414.0938	363.8694,170.205,2552.9785	372.28885,230.82898,2557.2065	379.03357,212.3175,2390.3013	388.1363,261.16617,2281.3132	393.1173,366.06866,2275.6787	364.2708,262.85434,2451.7043	371.14368,469.90704,2190.1504	345.4296,359.15002,2430.6587	388.1363,261.16617,2281.3132	330.088,458.08795,2304.5137	389.7299,275.7913,2369.283	456.0085,204.21086,2287.6414	
382.08722,115.908485,2453.6382	378.27704,163.03448,2421.4944	405.2578,157.49132,2305.3906	420.2591,211.17574,2141.699	378.27704,163.03448,2421.4944	353.76523,168.0704,2537.5981	360.57013,229.27795,2540.8699	375.29126,211.63052,2397.3438	388.92316,260.8414,2300.7507	395.11932,364.34033,2303.1777	356.55426,261.5677,2445.6355	377.4267,468.1977,2173.7073	342.23798,358.91974,2423.8303	388.92316,260.8414,2300.7507	333.4389,459.24927,2286.9739	376.24506,277.86926,2368.6333	451.86554,203.61716,2341.8884	
378.48773,116.27865,2458.926	374.83035,162.86133,2424.211	407.04504,160.25897,2346.6887	422.67145,213.81158,2159.0344	374.83035,162.86133,2424.211	344.61218,165.3024,2501.7332	350.15198,227.52751,2504.2793	371.8703,211.41652,2400.2593	389.20093,261.35605,2327.438	393.1142,362.9889,2342.5757	349.32037,260.56134,2425.1772	382.31104,465.26483,2169.6812	339.28973,359.07062,2409.3179	389.20093,261.35605,2327.438	335.23206,460.6434,2272.373	364.3317,279.5786,2347.039	442.01877,209.39279,2285.6775	
374.6095,117.12308,2461.6536	371.63977,163.9762,2427.5605	406.08035,164.1723,2392.0789	423.2104,209.31798,2209.7134	371.63977,163.9762,2427.5605	338.19147,163.78578,2463.0422	342.70288,227.07787,2465.0332	368.8869,212.60901,2406.776	387.55362,263.1209,2364.081	386.9665,362.33054,2392.4592	345.0092,261.07605,2407.9014	386.5096,460.88876,2178.002	338.06357,359.5815,2412.2954	387.55362,263.1209,2364.081	338.27185,461.31516,2275.7002	355.643,282.28864,2321.9287	0.0,0.0,0.0	
371.31036,116.12585,2470.4092	368.94916,163.03958,2435.1997	403.40393,165.27283,2436.0874	433.0198,225.85837,2272.4158	368.94916,163.03958,2435.1997	334.46924,160.80472,2434.312	338.12604,224.9025,2435.8752	366.22098,211.57483,2416.0552	384.55835,262.2317,2397.4458	380.07568,360.4992,2417.855	342.3307,259.53848,2396.3755	391.36316,455.5868,2178.0352	335.95013,358.05258,2411.9783	384.55835,262.2317,2397.4458	340.78665,459.62167,2281.243	349.98547,282.5536,2305.9556	438.77283,184.81868,2333.7122	
368.9219,113.459724,2474.611	364.2915,161.48856,2449.5154	399.4322,165.55223,2455.7966	430.1383,231.40407,2352.783	364.2915,161.48856,2449.5154	328.97012,157.40399,2443.2341	331.88922,221.30545,2444.4656	359.40286,209.6156,2433.8406	376.30148,260.7376,2422.015	367.23822,357.905,2438.3809	332.53052,255.98796,2414.3167	389.99295,450.65833,2203.6208	329.39236,355.41132,2419.645	376.30148,260.7376,2422.015	337.35947,456.11658,2302.6853	342.4539,280.048,2326.7454	427.2389,181.37549,2368.6255	
367.18866,113.22722,2484.9656	361.43857,160.70096,2460.1636	395.43466,166.84682,2486.7512	428.95187,234.56566,2422.0918	361.43857,160.70096,2460.1636	326.69962,154.42078,2433.576	329.04596,218.59935,2434.549	355.1035,208.34378,2441.7969	370.0947,259.9218,2439.802	359.04544,356.47922,2452.3953	326.95862,253.45203,2407.0583	391.40607,447.61176,2244.315	330.6962,353.17722,2397.2883	370.0947,259.9218,2439.802	339.9668,454.63916,2287.1902	338.6545,278.6712,2328.047	417.3093,180.11674,2402.5798	
364.22876,112.9693,2497.5845	358.43503,159.39511,2468.8235	389.66687,166.99503,2522.223	425.35498,224.8805,2470.8035	358.43503,159.39511,2468.8235	325.82224,151.45917,2415.424	327.7142,216.13481,2416.1948	352.11462,206.6527,2444.9392	365.6304,258.3778,2453.9753	348.32333,352.43286,2481.717	325.15826,251.21007,2388.1345	389.08093,439.1706,2289.9868	333.4189,351.0548,2384.0896	365.6304,258.3778,2453.9753	343.74356,452.5258,2288.8083	336.52252,277.55115,2319.9595	404.42776,170.7629,2437.4739	
362.81357,111.432785,2498.9707	355.86707,157.71085,2473.1577	384.59872,166.3693,2545.534	410.37045,220.99387,2486.971	355.86707,157.71085,2473.1577	325.40308,148.53036,2400.7815	326.9263,213.60966,2401.393	349.13098,204.79208,2449.317	360.58127,256.54514,2469.6516	334.9156,347.84793,2497.5823	323.26404,248.91362,2381.3005	380.33426,431.95636,2343.6545	331.30002,347.8116,2399.9758	360.58127,256.54514,2469.6516	346.6309,447.16388,2318.9812	334.98944,276.1051,2314.518	374.0183,170.05258,2501.998	
360.9123,111.47478,2498.2349	353.76636,157.25204,2471.3855	379.50378,166.80682,2561.621	399.2722,223.14491,2501.6035	353.76636,157.25204,2471.3855	326.07828,146.97311,2381.15	327.30698,212.59431,2381.636	346.69815,204.26984,2446.6196	356.1003,256.18027,2477.104	317.45862,341.35834,2510.251	322.09467,248.13463,2366.6035	366.6921,422.23175,2388.7234	328.5566,347.73248,2387.3042	356.1003,256.18027,2477.104	350.8737,444.7801,2330.9424	334.7284,276.22073,2303.2705	353.86682,182.80669,2559.172	
358.47412,109.07605,2508.6414	354.7819,154.21594,2474.3904	382.51303,162.78174,2554.5144	397.67508,220.68622,2498.5923	354.7819,154.21594,2474.3904	325.19467,145.07684,2394.2664	326.1725,210.34196,2394.653	350.13785,201.02135,2442.7556	363.9452,252.76021,2462.303	318.74802,338.9565,2513.818	325.99307,245.18895,2359.9387	368.83038,419.48944,2413.3257	326.8298,344.97354,2384.453	363.9452,252.76021,2462.303	358.68643,436.87997,2357.9038	332.84872,274.03793,2324.0056	346.31586,191.81845,2588.9548	
0.0,0.0,0.0	352.3509,162.47104,2456.6267	377.97852,172.4325,2548.4172	389.38492,231.7216,2499.0085	352.3509,162.47104,2456.6267	324.7338,151.73625,2364.8362	325.5259,217.81432,2365.1443	345.75394,209.49367,2424.8936	355.77332,261.9624,2449.911	306.75534,332.53394,2498.0818	321.37497,253.36032,2336.41	343.6215,414.16553,2481.6458	320.74353,348.4626,2371.607	355.77332,261.9624,2449.911	351.23874,439.8896,2368.9763	331.6482,282.9346,2301.4841	335.2122,213.87813,2612.837	
361.53723,123.329865,2449.24	352.67487,169.80743,2434.7737	378.33807,179.12314,2530.79	393.91028,196.13626,2546.679	352.67487,169.80743,2434.7737	324.9045,159.7268,2338.7573	325.5453,226.54193,2339.003	343.5263,217.43999,2421.584	350.60483,269.11328,2466.3496	308.74847,346.0411,2532.8423	317.1451,261.9017,2350.439	338.95728,427.99298,2547.7886	323.0566,356.21548,2398.3237	350.60483,269.11328,2466.3496	353.05292,445.31488,2413.2866	331.16183,292.92178,2281.66	354.43057,179.28488,2536.8518	
0.0,0.0,0.0	353.75287,178.18379,2434.5232	379.21942,188.08398,2531.5032	415.27124,237.73239,2545.1785	353.75287,178.18379,2434.5232	326.17325,167.46213,2337.5432	317.30423,216.84508,2295.9043	343.0951,225.68906,2421.143	348.68692,277.6078,2466.5996	307.1843,358.51004,2519.588	315.13074,269.64218,2348.9263	330.0535,439.05267,2561.5652	327.26025,366.12433,2383.3774	348.68692,277.6078,2466.5996	358.41614,453.89127,2413.4248	340.80148,247.60547,2329.0615	355.19324,224.67659,2555.6924	
0.0,0.0,0.0	354.65198,184.98851,2439.0017	381.2876,195.56688,2528.4126	411.93176,249.30171,2525.7344	354.65198,184.98851,2439.0017	325.98914,173.60504,2349.5908	318.08368,214.9205,2316.0916	342.5114,232.14421,2425.332	347.41345,284.34796,2466.1465	302.71057,364.51447,2523.7046	312.25882,275.11237,2357.1782	316.2192,440.5,2587.1934	328.68915,371.64627,2391.1375	347.41345,284.34796,2466.1465	356.19354,456.53122,2450.1125	345.60437,230.62537,2458.6196	350.14066,246.38199,2555.151	
372.62814,146.72844,2469.5176	358.21008,191.66345,2456.3887	384.46497,203.64813,2543.347	409.6467,259.8981,2532.2075	358.21008,191.66345,2456.3887	330.0281,178.7991,2369.4304	325.23254,221.76707,2326.5322	343.40335,237.68019,2442.5522	345.45532,289.7279,2481.6902	297.03683,367.21793,2543.8118	310.64108,278.46906,2375.7415	301.05698,439.60675,2623.2808	331.84885,374.13925,2404.5881	345.45532,289.7279,2481.6902	354.40927,457.401,2481.9524	337.05673,220.32706,2553.968	348.6112,266.21457,2575.4602	
0.0,0.0,0.0	360.40744,194.53036,2464.7178	390.89636,206.1228,2498.3958	411.78067,265.3213,2483.6736	360.40744,194.53036,2464.7178	329.07376,182.61674,2431.0398	329.19183,231.90515,2353.127	344.78598,240.25958,2456.5852	348.36752,292.76044,2469.242	295.54443,368.41266,2530.8672	309.42328,279.71393,2427.6633	291.4594,439.5803,2607.7512	333.63492,374.71442,2422.8792	348.36752,292.76044,2469.242	349.07764,456.17194,2518.4514	317.45593,219.28108,2593.5574	351.42496,280.1634,2536.4475	
370.9181,151.72412,2509.2847	354.05508,194.85445,2495.0505	385.84702,205.70297,2474.7383	402.80746,266.73083,2459.253	354.05508,194.85445,2495.0505	322.7766,184.18114,2515.3628	325.36194,243.75276,2437.366	337.64087,239.72589,2479.1335	339.3627,291.9237,2451.5037	284.50345,362.43634,2532.7034	302.84,278.49463,2474.9294	273.10254,439.3557,2613.7134	329.2914,374.41766,2413.109	339.3627,291.9237,2451.5037	342.338,453.65417,2529.3271	323.62085,236.06549,2706.5059	344.865,289.20972,2518.0205	
0.0,0.0,0.0	343.2659,197.51253,2521.9255	374.8039,204.05786,2468.311	388.3621,266.047,2453.5715	343.2659,197.51253,2521.9255	313.04092,191.2397,2575.54	316.51172,250.42703,2513.0073	330.15347,242.77414,2496.6226	334.92807,293.96533,2440.2393	282.0915,365.27856,2539.5925	299.068,284.0841,2502.4	266.6239,442.99658,2616.1833	330.76102,374.57983,2378.961	334.92807,293.96533,2440.2393	342.59576,452.5982,2511.303	323.58038,249.38715,2782.4373	333.99808,295.11435,2515.5444	
345.241,153.15796,2585.0037	336.80643,196.38385,2557.4724	368.5939,199.7883,2499.4534	379.2503,261.48633,2486.1743	336.80643,196.38385,2557.4724	306.4292,193.13046,2615.4915	310.09143,251.97824,2566.058	328.02405,241.93999,2531.8403	338.0793,291.78647,2471.436	282.74576,362.48352,2568.966	300.56522,285.16135,2540.9805	265.8306,440.5083,2641.6843	335.41876,373.10077,2393.7986	338.0793,291.78647,2471.436	346.8468,450.72546,2527.2683	323.6035,257.9422,2828.0076	329.40588,295.80402,2549.2136	
337.02963,143.40244,2578.1238	333.31775,188.74812,2567.3406	365.15497,189.79816,2505.8413	373.61264,251.61345,2494.2776	333.31775,188.74812,2567.3406	302.97012,187.74721,2628.8398	306.49094,246.55885,2590.0205	328.98224,234.88107,2557.5024	343.96262,283.4037,2509.973	282.0348,354.65305,2569.0117	305.82806,279.39624,2585.3557	265.39276,435.70828,2647.6023	339.15338,361.349,2384.7039	343.96262,283.4037,2509.973	345.66342,441.1236,2513.4539	324.52292,259.80624,2839.229	327.74463,290.72458,2556.791	
332.0911,138.3179,2572.514	330.4121,184.79057,2583.3748	362.90244,185.24077,2530.1194	369.56802,246.64891,2520.2734	330.4121,184.79057,2583.3748	299.23428,184.35858,2636.6301	302.4074,243.19337,2606.2158	328.428,230.94754,2587.3677	347.18732,278.4918,2556.9214	281.26266,345.227,2552.6028	306.25668,275.47284,2625.7998	264.02405,436.4984,2660.8928	332.1047,362.50174,2454.6565	347.18732,278.4918,2556.9214	338.69977,442.1953,2570.7683	323.58673,262.98215,2839.4626	327.86572,289.3668,2581.1143	
329.01627,136.22188,2578.3162	328.23795,183.51688,2596.242	361.3718,183.57314,2556.739	366.623,244.46619,2548.4856	328.23795,183.51688,2596.242	296.09726,183.46228,2635.7449	298.86255,242.46959,2611.9116	327.48395,229.54477,2605.7397	347.6579,276.16937,2589.9517	279.56592,338.61853,2523.9043	306.2137,274.32513,2640.5234	262.79456,437.27966,2652.19	237.51956,336.2909,2573.644	347.6579,276.16937,2589.9517	225.88007,414.30054,2675.866	322.03284,268.00095,2827.5337	328.89035,289.9851,2606.8616	
327.08585,135.26135,2591.3787	326.17242,182.36412,2611.6646	359.54932,182.73116,2585.9512	363.68292,243.01591,2579.1094	326.17242,182.36412,2611.6646	293.44635,182.00424,2637.378	295.797,241.06847,2618.674	325.29916,228.13957,2623.2935	346.50412,274.35342,2617.7017	277.6082,334.46805,2523.1567	302.64975,272.67947,2652.143	261.2728,437.03098,2652.036	245.74245,345.37793,2569.453	346.50412,274.35342,2617.7017	233.61864,424.76532,2659.0525	319.9699,271.7157,2816.137	329.6963,290.68408,2634.5034	
324.9735,134.76968,2596.8728	323.95367,182.10529,2620.3699	357.39285,182.76071,2604.1233	360.66147,242.67728,2598.4983	323.95367,182.10529,2620.3699	290.9266,181.45793,2636.6165	292.89285,240.6048,2621.9075	322.8732,227.72206,2633.9307	343.95944,273.68134,2636.5884	289.18195,346.10303,2514.3474	299.8299,272.0684,2658.3945	272.54962,450.3686,2622.5706	253.81094,351.9087,2573.8408	343.95944,273.68134,2636.5884	241.59995,432.3729,2652.208	317.35602,275.68222,2801.4539	330.00876,292.18695,2650.6047	
323.9898,129.22208,2538.747	322.4086,177.58633,2632.3708	321.417,176.38629,2553.3376	312.25162,193.5162,2569.0024	322.4086,177.58633,2632.3708	323.34244,178.7164,2711.404	325.07172,236.25618,2699.8103	320.9107,225.66438,2641.795	319.34656,273.52594,2645.408	275.14722,337.54385,2510.7935	319.50006,273.27588,2657.03	260.04877,439.46613,2631.8196	344.79312,357.24292,2546.553	319.34656,273.52594,2645.408	346.75903,437.70667,2581.113	346.65134,274.35745,2862.1875	273.41306,223.54765,2522.7021	
320.54584,129.41469,2567.0164	319.72986,177.34738,2624.79	302.57294,174.60315,2549.5735	286.9931,199.26285,2554.8645	319.72986,177.34738,2624.79	335.93085,179.9387,2700.0066	337.39975,237.75795,2690.8481	317.5796,224.54794,2623.3298	307.89938,271.81952,2588.6094	273.87772,349.6771,2470.1445	322.76587,271.78314,2655.13	261.10492,442.48297,2577.1326	329.2227,350.90924,2461.7217	307.89938,271.81952,2588.6094	337.7417,431.95892,2537.335	357.82285,279.08176,2837.1062	250.63129,223.01338,2404.2524	
320.36264,130.9444,2591.6626	318.50494,178.03549,2619.9138	292.0013,174.94066,2564.8916	270.90677,208.8341,2544.789	318.50494,178.03549,2619.9138	343.91827,181.00302,2674.936	345.14908,239.3884,2667.6868	315.82178,224.25975,2615.9375	298.61884,270.0204,2581.7678	271.76428,355.30267,2497.368	327.31036,271.2153,2642.1545	261.1186,440.5851,2595.8545	328.71915,355.48553,2451.0137	298.61884,270.0204,2581.7678	340.36578,437.9361,2530.3372	364.5821,283.7105,2799.0334	241.16995,222.18173,2328.4675	
320.73553,131.60101,2604.7822	318.25012,178.1274,2618.487	287.7878,175.34148,2580.5703	262.64395,215.07841,2548.52	318.25012,178.1274,2618.487	347.8428,180.83377,2656.4038	348.85724,239.63908,2650.6553	315.6146,223.95126,2615.2686	295.0271,269.0433,2589.6912	270.93585,357.365,2522.9253	330.61346,270.7185,2634.409	261.5242,437.90384,2614.0403	329.77008,356.9422,2435.9514	295.0271,269.0433,2589.6912	341.59662,439.53818,2525.4226	367.30838,286.55646,2768.3564	241.81775,218.43752,2307.6306	
320.68744,132.48563,2613.1367	317.84146,178.56638,2616.964	285.76376,176.09424,2587.253	257.74646,220.45831,2547.5056	317.84146,178.56638,2616.964	349.19894,180.983,2646.6753	350.0249,240.01285,2642.1096	315.45358,224.2855,2613.9165	293.53278,269.2479,2592.7744	269.30338,358.79846,2532.4507	332.3187,270.96295,2628.9634	261.11063,437.66736,2619.948	326.61493,356.0018,2423.645	293.53278,269.2479,2592.7744	341.80692,439.04437,2512.9924	367.44397,289.0338,2747.4233	244.80893,215.50867,2295.7004	
320.1945,132.27751,2609.412	317.41937,178.6821,2614.3342	284.61752,176.53755,2587.024	257.26584,222.99535,2533.6008	317.41937,178.6821,2614.3342	349.543,180.7823,2641.6445	350.21127,239.92928,2638.0137	315.29507,224.42471,2615.2275	292.95526,269.41037,2599.2322	268.89676,359.45792,2541.6238	333.12982,270.8525,2633.0095	261.1067,436.4981,2630.4905	323.43594,354.20184,2425.0664	292.95526,269.41037,2599.2322	342.52676,437.13666,2511.3567	366.54608,290.68488,2732.1477	266.2138,193.34253,2304.0054	
319.4668,132.30789,2605.5112	316.56476,178.72617,2613.7559	283.36557,176.7985,2589.5354	256.2118,223.7109,2525.556	316.56476,178.72617,2613.7559	349.15433,180.61845,2637.9763	349.69293,239.85071,2635.0857	314.52908,224.47784,2618.754	291.94827,269.39142,2608.664	267.6664,359.46588,2547.2188	332.81903,270.7114,2638.8398	259.87146,435.24365,2634.408	320.4721,353.4022,2423.9272	291.94827,269.39142,2608.664	341.54663,436.6624,2506.2522	364.93436,292.05185,2719.1738	266.68036,194.298,2296.7546	
318.878,132.03645,2604.0615	315.81427,178.52567,2613.76	282.42313,176.72415,2591.4346	258.1309,223.41476,2509.563	315.81427,178.52567,2613.76	348.63983,180.29665,2636.0854	349.07288,239.57318,2633.782	313.86957,224.28156,2620.382	291.20078,269.17706,2613.0398	267.39755,359.51855,2539.5627	332.44934,270.42978,2640.9685	259.64905,435.67212,2630.346	319.62485,352.7003,2418.227	291.20078,269.17706,2613.0398	343.03613,436.6007,2493.284	363.21674,292.9666,2708.8716	270.85803,192.52673,2281.255	
318.0992,132.5636,2603.3171	315.05762,178.93668,2614.655	281.56985,177.31319,2593.9072	253.9303,223.55046,2528.056	315.05762,178.93668,2614.655	348.01813,180.5346,2635.4028	348.3657,239.82803,2633.566	313.29675,224.68332,2622.2183	290.722,269.6115,2616.7769	267.13376,360.04233,2532.9248	332.16504,270.71667,2642.7861	259.93393,436.90662,2630.7302	318.87094,352.54645,2416.389	290.722,269.6115,2616.7769	342.44373,436.6093,2491.0466	361.43265,294.1852,2700.6125	269.28387,196.89188,2300.7087	
317.01428,132.82536,2603.9373	314.17365,179.2861,2615.4353	280.6325,177.90167,2595.8193	255.01328,224.91841,2527.7966	314.17365,179.2861,2615.4353	347.21536,180.6499,2635.0513	347.49393,239.95215,2633.5854	312.7009,225.02823,2623.5732	290.36716,270.05515,2619.4028	266.67072,360.45712,2529.8108	331.91302,270.91574,2644.0195	259.97287,436.7494,2631.1404	318.72046,352.6748,2415.0347	290.36716,270.05515,2619.4028	342.28152,436.95178,2488.7012	359.52606,295.11118,2693.4543	271.77228,198.16917,2298.3909	
316.59262,133.60037,2603.973	314.25397,180.2055,2614.4377	280.82443,179.0365,2588.0376	257.98297,224.06393,2502.406	314.25397,180.2055,2614.4377	347.01514,181.35115,2640.838	347.238,240.52422,2639.6677	313.14273,225.96295,2623.9976	291.25806,271.2398,2616.9734	267.4883,361.7909,2524.1724	332.56094,271.53473,2650.1414	261.47446,438.0534,2627.8496	319.76187,353.3322,2416.5347	291.25806,271.2398,2616.9734	343.7203,436.98962,2493.6711	358.24716,296.21622,2693.1375	273.9321,194.98279,2273.6653	
