248.98996,135.99324,2450.2764	245.74536,185.3448,2428.0464	208.81934,183.5184,2433.922	188.05724,244.07584,2455.0583	245.74536,185.3448,2428.0464	282.85056,187.18005,2422.1707	307.4448,247.32776,2396.7532	242.055,235.87268,2403.126	214.47275,286.12195,2381.9158	209.64865,386.539,2426.6753	262.1762,288.80118,2374.4954	197.77908,482.1814,2442.4897	283.70428,391.41693,2364.479	214.47275,286.12195,2381.9158	319.47452,488.32275,2335.1948	339.24594,299.10565,2241.7437	151.95699,304.8409,2308.658	
249.54608,135.36874,2451.208	246.01395,184.59073,2428.6475	209.10884,182.63057,2434.6204	188.1122,243.80457,2450.5261	246.01395,184.59073,2428.6475	283.10104,186.56055,2422.6746	307.47824,247.50508,2397.376	242.11761,235.07469,2403.3394	214.33023,285.20642,2381.803	209.81773,385.44864,2429.0125	262.02206,288.0645,2374.2595	197.08237,481.3327,2440.9143	283.58374,390.6062,2365.675	214.33023,285.20642,2381.803	319.36493,486.93372,2342.1982	339.72375,299.3909,2243.1804	152.53781,304.24286,2302.826	
249.6576,135.62161,2450.6802	245.99591,184.91908,2428.0186	209.04022,182.81192,2433.089	188.14053,243.55042,2448.2642	245.99591,184.91908,2428.0186	283.10623,187.03505,2422.948	307.50842,247.2266,2400.1846	241.97385,235.42061,2403.0098	214.03348,285.48752,2381.203	210.44397,385.773,2428.7424	261.76523,288.48523,2374.799	196.2273,481.58093,2439.464	283.01794,390.9901,2367.6545	214.03348,285.48752,2381.203	318.9234,487.16525,2344.493	338.7811,299.81766,2246.0967	152.84773,303.8627,2299.914	
250.09354,135.73285,2449.41	246.24313,184.88719,2426.944	209.20355,182.5474,2430.4585	188.28218,242.95462,2445.129	246.24313,184.88719,2426.944	283.39017,187.23378,2423.4297	306.93225,246.72394,2403.087	242.02472,235.40652,2402.2466	213.83835,285.3712,2379.7683	210.64812,385.57806,2429.1357	261.6436,288.58264,2375.3298	196.0037,481.5539,2437.7078	283.24487,391.04697,2367.1902	213.83835,285.3712,2379.7683	318.60605,487.41815,2344.4631	338.44476,299.93585,2254.6711	153.68654,303.58377,2295.9265	
249.87015,135.31213,2450.7888	246.28107,184.44882,2427.082	209.13123,182.27693,2428.547	188.09377,242.65892,2443.0771	246.28107,184.44882,2427.082	283.47577,186.62335,2425.617	306.7644,246.59296,2404.049	242.39137,234.93936,2400.9746	214.43825,285.09824,2375.7922	211.4754,385.4016,2426.1355	262.41278,287.98288,2373.9421	197.69992,481.87054,2432.535	284.29276,390.5569,2363.8386	214.43825,285.09824,2375.7922	319.90393,486.814,2343.0686	338.5589,300.0944,2259.217	154.16187,303.49176,2291.0227	
249.74455,135.0249,2448.9683	246.4126,184.2268,2425.795	209.16638,182.01903,2425.6375	187.52583,241.92418,2435.5405	246.4126,184.2268,2425.795	283.654,186.43431,2425.9524	308.2318,247.72809,2404.0256	242.607,234.7626,2400.1733	214.69293,284.96912,2374.4524	211.71729,385.34003,2424.702	262.7436,287.80875,2374.6511	196.98703,480.65466,2440.2783	284.27643,390.38214,2365.3345	214.69293,284.96912,2374.4524	318.58417,486.96637,2345.4082	340.32938,301.44193,2260.4988	153.8586,302.88446,2283.8018	
250.07327,134.72905,2449.5566	246.58023,183.9426,2425.5737	209.28494,181.61066,2424.287	186.88618,240.96393,2431.7686	246.58023,183.9426,2425.5737	283.83597,186.27205,2426.8604	309.2129,248.64873,2405.5117	242.67108,234.45744,2399.3826	214.60802,284.61758,2372.379	211.10461,384.9553,2423.6973	262.7268,287.55597,2374.004	197.85223,480.32153,2441.2236	283.86856,390.1543,2366.2285	214.60802,284.61758,2372.379	318.6811,486.98346,2341.0273	341.42642,302.48062,2263.2778	154.06113,300.06396,2269.5374	
249.77884,134.90988,2449.9126	246.88434,184.1341,2425.1213	209.37071,182.10834,2418.5662	186.56036,240.487,2425.4417	246.88434,184.1341,2425.1213	284.1957,186.14894,2431.6765	310.99316,250.33707,2398.8057	243.76541,234.67632,2398.2786	216.34937,285.23395,2367.294	212.31728,385.46918,2421.5212	264.71793,287.4876,2375.5776	200.04565,481.7848,2432.6155	286.01596,390.0592,2366.4453	216.34937,285.23395,2367.294	320.83707,486.4157,2346.3765	343.81964,304.35516,2258.8335	154.85059,297.3042,2249.4128	
250.07178,134.83319,2449.5383	247.3818,184.018,2424.763	209.76848,182.07097,2415.8179	184.2151,238.56609,2398.2312	247.3818,184.018,2424.763	284.71863,185.95073,2433.708	313.0941,249.25272,2397.9094	244.54875,234.57458,2397.7131	217.38113,285.27347,2365.016	212.46597,385.39032,2420.8625	265.8056,287.2915,2376.3105	197.88249,480.71777,2437.6628	285.64264,390.35046,2362.772	217.38113,285.27347,2365.016	320.19315,486.83752,2344.295	347.1032,303.95108,2270.5518	157.75212,289.20755,2188.626	
250.08188,134.94804,2448.863	247.62866,184.30818,2423.6826	209.89545,182.29858,2411.185	183.43678,237.58081,2377.124	247.62866,184.30818,2423.6826	284.97473,186.29715,2436.1802	314.4996,248.23734,2395.4617	244.97421,234.90712,2396.879	217.91989,285.69708,2362.1833	212.22,385.77246,2418.9866	266.438,287.5976,2377.967	197.19427,481.19348,2435.26	285.19727,390.79456,2364.382	217.91989,285.69708,2362.1833	320.00125,487.3329,2343.6018	351.36902,300.81555,2271.4216	161.43489,278.06262,2135.659	
250.35956,135.254,2449.1672	247.85663,184.49823,2422.9104	210.05539,182.43591,2408.354	181.73267,235.69884,2342.065	247.85663,184.49823,2422.9104	285.20636,186.53592,2437.4668	316.64188,245.69263,2390.732	245.28317,235.12703,2396.3472	218.28271,285.96106,2360.5935	211.81937,386.0638,2417.0876	266.833,287.81342,2378.9744	197.74463,481.15356,2438.1436	285.6892,390.97598,2365.003	218.28271,285.96106,2360.5935	319.78217,487.8095,2343.5603	356.6612,295.31448,2265.6873	166.75945,261.55588,2077.5793	
250.76514,135.15584,2449.0317	248.3129,184.47559,2423.1604	210.43115,182.20854,2402.507	183.3979,230.52028,2294.0432	248.3129,184.47559,2423.1604	285.55435,186.70428,2443.8137	319.3947,242.8653,2378.873	245.9017,235.14693,2398.042	219.04495,285.99908,2359.874	213.23175,385.9969,2418.3484	267.56714,287.7732,2385.9731	196.737,480.5726,2439.731	286.4621,390.79636,2368.4905	219.04495,285.99908,2359.874	320.45496,487.17676,2350.5693	363.04688,288.29498,2244.5342	174.1449,241.78418,2020.8704	
251.57356,135.28703,2450.614	249.62076,184.35434,2423.9663	211.7427,181.87233,2395.2737	187.57587,225.26262,2242.0527	249.62076,184.35434,2423.9663	286.61258,186.77829,2452.659	320.18057,239.37315,2366.46	247.4902,235.02415,2399.1387	220.94505,285.94705,2356.1768	214.68872,386.38654,2411.3232	269.31567,287.548,2392.4453	197.53958,479.84497,2442.9087	287.78503,390.70508,2367.6597	220.94505,285.94705,2356.1768	321.7302,486.92038,2352.1155	366.5969,278.12558,2215.9294	185.14415,217.62177,1986.0939	
252.30316,134.98012,2449.9116	250.50804,183.77246,2421.8086	213.13089,180.54012,2375.362	193.89464,218.37471,2202.5808	250.50804,183.77246,2421.8086	286.47852,186.88316,2468.2551	320.8094,234.4487,2360.247	248.57162,234.51355,2397.9062	222.48582,285.48587,2344.493	214.13617,385.7644,2404.159	270.11456,287.04752,2403.515	197.73648,479.65033,2436.0027	287.231,390.24384,2371.837	222.48582,285.48587,2344.493	320.3366,486.53787,2356.5193	367.04465,263.93356,2182.9941	204.04933,192.68794,1973.3018	
252.93765,135.48956,2449.0264	251.27751,184.22737,2420.272	213.97035,180.81763,2368.069	202.51712,211.27351,2172.3176	251.27751,184.22737,2420.272	287.0093,187.49313,2472.4749	320.28033,229.99817,2352.6047	249.43774,235.03859,2397.4866	223.76723,286.09424,2341.8457	214.14432,384.87164,2415.0718	270.70865,287.53558,2407.5566	196.94034,478.2033,2446.8564	287.46252,391.0937,2363.0571	223.76723,286.09424,2341.8457	319.75888,487.5619,2352.8984	363.36252,247.38739,2148.0046	225.48412,174.99556,1982.6838	
253.82034,135.02785,2450.0762	252.41089,183.53815,2419.912	215.49371,179.72247,2359.7595	214.2706,202.97496,2149.1746	252.41089,183.53815,2419.912	287.53726,187.16875,2480.0647	321.12344,223.80292,2343.78	250.56123,234.35909,2397.4375	225.09799,285.3773,2337.0122	214.16335,383.42337,2417.5632	271.51346,286.88242,2412.9136	197.28433,478.02536,2438.5676	288.59384,390.3753,2361.706	225.09799,285.3773,2337.0122	320.0371,487.01547,2353.315	357.77515,228.56764,2117.5432	252.46373,161.53299,2000.2397	
254.7341,135.94916,2450.0776	253.76776,184.11398,2418.329	218.10197,179.49323,2343.858	224.82916,196.68019,2134.5852	253.76776,184.11398,2418.329	287.30252,188.45865,2492.8003	320.081,217.30728,2333.8364	251.78177,234.95837,2395.4104	226.89441,285.9173,2325.2996	213.89398,383.55984,2410.837	271.72858,287.61905,2419.6838	198.45363,478.3567,2434.6965	288.2283,391.05646,2364.805	226.89441,285.9173,2325.2996	318.9307,487.6657,2357.7727	352.603,209.17503,2095.809	274.85248,156.3552,2020.6082	
255.63695,136.25977,2449.6057	254.47684,184.30171,2416.328	218.60968,179.64299,2342.2644	236.28812,190.73398,2124.7898	254.47684,184.30171,2416.328	288.21066,188.68333,2490.3914	319.04868,213.11319,2323.4219	252.43735,235.1823,2393.1582	227.52654,286.16373,2323.392	212.43332,382.50742,2417.2046	272.30896,287.91724,2416.585	198.41104,477.17255,2442.129	288.9204,391.65125,2355.9653	227.52654,286.16373,2323.392	319.80167,488.89902,2346.0493	347.50293,192.42816,2084.699	296.02283,156.69856,2043.5249	
256.7702,135.83768,2456.8735	255.60568,183.28412,2418.616	220.18567,178.07745,2340.3533	245.9945,186.66139,2121.8635	255.60568,183.28412,2418.616	288.80527,188.16438,2496.8787	319.1767,209.14786,2299.1404	253.52571,233.98409,2391.682	228.73132,284.70618,2315.3938	213.59413,381.4284,2409.638	273.13855,286.92548,2414.1018	196.58304,476.2961,2430.9377	288.9704,390.68134,2360.3062	228.73132,284.70618,2315.3938	320.06708,488.34192,2343.2239	343.58978,175.29944,2068.098	312.1888,157.08932,2067.4912	
258.5567,135.40222,2460.4932	257.5221,182.49765,2419.446	223.36081,176.58186,2331.773	251.95297,183.66711,2119.6704	257.5221,182.49765,2419.446	289.29413,187.9997,2507.1191	320.44836,205.37259,2290.9487	255.34822,233.13011,2391.2754	231.18694,283.6515,2307.659	214.54965,379.34485,2410.679	274.05237,286.22757,2418.5505	196.83362,474.46222,2428.736	288.73697,389.65826,2373.322	231.18694,283.6515,2307.659	320.3241,487.26947,2348.319	342.23257,166.03636,2059.582	321.20874,156.01599,2081.4595	
259.69254,135.16528,2462.323	258.81842,181.9458,2420.7568	225.45834,175.63864,2327.522	259.98935,179.87096,2108.3523	258.81842,181.9458,2420.7568	289.70413,187.78514,2513.9917	322.9677,205.80821,2313.9766	256.73376,232.50713,2391.4236	233.2233,282.91785,2303.2744	214.40425,377.84308,2410.2944	274.93283,285.66223,2420.9062	194.6528,471.89105,2433.9033	288.53925,389.27905,2371.898	233.2233,282.91785,2303.2744	320.43015,486.7388,2348.2979	346.03137,165.01642,2087.1167	328.96524,147.49547,2078.699	
260.99866,134.99547,2463.729	260.22043,181.63266,2422.464	227.5522,175.04321,2325.0417	265.61386,176.23358,2100.182	260.22043,181.63266,2422.464	290.36267,187.71262,2519.8865	326.18265,206.65236,2325.9844	258.15887,232.14224,2392.753	235.11339,282.45392,2301.578	214.05775,377.81268,2401.8948	275.91623,285.31555,2424.5056	194.30815,468.9668,2449.7012	288.4356,388.93793,2375.1375	235.11339,282.45392,2301.578	320.68494,486.4828,2347.5256	355.09802,165.70854,2113.9062	331.00275,135.91396,2068.1003	
262.12076,135.70792,2455.9512	261.27435,182.61795,2417.6667	228.1836,176.24072,2322.4473	269.12595,173.7083,2095.6028	261.27435,182.61795,2417.6667	291.85733,188.51189,2512.8862	329.59628,208.05498,2341.019	258.8095,233.32793,2391.0986	235.11798,283.79614,2304.453	212.3934,379.3934,2398.1465	276.41138,286.49033,2424.6082	191.669,468.6494,2459.0208	288.0124,390.4463,2368.894	235.11798,283.79614,2304.453	319.9315,487.95563,2346.2856	365.9004,172.2206,2131.8003	327.5889,123.99759,2061.3625	
262.77792,135.71846,2460.045	261.92633,182.46686,2420.1074	229.38089,175.7854,2321.9014	270.86002,172.40463,2092.3022	261.92633,182.46686,2420.1074	291.93344,188.6272,2518.3135	331.3907,209.28789,2352.0127	259.4759,233.0769,2392.0234	236.11014,283.39346,2301.9436	212.83675,379.71014,2389.8596	276.7583,286.30902,2425.9353	190.64883,468.50192,2453.9783	288.05008,390.2257,2371.109	236.11014,283.39346,2301.9436	320.1666,487.615,2348.032	374.9298,181.03679,2156.6113	324.41174,116.84401,2060.6758	
263.4967,136.33044,2462.0886	262.5947,182.90826,2420.8525	230.4129,176.01207,2320.7449	274.36456,170.818,2091.6504	262.5947,182.90826,2420.8525	292.22058,189.25676,2520.9602	331.90503,210.2869,2359.0056	260.10352,233.47366,2391.754	236.90933,283.70453,2299.4614	212.88707,379.97736,2387.0474	277.1172,286.78232,2425.849	190.10771,467.81775,2457.4336	288.93707,390.72073,2368.7896	236.90933,283.70453,2299.4614	319.47443,488.66406,2346.461	379.09796,185.40115,2169.2117	326.46204,113.8078,2073.0564	
263.9775,136.87323,2463.1125	263.22348,183.37761,2421.1677	231.63875,176.27676,2317.9695	277.72293,171.41135,2095.827	263.22348,183.37761,2421.1677	292.2258,189.89789,2524.366	331.75327,210.28165,2371.0042	260.7552,233.92209,2391.4395	237.9512,284.11777,2296.542	213.1745,379.96704,2386.8438	277.40952,287.27325,2426.8804	189.48419,467.8752,2455.3079	288.93085,391.2063,2370.275	237.9512,284.11777,2296.542	320.1802,488.81512,2348.4565	375.14655,185.49922,2170.723	334.9989,120.67214,2086.2307	
264.7895,137.30363,2455.6265	264.2016,184.1734,2416.496	232.10132,177.58247,2315.7334	280.02228,174.702,2101.4058	264.2016,184.1734,2416.496	293.732,190.2367,2517.2588	330.36816,210.58981,2373.015	261.76157,234.93033,2390.0322	238.72186,285.47324,2299.9429	213.1658,380.17615,2395.9019	278.7348,288.10367,2427.1938	189.50145,468.97968,2455.8572	289.98535,392.05774,2371.3591	238.72186,285.47324,2299.9429	321.83606,490.00977,2343.0537	369.33972,180.8168,2177.6646	341.79303,132.36057,2111.5713	
265.11783,137.09592,2451.8745	264.1953,184.3185,2416.181	232.91486,177.72577,2310.8945	281.14008,177.57755,2111.7058	264.1953,184.3185,2416.181	292.86353,190.36066,2521.4673	330.87866,208.61128,2353.9885	261.7419,235.14508,2391.7466	239.24686,285.80673,2300.799	212.40768,380.64215,2392.3574	278.13617,288.16864,2433.8254	190.18068,469.693,2454.2646	288.4497,391.89325,2379.293	239.24686,285.80673,2300.799	318.98462,489.96533,2350.316	366.86963,171.77374,2153.3494	347.75693,145.93176,2137.1648	
265.55765,137.79932,2450.5037	264.61096,185.04663,2416.1047	234.32492,178.32788,2306.0652	283.14655,179.11555,2117.8284	264.61096,185.04663,2416.1047	292.25845,191.18004,2526.1443	331.45758,206.45966,2345.821	262.16678,235.89922,2392.1655	240.33136,286.62872,2298.7156	213.37427,381.49686,2390.386	277.91202,288.86542,2437.737	189.49226,470.51965,2449.7566	288.75958,392.50546,2378.637	240.33136,286.62872,2298.7156	319.7086,490.59607,2348.4639	365.60168,165.40823,2143.4219	352.09656,152.44215,2149.4434	
266.76328,137.8659,2449.2837	265.65472,185.43143,2416.4072	236.94632,178.72763,2299.8633	285.86,178.85126,2114.3853	265.65472,185.43143,2416.4072	291.7213,191.51833,2532.9512	332.52463,205.6636,2346.05	263.0311,236.34804,2395.5015	242.05078,287.21454,2300.917	213.77731,380.15186,2402.9558	277.56973,289.0508,2448.2744	191.09717,471.30798,2445.3213	288.62115,392.3109,2385.452	242.05078,287.21454,2300.917	319.511,489.9935,2356.6035	365.9195,162.98734,2141.9421	354.25998,153.27753,2160.2546	
267.7024,137.79642,2449.199	266.47604,185.69467,2418.1604	238.37947,179.06802,2299.1223	285.8677,178.17426,2112.1853	266.47604,185.69467,2418.1604	291.9362,191.69951,2537.1985	332.4131,208.12784,2365.5127	263.69513,236.61298,2399.1226	243.00879,287.52045,2304.9949	213.19771,380.7877,2399.3657	277.63818,289.1208,2455.1746	190.09364,471.12027,2448.258	289.0556,392.2256,2383.556	243.00879,287.52045,2304.9949	320.35507,490.25842,2350.0798	369.85797,167.5112,2170.96	351.05035,144.61317,2143.7246	
268.23367,137.31631,2448.6658	266.8822,185.42592,2419.5317	238.94363,178.81606,2299.8289	286.23022,174.86798,2107.592	266.8822,185.42592,2419.5317	292.1866,191.41258,2539.2346	332.6781,209.45755,2384.2551	264.04117,236.32663,2401.1436	243.3968,287.214,2307.2256	212.77637,381.25452,2392.8152	277.8245,288.76285,2458.2852	188.81151,469.90363,2453.5032	289.32468,391.83698,2380.129	243.3968,287.214,2307.2256	319.88394,490.03613,2349.2976	373.98868,173.92934,2197.9556	348.1368,134.09744,2125.7595	
268.5756,136.84482,2448.8904	267.55396,184.81616,2417.9287	238.95744,178.29254,2300.816	287.26318,171.49454,2107.2861	267.55396,184.81616,2417.9287	293.5083,190.73703,2535.0415	333.05386,210.94557,2392.6187	264.88156,235.74644,2399.1416	243.98181,286.66312,2306.408	212.95145,381.14,2388.042	279.25632,288.24896,2454.301	189.49603,469.8772,2450.7424	290.40076,391.61823,2370.9248	243.98181,286.66312,2306.408	321.39145,489.9057,2342.3855	379.03036,181.17143,2212.9292	345.5741,123.594604,2112.7786	
268.87036,137.25403,2456.5193	268.19174,184.96637,2423.054	240.01923,178.24567,2304.6794	287.22333,170.05377,2106.1475	268.19174,184.96637,2423.054	293.7398,191.06099,2541.4285	333.22885,211.23743,2399.819	265.76855,235.74352,2401.9844	245.37079,286.49927,2306.1865	214.50568,380.6087,2391.5725	280.14288,288.28345,2455.643	189.7338,470.03418,2446.085	290.2087,391.70032,2374.2358	245.37079,286.49927,2306.1865	319.68225,489.3349,2355.942	379.30127,184.76848,2219.448	343.26266,117.99722,2107.6348	
269.27747,137.16936,2460.3296	268.65005,184.66211,2425.5837	240.79115,177.8088,2306.222	288.62,169.99391,2109.0757	268.65005,184.66211,2425.5837	293.89572,190.87256,2544.9456	332.3609,211.37222,2402.413	266.35254,235.36111,2403.4097	246.26936,286.02155,2305.8767	214.3854,380.03772,2389.4932	280.66656,287.92685,2456.5945	189.23764,468.64896,2449.6294	290.00806,391.38104,2374.9275	246.26936,286.02155,2305.8767	319.53143,489.5923,2349.976	376.59753,181.20091,2225.3452	345.61713,118.56084,2115.5603	
269.71295,137.43993,2462.2317	268.8679,184.84492,2428.033	241.14632,177.97803,2308.2844	287.08948,173.69797,2116.5383	268.8679,184.84492,2428.033	293.98358,191.06633,2547.7815	331.92416,210.72774,2404.2053	266.55374,235.49417,2405.831	246.53874,286.10013,2308.0227	214.18936,379.8316,2391.8616	280.76852,288.01312,2459.2356	188.88121,468.5808,2450.2166	289.43924,391.43024,2377.3425	246.53874,286.10013,2308.0227	319.67075,489.71164,2347.9773	369.08472,175.7459,2221.2405	347.51706,129.34773,2139.5862	
269.444,137.80444,2464.6792	268.52042,185.18547,2429.5505	240.46362,178.32219,2311.1345	287.4165,176.9966,2126.1743	268.52042,185.18547,2429.5505	293.96933,191.41083,2547.9666	331.2245,207.78198,2386.4163	266.3214,235.78268,2406.3145	246.19705,286.33743,2308.3027	213.68607,380.211,2390.3638	280.87396,288.33316,2457.854	188.20367,469.9265,2441.8855	289.20013,391.90076,2372.9236	246.19705,286.33743,2308.3027	319.61148,489.90445,2348.4146	363.3196,166.35925,2193.3828	351.5024,141.73875,2165.4385	
269.6878,138.34277,2464.9077	268.65686,185.77524,2430.7898	240.89868,179.00531,2311.2427	287.68866,178.51878,2133.772	268.65686,185.77524,2430.7898	293.8127,191.91048,2550.337	332.32233,204.29211,2370.0396	266.53647,236.36978,2408.1047	246.69806,286.9876,2309.9321	214.74673,381.09317,2391.059	280.9689,288.808,2460.9072	188.92722,469.31985,2451.8022	289.52774,392.1684,2380.3457	246.69806,286.9876,2309.9321	319.34845,490.62988,2348.962	362.08807,159.02634,2172.8083	354.07895,148.4537,2177.5	
270.01163,138.13284,2465.5234	268.97522,185.57458,2431.4646	241.73582,178.70862,2310.1145	288.85788,178.24634,2135.2798	268.97522,185.57458,2431.4646	293.62494,191.78778,2552.8147	333.54224,202.501,2364.3657	266.9318,236.14668,2408.4375	247.49976,286.74634,2308.7754	214.9022,380.9531,2387.7441	281.11804,288.5849,2462.0454	188.48442,468.80655,2450.7737	289.12897,391.96613,2380.0225	247.49976,286.74634,2308.7754	320.3642,490.54266,2341.8984	361.39236,153.35065,2171.592	355.3992,148.58997,2182.683	
270.22452,138.10649,2464.8333	269.15228,185.66814,2432.5286	241.56747,179.00519,2312.4443	287.74738,176.5679,2128.6418	269.15228,185.66814,2432.5286	294.1417,191.7042,2552.6128	331.12183,207.10036,2397.6897	266.98944,236.25296,2411.0278	247.23584,286.88855,2313.7007	214.20978,380.63776,2393.2693	281.25983,288.55478,2465.3535	188.57808,468.62292,2455.6943	289.00113,391.82748,2382.7246	247.23584,286.88855,2313.7007	320.21646,490.24747,2345.2595	360.83286,163.21034,2214.0796	352.0472,141.8356,2166.1538	
269.62134,137.78217,2466.4814	268.8389,185.22836,2432.5813	241.05197,178.58603,2313.174	287.41818,172.93367,2122.819	268.8389,185.22836,2432.5813	294.02554,191.24913,2551.9885	331.73767,209.55487,2411.342	266.8445,235.80049,2410.5466	247.13684,286.43872,2313.1174	214.62259,381.00525,2387.7693	281.40802,288.11963,2463.9065	188.06326,469.21558,2448.1406	288.9522,391.47614,2380.1458	247.13684,286.43872,2313.1174	320.31403,490.1621,2340.35	367.82324,171.32208,2236.97	348.87234,131.37558,2140.6606	
269.2214,138.3155,2466.305	268.61423,185.81548,2432.161	240.80731,179.20758,2312.7478	286.89783,169.56851,2114.4065	268.61423,185.81548,2432.161	293.81845,191.80487,2551.574	332.2855,211.24185,2417.6682	266.64374,236.40184,2410.0698	246.94804,287.08066,2312.5793	214.67482,381.52484,2389.0242	281.24268,288.71597,2463.3782	187.6663,470.00534,2446.1702	288.09552,392.1125,2383.2095	246.94804,287.08066,2312.5793	319.7162,490.94937,2338.7466	376.10175,179.79373,2252.8914	343.77258,120.52829,2121.9062	
269.06558,137.78001,2465.2195	268.3287,185.46913,2431.6738	240.59085,178.84596,2311.903	285.82312,168.98431,2110.7036	268.3287,185.46913,2431.6738	293.4624,191.47049,2551.4446	333.66074,213.80106,2414.8335	266.2153,236.07524,2410.2627	246.41972,286.74744,2313.2234	214.15631,381.13272,2390.0168	280.62537,288.378,2464.4797	187.12181,468.65918,2453.292	288.40292,391.66006,2382.6184	246.41972,286.74744,2313.2234	319.0845,490.55286,2341.5627	382.89432,188.4575,2256.8284	338.1154,114.33715,2114.3684	
268.87424,137.5817,2465.1748	268.0519,185.32196,2432.5967	239.94492,178.75168,2314.2534	284.81378,169.11562,2113.35	268.0519,185.32196,2432.5967	293.55103,191.28262,2550.94	333.28415,213.9931,2411.9155	265.9792,235.9046,2411.004	245.98737,286.5489,2314.6765	214.4502,380.84412,2393.8132	280.66595,288.2023,2464.1458	187.76532,469.17242,2451.431	288.94662,391.39667,2385.4243	245.98737,286.5489,2314.6765	319.64438,490.6922,2337.4343	386.29828,192.88278,2253.0012	338.55902,115.45483,2113.6714	
268.437,137.8233,2464.6555	267.53632,185.37943,2431.8928	239.46185,178.8484,2313.2441	286.8707,171.45074,2121.677	267.53632,185.37943,2431.8928	292.9988,191.3028,2550.5415	331.77298,215.06534,2412.4573	265.56116,235.98067,2410.3025	245.69855,286.6802,2313.7944	214.22968,381.8397,2386.107	280.31635,288.26343,2463.63	188.4702,468.0369,2461.1252	288.42612,391.50183,2384.8816	245.69855,286.6802,2313.7944	319.11246,490.6217,2339.6294	382.51047,191.75555,2241.6592	342.91855,121.29394,2129.8289	
268.281,137.923,2464.3953	267.3934,185.34479,2431.6323	239.1384,178.89792,2313.6135	286.48245,175.87738,2130.8384	267.3934,185.34479,2431.6323	293.03268,191.19482,2549.6511	331.16202,213.1533,2407.229	265.4358,235.96162,2410.4355	245.4831,286.69583,2314.7156	214.16629,382.06192,2385.4243	280.3173,288.21014,2463.762	188.67606,467.43765,2466.6106	289.1402,391.3838,2384.3044	245.4831,286.69583,2314.7156	319.62012,490.50946,2340.2737	375.95624,187.60907,2223.7734	346.11066,131.86829,2146.7727	
267.92154,138.67902,2466.2634	267.00232,186.00056,2432.9246	238.54193,179.60854,2315.7195	287.66223,179.7839,2137.6501	267.00232,186.00056,2432.9246	292.84662,191.80504,2550.1296	331.1235,209.17998,2379.0627	265.13495,236.5861,2411.224	245.13998,287.31683,2315.5132	213.79599,382.3855,2388.2024	280.24023,288.81754,2463.5342	188.91223,468.6897,2464.0386	288.63846,392.11316,2380.831	245.13998,287.31683,2315.5132	319.95685,490.3466,2346.086	371.63354,175.81326,2185.1553	352.56412,146.93481,2166.9446	
267.93942,138.70871,2465.698	266.88235,186.17798,2433.102	238.61908,179.82823,2315.0571	287.4125,182.0863,2141.7034	266.88235,186.17798,2433.102	292.5301,191.9401,2551.147	330.779,206.28918,2364.5352	264.98895,236.77646,2412.0464	245.1028,287.544,2316.45	214.25085,383.00638,2386.8245	279.9356,288.94458,2465.5315	187.45853,467.98566,2467.3132	288.52393,392.14584,2382.4836	245.1028,287.544,2316.45	320.04446,490.34985,2346.5796	368.53116,168.86606,2163.75	354.61618,154.7868,2181.7307	
268.00845,138.79903,2464.9004	266.87936,186.35869,2431.9353	240.7091,179.8606,2306.8298	287.85855,181.96022,2142.1516	266.87936,186.35869,2431.9353	290.4888,192.22095,2557.0408	330.81497,205.12177,2362.5854	264.92368,237.00896,2412.0818	246.2731,287.89447,2313.0085	215.58725,383.11676,2387.1829	278.52975,289.0666,2471.448	188.57127,469.9862,2454.8894	287.37836,391.95398,2390.353	246.2731,287.89447,2313.0085	318.75848,490.3872,2347.574	366.2895,164.74023,2159.3804	356.02548,156.54791,2186.4658	
268.07986,139.05954,2465.0142	266.9155,186.72763,2432.9893	241.53662,180.17355,2305.163	286.77112,180.31436,2136.5762	266.9155,186.72763,2432.9893	289.7607,192.62741,2560.8154	331.06372,207.2958,2377.785	264.90753,237.36594,2413.5073	246.7735,288.2675,2313.3914	215.01163,382.6969,2390.7664	277.91153,289.35278,2474.6594	188.92107,469.3684,2461.1125	287.80627,392.0541,2388.5627	246.7735,288.2675,2313.3914	319.35385,490.49567,2346.222	369.318,167.36661,2186.6257	352.5807,149.57712,2169.8062	
267.98795,137.86859,2464.5771	266.9742,185.54353,2434.0493	240.9495,179.00113,2308.1824	284.95755,176.28258,2130.2893	266.9742,185.54353,2434.0493	290.43976,191.44257,2559.9163	331.1402,209.46465,2395.3982	264.901,236.15321,2414.7908	246.28467,286.9613,2316.1052	213.61,380.94763,2393.7444	278.24463,288.15247,2474.9592	188.96777,468.08032,2463.5935	288.91885,390.74042,2386.1414	246.28467,286.9613,2316.1052	320.68893,489.34937,2342.011	374.17807,174.3169,2219.5027	348.9101,140.37747,2144.5852	
267.98596,137.82468,2465.3523	267.02435,185.47318,2435.0154	240.33313,178.98041,2311.3896	283.82376,173.15054,2122.1396	267.02435,185.47318,2435.0154	291.13632,191.3385,2558.641	331.04944,211.2752,2405.696	265.02594,236.05278,2415.246	246.05328,286.81396,2317.435	214.18127,381.10535,2394.5159	278.86673,288.07928,2473.5186	189.13744,469.12952,2457.376	288.89954,390.77106,2387.8425	246.05328,286.81396,2317.435	320.86148,489.5525,2339.5974	378.9795,181.9768,2238.8662	343.51373,128.80957,2125.6748	
267.54974,137.91539,2465.2373	266.8647,185.45558,2435.178	239.44014,179.04417,2314.1406	282.96393,171.40671,2117.063	266.8647,185.45558,2435.178	291.69214,191.25981,2556.2153	331.49155,212.1518,2408.8425	264.959,236.0226,2414.9023	245.60864,286.76712,2318.203	213.95825,381.18158,2394.6506	279.35645,288.08276,2471.0505	188.25647,469.34467,2455.2207	288.99042,390.9016,2387.694	245.60864,286.76712,2318.203	320.61914,489.899,2338.2766	382.56647,188.93683,2243.6824	338.023,120.06778,2112.102	
267.59235,137.9874,2464.6738	266.62524,185.86548,2434.377	238.2314,179.58368,2317.0715	282.5918,170.77979,2118.0195	266.62524,185.86548,2434.377	292.40848,191.56972,2551.6824	331.1032,212.4943,2412.4102	264.8552,236.43437,2413.1987	245.01184,287.1939,2317.927	214.19109,382.02692,2393.2236	280.0116,288.56113,2466.114	186.7506,469.19705,2456.8774	289.68097,391.60175,2383.6567	245.01184,287.1939,2317.927	320.99194,490.8296,2335.3704	380.96542,188.72192,2244.369	336.61752,117.584404,2113.321	
267.7934,137.79175,2465.403	267.00974,185.66669,2435.5728	238.09317,179.60097,2320.4185	283.1966,173.24332,2124.5063	267.00974,185.66669,2435.5728	293.31537,191.18472,2550.727	330.5931,212.21161,2406.2056	265.29263,236.23053,2415.2437	245.19788,287.0192,2322.2207	214.96545,381.55487,2400.1702	280.8138,288.24908,2467.6084	187.59961,470.10748,2452.6213	290.2181,391.24472,2385.319	245.19788,287.0192,2322.2207	320.8111,489.8578,2346.3374	376.24396,184.67316,2233.3103	339.19934,122.4211,2117.3726	
267.59723,137.61719,2465.765	267.05402,185.50279,2434.8438	237.64049,179.5549,2321.7402	283.82483,177.54726,2131.2488	267.05402,185.50279,2434.8438	293.85623,190.92262,2547.9473	329.744,210.7287,2401.0994	265.43002,236.08133,2414.4392	245.11482,286.90482,2322.628	215.00536,382.26373,2393.7534	281.36078,288.10352,2465.4414	186.36858,469.3228,2455.056	290.47983,391.20618,2384.1348	245.11482,286.90482,2322.628	319.82666,490.47034,2342.754	367.3211,176.28209,2216.1162	343.66068,132.47446,2136.274	
267.3171,138.18849,2466.4607	266.7713,185.69655,2435.2437	240.49481,179.33449,2311.3909	284.52774,181.49057,2139.8503	266.7713,185.69655,2435.2437	290.5044,191.44281,2559.0964	329.05386,208.08102,2384.813	265.1925,236.271,2414.8955	246.81555,287.13672,2315.8552	216.55817,382.09125,2392.5789	279.2909,288.23706,2473.2395	188.71156,471.40918,2440.3218	287.4599,391.0613,2393.6414	246.81555,287.13672,2315.8552	316.74753,489.85022,2352.8845	359.66882,167.59985,2185.476	348.97382,145.6662,2158.1472	
267.13522,138.9462,2466.2976	266.25037,186.16273,2435.8848	241.78012,179.68939,2305.9976	288.89905,183.1445,2144.7205	266.25037,186.16273,2435.8848	288.2431,191.98068,2565.772	327.62164,206.56532,2379.5134	264.6889,236.74547,2416.2942	247.61673,287.69742,2314.7893	215.43954,381.51318,2395.4734	277.56354,288.58258,2478.618	188.48132,470.1468,2449.5405	287.71964,391.04196,2390.59	247.61673,287.69742,2314.7893	316.7758,490.04913,2349.8416	356.50565,164.74484,2171.289	355.32104,151.431,2170.3718	
267.28925,139.23242,2465.1892	266.32785,186.6344,2435.2783	244.25473,180.15884,2299.0647	290.73907,182.45656,2145.2559	266.32785,186.6344,2435.2783	286.06253,192.42392,2571.492	327.04446,206.17996,2381.0618	264.6625,237.26672,2417.4202	248.99213,288.382,2313.5222	215.96667,381.3989,2398.5447	275.98474,288.90463,2485.6018	188.98466,470.11987,2451.375	287.54364,390.93933,2393.154	248.99213,288.382,2313.5222	317.12747,490.10034,2346.7307	356.0249,163.24149,2172.206	357.9024,151.89005,2173.2349	
267.22217,139.32112,2465.155	266.49734,187.0477,2436.7761	245.15236,180.67638,2298.3826	288.5954,180.7904,2136.626	266.49734,187.0477,2436.7761	285.54813,192.73422,2575.1697	328.18835,207.92407,2395.0198	264.73972,237.67348,2420.1567	249.4856,288.8541,2316.375	215.3729,381.02478,2403.7415	275.48697,289.13446,2490.6997	188.60327,469.714,2455.9683	288.5333,390.77704,2392.5005	249.4856,288.8541,2316.375	318.6467,489.88412,2345.108	362.86978,169.09311,2197.5945	353.47495,146.02713,2149.947	
267.56854,138.9432,2466.13	267.18307,186.87419,2436.7625	243.71928,180.77495,2303.7576	286.91296,178.32336,2127.29	267.18307,186.87419,2436.7625	288.218,192.34207,2569.7673	328.62753,209.77765,2404.5022	265.54037,237.51016,2420.5386	249.033,288.69586,2320.261	214.18282,381.02167,2402.8386	277.71533,288.9541,2488.3684	187.74413,468.7923,2462.323	291.6461,390.59387,2388.0742	249.033,288.69586,2320.261	321.9378,490.2799,2335.1416	369.6535,176.18658,2218.3357	348.80908,137.2735,2121.283	
267.3265,138.69398,2466.0808	267.3948,186.64224,2435.8699	240.9744,180.81458,2312.5928	283.80838,176.80933,2118.5781	267.3948,186.64224,2435.8699	291.2698,191.90846,2559.147	329.77744,210.71675,2409.715	265.97653,237.27547,2418.3987	247.7731,288.3994,2322.8093	213.59665,381.4162,2401.0251	280.24557,288.87625,2479.0457	185.6664,468.7678,2460.4236	291.902,391.243,2379.9783	247.7731,288.3994,2322.8093	322.2168,490.92847,2332.1536	375.77118,182.82495,2233.743	342.53244,130.11145,2096.9883	
267.0851,138.41031,2465.5945	267.05933,186.45013,2435.3486	238.90999,180.7947,2317.987	280.2446,177.73914,2115.7524	267.05933,186.45013,2435.3486	292.6203,191.58556,2552.7102	330.98285,210.87135,2406.8677	265.72925,237.07985,2417.129	246.60406,288.1709,2324.9355	214.02933,381.88245,2401.5315	281.09048,288.7679,2472.8828	185.51941,469.24033,2459.4377	290.48303,391.59,2381.9763	246.60406,288.1709,2324.9355	320.4861,490.88593,2339.1206	379.21628,186.14566,2236.535	337.0627,127.49736,2082.9614	
267.60428,138.58463,2465.3535	267.33774,186.69283,2435.0369	240.41994,180.82733,2312.71	280.5608,178.44745,2117.88	267.33774,186.69283,2435.0369	291.68042,191.9972,2557.3638	330.9037,211.49086,2400.9077	265.90533,237.33481,2417.0735	247.45447,288.44122,2321.995	216.13031,383.0091,2396.2795	280.38983,289.01077,2476.225	186.44182,470.06104,2454.8188	288.7693,391.65897,2395.7983	247.45447,288.44122,2321.995	318.5716,491.0255,2344.2283	377.8947,185.53346,2226.8286	338.1992,128.14009,2084.5728	
267.39557,138.78802,2466.744	267.10086,186.88976,2436.6064	240.37642,180.90845,2313.2249	282.62332,180.64468,2126.4417	267.10086,186.88976,2436.6064	291.24927,192.29453,2559.988	329.40616,210.52835,2401.9526	265.66623,237.48723,2418.0073	247.33115,288.52878,2321.65	215.04681,382.4215,2398.8208	280.02792,289.1881,2477.1665	186.99707,470.41263,2454.0527	289.1871,391.844,2389.0017	247.33115,288.52878,2321.65	319.06216,490.71088,2347.501	372.43866,181.50862,2217.157	343.0416,135.51596,2104.8313	
267.50284,138.37527,2466.4397	266.82623,186.30603,2436.1372	240.36687,180.15152,2311.6104	284.96927,183.45174,2137.247	266.82623,186.30603,2436.1372	290.7121,191.86194,2560.664	328.62607,208.05304,2380.918	265.38678,236.89403,2416.8608	247.18716,287.88025,2319.0256	214.83609,382.1288,2394.263	279.59924,288.6844,2476.1433	187.07002,471.08066,2444.8123	289.1872,391.37717,2384.7085	247.18716,287.88025,2319.0256	319.19412,490.18933,2345.966	366.13562,172.89264,2181.8403	349.6937,146.35059,2133.372	
267.31613,138.96039,2467.2883	266.47113,186.29596,2435.0984	241.46469,179.76028,2306.0972	286.77496,186.04236,2142.7969	266.47113,186.29596,2435.0984	288.96143,192.17403,2564.0996	327.94656,206.28181,2369.0684	265.011,236.87445,2414.5112	247.66237,287.80078,2312.4028	215.42407,382.3468,2388.0635	278.34427,288.81052,2475.4453	188.19365,471.2393,2442.0085	288.51312,391.44708,2387.2502	247.66237,287.80078,2312.4028	318.63974,490.66705,2341.4106	362.79697,168.77374,2160.837	353.49283,153.5764,2155.137	
267.10767,139.11269,2466.2043	266.02634,186.63792,2435.1648	242.23528,180.03973,2302.5894	289.46942,185.5263,2145.3682	266.02634,186.63792,2435.1648	287.36066,192.55478,2567.7402	327.18893,205.50699,2370.6982	264.496,237.23225,2415.239	247.8649,288.2132,2311.6023	215.491,382.17224,2391.8186	276.99747,289.0927,2479.0242	187.85008,469.99072,2451.179	288.24365,391.46112,2389.8489	247.8649,288.2132,2311.6023	318.5331,490.40918,2345.4329	361.64526,167.5715,2158.915	356.90323,154.94992,2167.01	
267.0827,139.64136,2466.1704	266.2927,187.02386,2434.9744	242.33038,180.46634,2302.7217	287.07532,185.1198,2140.1846	266.2927,187.02386,2434.9744	287.7861,192.90575,2567.227	327.4269,207.32344,2387.8506	264.7008,237.62949,2415.2764	247.91058,288.6295,2312.1396	215.36859,381.83224,2397.5527	277.23358,289.4757,2479.017	187.37788,470.09576,2451.5725	289.9541,391.68726,2385.9968	247.91058,288.6295,2312.1396	319.4861,491.01282,2342.3237	362.83243,169.82901,2179.7876	353.09256,151.43628,2152.7307	
267.01102,139.05829,2466.159	266.27597,186.71059,2435.7898	241.61821,180.29208,2305.448	284.84375,182.88553,2132.0967	266.27597,186.71059,2435.7898	288.42883,192.47707,2566.1316	327.88736,208.77914,2402.4338	264.56372,237.31317,2416.9956	247.20486,288.2992,2315.9111	214.20453,381.72495,2396.9128	277.40805,289.0914,2480.4917	187.15143,468.64,2462.1257	289.7656,391.2983,2386.0095	247.20486,288.2992,2315.9111	319.8856,490.377,2343.0454	365.9755,174.4096,2206.8347	349.4264,145.79292,2129.7717	
266.3528,138.69577,2467.131	266.06805,186.4397,2436.6736	240.30219,180.13272,2309.784	282.12878,179.02632,2122.5322	266.06805,186.4397,2436.6736	289.28323,192.12231,2563.5632	328.71088,210.20949,2408.7012	264.54135,237.01106,2417.206	246.66208,287.95944,2317.5835	214.37921,382.2887,2392.7266	278.2613,288.81906,2477.8936	186.6969,468.8722,2459.8694	290.42462,391.14453,2386.0474	246.66208,287.95944,2317.5835	320.96838,490.7489,2334.2317	371.79144,180.37119,2227.1338	344.61786,137.39355,2098.2446	
266.1362,138.6122,2466.1057	266.2616,186.4769,2434.6902	238.193,180.54056,2316.6333	280.16882,177.41348,2115.2366	266.2616,186.4769,2434.6902	291.73404,191.86417,2552.747	329.83347,210.80508,2411.8257	264.8796,237.08058,2414.6716	245.62723,288.0649,2319.861	213.90433,382.39413,2395.7947	280.24072,288.96753,2469.445	186.08356,469.54724,2458.0488	291.67404,391.76172,2379.0652	245.62723,288.0649,2319.861	322.02213,491.638,2329.2903	377.02194,184.83336,2240.0845	340.1187,130.3917,2076.163	
266.24615,138.48874,2465.1165	266.18536,186.34593,2433.7148	237.14328,180.54044,2319.219	277.78058,177.4254,2116.107	266.18536,186.34593,2433.7148	292.61758,191.62973,2548.2107	330.77118,211.2948,2409.9175	264.84143,236.9635,2413.413	245.09314,287.95773,2320.9229	214.30023,382.6457,2396.183	280.77985,288.89383,2465.2998	186.53972,470.4084,2454.3716	290.34482,391.9655,2382.373	245.09314,287.95773,2320.9229	321.01642,491.27237,2336.559	379.72324,187.10071,2241.9016	335.28705,127.021225,2071.0098	
266.64594,138.49313,2464.6272	266.38422,186.35011,2433.8953	236.97075,180.59164,2320.7466	279.22964,178.20142,2119.5532	266.38422,186.35011,2433.8953	293.1844,191.59697,2547.044	330.6617,211.13803,2405.4636	264.9697,236.9678,2413.8071	244.90775,287.9427,2322.3643	214.64717,382.88666,2396.4893	281.07697,288.89893,2465.0737	187.20673,470.8839,2453.7441	290.1812,391.9914,2385.6213	244.90775,287.9427,2322.3643	320.084,491.37164,2340.124	377.98685,184.48634,2235.0403	337.17093,127.89936,2076.2307	
266.55872,138.56812,2464.8794	266.22656,186.34854,2434.034	236.78635,180.52469,2320.8218	281.43613,180.4133,2128.275	266.22656,186.34854,2434.034	293.04987,191.65472,2547.246	329.41104,210.69409,2402.731	264.88168,236.94476,2413.121	244.85312,287.89276,2320.7734	214.69434,383.52676,2389.8813	281.09137,288.92755,2463.643	187.57767,470.96115,2453.2551	289.88162,392.11282,2385.0337	244.85312,287.89276,2320.7734	319.7897,491.33453,2341.9	372.93378,179.93207,2226.1262	342.08737,134.4956,2099.0063	
266.85364,138.54706,2465.003	266.461,186.39806,2433.296	238.81134,180.33981,2313.232	281.5185,183.37045,2136.6375	266.461,186.39806,2433.296	291.51038,191.88655,2553.3599	329.7186,207.14996,2375.2456	265.11102,237.02412,2412.9678	246.1814,288.0314,2316.6775	215.97754,383.7417,2386.6875	280.2143,288.96,2468.6018	187.92076,470.69095,2452.0703	288.6784,391.9876,2388.6926	246.1814,288.0314,2316.6775	319.37976,490.79816,2345.265	368.7309,169.83997,2186.2852	345.25555,145.48505,2128.8777	
266.9877,138.66833,2465.0513	266.31693,186.55261,2433.1316	240.89078,180.26215,2305.7893	285.80972,184.6037,2143.1013	266.31693,186.55261,2433.1316	289.21396,192.21739,2560.4739	328.5195,205.24966,2365.8098	264.88672,237.2001,2413.6006	247.30258,288.26376,2313.516	215.80997,383.16965,2387.7046	278.5136,289.05743,2474.623	187.64417,470.88516,2447.5566	288.33646,391.76642,2385.9778	247.30258,288.26376,2313.516	317.6922,490.5374,2349.463	364.87344,165.28314,2168.1763	352.18036,153.1777,2159.7422	
267.15695,138.64584,2472.594	266.223,186.06107,2438.242	241.8469,179.2697,2307.7605	289.28363,184.00343,2146.7546	266.223,186.06107,2438.242	288.12265,192.16248,2568.7234	327.5234,204.92972,2368.5576	264.7478,236.53801,2416.3813	247.80139,287.2877,2312.2568	214.57318,381.16827,2390.3503	277.664,288.54242,2476.7847	188.05177,469.81488,2446.9631	288.8947,391.01117,2382.879	247.80139,287.2877,2312.2568	318.0961,489.72565,2349.3228	361.68124,164.57532,2162.645	355.77145,152.51128,2171.3503	
266.63953,139.1185,2468.866	265.9856,186.62988,2435.6965	241.53537,180.01286,2304.939	289.5664,182.52654,2142.88	265.9856,186.62988,2435.6965	287.94446,192.57265,2566.454	327.7363,205.97388,2379.7812	264.56366,237.19127,2414.8054	247.64087,288.11304,2311.4644	213.6874,381.4057,2392.226	277.5624,289.12247,2476.3643	188.31927,470.71863,2446.099	289.28528,391.59543,2381.0896	247.64087,288.11304,2311.4644	319.49054,490.39032,2343.9539	362.9312,166.57257,2172.804	356.4827,153.38211,2179.586	
266.09744,138.96646,2466.5046	265.5601,186.67874,2434.8286	240.60327,180.23117,2305.267	287.3715,180.75006,2137.442	265.5601,186.67874,2434.8286	287.9951,192.47481,2564.3901	328.04596,207.25189,2396.8972	264.04312,237.28296,2415.041	246.69931,288.27527,2313.49	213.18791,382.03107,2391.0793	277.25974,289.1417,2477.0168	187.37654,469.4834,2456.6653	289.30148,391.55762,2380.9036	246.69931,288.27527,2313.49	319.01822,490.22638,2347.2297	365.82388,170.46002,2200.0068	352.7851,146.84146,2150.482	
266.02344,139.20163,2465.8044	265.94208,187.00935,2433.246	238.45036,180.95358,2313.0015	284.38428,177.47339,2127.2034	265.94208,187.00935,2433.246	290.84457,192.4948,2553.4907	328.91745,209.77869,2403.4355	264.50104,237.64267,2413.059	245.53735,288.6575,2316.6355	213.3855,382.6098,2395.3567	279.4535,289.57388,2469.1086	187.3488,470.4806,2456.6208	291.84262,392.29742,2376.2224	245.53735,288.6575,2316.6355	321.89954,491.57684,2336.8542	371.1264,175.45055,2224.2153	348.0523,137.70172,2119.3032	
266.46042,138.9862,2466.4712	266.23465,186.85934,2434.5537	237.64008,180.96701,2318.377	281.50342,176.0552,2120.5928	266.23465,186.85934,2434.5537	292.2245,192.21492,2550.7305	329.58588,210.57922,2408.7307	264.77594,237.46486,2414.3984	245.19211,288.43256,2320.997	214.02667,382.97256,2396.2024	280.31854,289.38315,2467.4893	186.8503,470.82935,2454.9153	290.56454,392.3178,2382.5784	245.19211,288.43256,2320.997	320.90903,491.2088,2343.2532	374.70667,181.75403,2236.8462	342.19437,130.27342,2101.796	
266.66827,138.5011,2473.301	266.39154,186.28854,2438.699	237.71875,180.15778,2322.8193	278.62543,176.8063,2120.7903	266.39154,186.28854,2438.699	292.463,191.86311,2554.5786	330.04514,211.07994,2409.8677	265.0987,236.73883,2416.0103	245.6032,287.48337,2320.2678	214.35483,382.2943,2393.5933	280.8827,288.7687,2466.3752	187.47925,471.3952,2445.183	289.92157,391.87372,2382.0376	245.6032,287.48337,2320.2678	320.5818,490.7163,2342.289	376.37073,185.08217,2236.329	336.3506,126.88678,2094.8389	
266.5738,138.56123,2477.2292	266.29327,186.15038,2441.8044	238.9415,179.66344,2321.042	279.83978,177.29285,2124.4082	266.29327,186.15038,2441.8044	291.0671,192.02591,2562.567	329.4569,210.22537,2408.4446	265.08447,236.5027,2417.851	246.46768,287.10675,2317.613	215.09534,382.37415,2387.8977	280.16162,288.57193,2470.1824	188.59087,469.98825,2451.8176	288.07855,391.59094,2387.8552	246.46768,287.10675,2317.613	319.23233,489.89948,2349.1865	375.56836,183.16663,2231.7793	337.2846,127.2434,2093.6733	
266.3995,138.31038,2470.6755	266.45532,186.04398,2437.916	238.64714,180.05344,2318.289	282.4369,177.82506,2131.6938	266.45532,186.04398,2437.916	291.6621,191.47412,2557.543	327.70325,210.23463,2413.7207	265.5237,236.5429,2416.4424	246.97853,287.48566,2319.4937	215.11072,382.1145,2392.9402	281.097,288.38086,2470.4438	188.70178,470.1998,2452.7717	289.85248,391.3319,2386.796	246.97853,287.48566,2319.4937	320.98975,490.18115,2342.0388	369.01877,180.6143,2223.4722	341.87894,131.23413,2109.6306	
266.71283,138.16467,2469.401	266.5727,185.89844,2437.2927	238.70767,179.90515,2317.7375	283.92053,180.20627,2139.8071	266.5727,185.89844,2437.2927	291.83188,191.33125,2556.848	328.12936,207.09665,2382.9333	265.70926,236.40642,2415.5862	247.1936,287.36642,2318.4307	214.79501,382.41293,2387.169	281.38898,288.26596,2469.3286	188.09572,469.6645,2453.4468	289.48337,391.37854,2381.7896	247.1936,287.36642,2318.4307	319.81827,490.1181,2344.2886	362.8644,168.86179,2184.974	347.27356,140.4902,2135.8174	
266.8002,138.76791,2468.2434	266.35156,186.62994,2436.0708	240.70386,180.39743,2309.299	285.4259,183.64592,2146.4702	266.35156,186.62994,2436.0708	289.4619,192.24586,2562.8425	327.30936,204.9149,2368.6658	265.36987,237.19228,2415.2761	248.09595,288.23288,2314.2056	215.86397,383.38245,2384.0928	279.59048,289.0068,2474.7573	187.83727,470.53998,2448.831	287.1991,391.95264,2387.4373	248.09595,288.23288,2314.2056	317.5164,489.9712,2355.485	358.3474,164.17819,2160.2576	349.94382,147.79019,2165.248	
266.9638,138.93225,2474.6843	266.20966,186.41295,2439.9326	242.28568,179.64557,2308.3032	287.95782,185.15987,2150.6392	266.20966,186.41295,2439.9326	287.68448,192.48753,2571.562	326.24316,204.75627,2369.3628	265.13788,236.84387,2417.2769	248.8825,287.62283,2311.5059	214.95256,381.59418,2387.0073	278.19183,288.7946,2477.7363	187.64319,469.3731,2448.7283	287.7229,391.4364,2384.4023	248.8825,287.62283,2311.5059	318.5032,489.45132,2352.4429	355.4964,163.28485,2155.404	352.4616,150.44861,2182.4414	
266.42487,138.349,2477.4082	265.6536,185.78072,2442.141	242.52316,178.81302,2308.1375	287.20908,186.14975,2148.322	265.6536,185.78072,2442.141	286.3777,192.02353,2576.1448	325.24734,205.40532,2378.107	264.5521,236.15276,2419.1829	248.78406,286.82083,2311.718	215.03738,380.40994,2391.1292	277.07715,288.1136,2480.7312	186.75392,467.4862,2454.5017	287.95544,390.45923,2384.2778	248.78406,286.82083,2311.718	318.5629,488.70993,2350.1821	354.92664,164.93835,2161.3328	351.7384,152.56119,2179.8997	
266.26315,138.4477,2471.2673	265.50476,186.08768,2439.8914	242.86174,179.57265,2304.189	286.12604,184.98032,2145.1562	265.50476,186.08768,2439.8914	285.76175,191.91617,2575.5938	327.32733,205.92029,2381.0527	264.40823,236.58919,2420.3882	248.99353,287.58575,2315.2617	215.29553,380.81055,2396.3877	276.60938,288.2142,2486.5083	187.69579,468.50864,2455.6572	288.3493,390.21222,2389.6812	248.99353,287.58575,2315.2617	318.7764,488.44992,2353.476	358.69183,166.8384,2169.3276	351.20532,152.63708,2182.2754	
265.79138,138.07458,2468.7017	265.76385,185.93393,2438.4585	241.25601,179.84183,2307.8987	285.69766,182.18689,2141.073	265.76385,185.93393,2438.4585	287.78067,191.4068,2569.0183	326.7697,207.94261,2397.5327	264.6865,236.49808,2420.3662	248.09904,287.6175,2319.7246	214.19365,380.44513,2401.7551	278.05737,288.01654,2484.8232	186.82042,469.40656,2451.0986	290.65836,389.9718,2379.9387	248.09904,287.6175,2319.7246	320.20737,488.92322,2343.9312	361.53198,169.67242,2195.4023	349.274,146.33936,2164.253	
265.3818,138.22546,2467.3765	265.56653,186.11255,2436.9707	237.97028,180.53699,2317.6648	282.30008,182.41144,2134.9836	265.56653,186.11255,2436.9707	290.58688,191.16766,2556.2766	326.711,208.84787,2406.7373	264.65436,236.70424,2418.4644	246.1998,287.8693,2324.2236	212.15604,381.14532,2400.273	280.18405,288.2704,2475.6924	186.93518,470.49365,2451.7993	291.27203,390.84357,2375.162	246.1998,287.8693,2324.2236	321.17984,490.17014,2336.18	364.61588,171.74991,2216.0598	343.8742,141.9474,2139.7234	
265.68677,138.40488,2466.2551	265.80295,186.3883,2436.418	238.30365,180.84665,2315.8474	280.62323,181.49661,2133.495	265.80295,186.3883,2436.418	290.70886,191.40735,2556.9885	328.16748,207.93095,2398.865	264.86902,237.0093,2418.6074	246.63031,288.23627,2324.9568	214.40063,382.44757,2398.3816	280.15323,288.51755,2476.637	188.00749,471.89612,2447.2275	289.47394,391.19333,2384.6848	246.63031,288.23627,2324.9568	319.85233,490.18262,2342.5103	369.09274,172.61107,2215.3762	341.18985,137.55789,2121.6125	
265.8881,138.32399,2465.6946	265.98627,186.38773,2436.2336	238.21863,180.90717,2316.239	280.624,180.9459,2134.2463	265.98627,186.38773,2436.2336	291.14697,191.35376,2556.2283	327.81046,208.93814,2396.9338	265.068,237.0185,2418.6628	246.64532,288.2671,2325.4668	213.33008,381.9386,2399.941	280.55905,288.50595,2476.7173	188.12282,472.13,2445.6072	289.74344,391.23987,2382.6865	246.64532,288.2671,2325.4668	320.43622,490.08835,2342.218	368.2875,173.09952,2212.5876	340.07272,135.0727,2119.0596	
265.6975,138.49942,2465.9175	265.30167,186.57643,2437.1145	236.17065,181.15453,2322.7246	281.63202,180.50824,2138.6213	265.30167,186.57643,2437.1145	291.82068,191.51218,2551.5044	327.37653,209.22507,2397.4766	264.3212,237.16045,2418.1982	244.89497,288.28967,2327.0188	212.03731,382.1057,2401.056	280.6778,288.77972,2471.5452	185.91046,471.9344,2447.0269	289.87598,391.77966,2375.257	244.89497,288.28967,2327.0188	319.98987,490.8598,2338.4644	364.0371,171.17854,2205.4805	341.88837,137.03018,2133.0825	
265.8333,138.88235,2465.5244	265.68533,186.84558,2436.342	236.74203,181.39702,2320.8992	280.97656,181.43811,2143.3108	265.68533,186.84558,2436.342	292.00983,191.80118,2551.785	328.1156,205.43272,2367.727	264.6406,237.45538,2417.7803	245.30197,288.61237,2326.4065	214.18726,383.42535,2397.3306	280.78073,289.07025,2472.0305	187.88306,472.43677,2449.6436	289.85608,392.03717,2380.4937	245.30197,288.61237,2326.4065	320.91104,490.83734,2340.4905	360.29272,161.74237,2171.5283	344.12073,142.35358,2144.6047	
266.1537,139.24939,2465.8293	265.92932,187.00076,2436.3787	237.22726,181.50154,2319.8472	282.68097,182.16365,2147.7324	265.92932,187.00076,2436.3787	292.0111,191.99792,2552.9102	327.45786,203.33691,2354.4116	264.87372,237.61047,2417.7812	245.66592,288.76852,2325.6416	213.71866,383.0582,2398.8633	280.85886,289.227,2472.726	188.942,472.77393,2449.0142	290.23163,392.1563,2379.9756	245.66592,288.76852,2325.6416	320.95566,490.9726,2341.4944	356.4623,157.52191,2151.8389	348.1369,147.20459,2158.3477	
266.41467,139.43188,2465.4814	266.06393,187.15842,2436.635	237.55295,181.67453,2319.271	283.0988,182.93356,2149.1873	266.06393,187.15842,2436.635	291.95462,192.13829,2553.999	326.91263,202.56425,2348.8499	264.9409,237.77596,2418.6567	245.78757,288.9486,2326.5908	214.22803,383.20917,2400.9097	280.73587,289.3425,2474.766	187.48045,471.6462,2455.1235	290.15567,392.17987,2382.6924	245.78757,288.9486,2326.5908	320.90775,491.24377,2339.4893	352.33768,156.16995,2138.3079	348.9931,148.62918,2165.3914	
266.53217,138.96535,2465.309	266.28937,186.91357,2436.8555	237.73402,181.47234,2319.665	283.10767,181.03427,2147.9355	266.28937,186.91357,2436.8555	292.22424,191.85548,2554.046	327.5999,202.54651,2346.77	265.10498,237.53658,2419.5112	245.86533,288.70862,2328.1794	213.76779,382.9025,2400.9714	280.8637,289.0617,2476.1545	189.21194,471.60022,2458.0247	290.99747,391.74115,2384.8274	245.86533,288.70862,2328.1794	320.6155,491.45728,2336.5168	350.97464,154.72687,2135.5796	349.38562,147.20465,2166.5762	
266.81702,138.16995,2472.7085	266.5588,185.79358,2441.0781	237.1178,180.16287,2328.2825	280.3841,180.44925,2141.9517	266.5588,185.79358,2441.0781	293.3992,190.92691,2553.8738	328.78592,204.58218,2353.8743	265.48657,236.24477,2420.5298	245.72887,287.11725,2328.704	213.83975,381.94318,2396.906	281.98624,287.97693,2471.2588	188.09236,470.0522,2456.8816	292.33066,390.84204,2374.631	245.72887,287.11725,2328.704	321.36816,490.43512,2335.6353	354.4592,156.37439,2162.622	344.76804,143.15393,2147.0667	
266.59827,137.9945,2476.8616	266.2041,185.06055,2442.407	234.66176,179.76646,2341.5833	272.1359,180.78668,2133.4192	266.2041,185.06055,2442.407	295.2455,189.93486,2543.2307	330.0371,207.59607,2368.3755	265.37625,235.392,2418.651	244.38484,286.13776,2330.934	213.66043,381.60632,2396.2573	283.63095,287.2758,2458.8555	186.94812,470.1443,2451.4878	293.11902,390.70996,2367.807	244.38484,286.13776,2330.934	321.7858,490.55936,2331.098	358.41534,160.2227,2183.7275	334.74115,139.95639,2123.9753	
265.63782,137.31125,2470.9998	265.67105,184.62134,2440.23	234.05801,179.65593,2338.5137	264.31784,180.23964,2121.71	265.67105,184.62134,2440.23	294.7541,189.18938,2541.9463	332.4683,209.90576,2384.692	265.11618,235.05798,2418.747	244.56705,286.0587,2333.2085	215.35457,381.96347,2398.1992	283.49548,286.7208,2461.3198	189.5523,471.5807,2447.2515	291.63107,389.89282,2384.9678	244.56705,286.0587,2333.2085	320.05344,489.58478,2341.0417	362.5649,164.41483,2205.6543	324.93744,135.22552,2097.2195	
265.28873,136.23318,2476.0593	265.71423,183.61165,2444.4055	233.8653,178.60748,2344.0342	256.79327,179.38199,2109.8457	265.71423,183.61165,2444.4055	295.05078,188.22107,2544.7769	333.5206,213.27084,2397.841	265.39493,233.89801,2420.914	244.88214,284.75473,2334.1267	216.49942,381.69098,2391.907	284.21808,285.5636,2460.7185	188.98482,469.5879,2450.7405	292.56067,388.76608,2383.47	244.88214,284.75473,2334.1267	320.359,488.75226,2338.9685	368.45526,170.01797,2221.3628	315.38892,132.63676,2065.338	
264.51074,134.76138,2478.0884	264.98605,182.43184,2445.619	232.74625,177.44666,2347.3567	249.11641,179.5903,2102.4138	264.98605,182.43184,2445.619	294.7352,187.0319,2543.881	335.46,215.569,2407.4133	264.83673,232.63681,2420.6152	244.21007,283.42123,2333.599	215.99043,380.74353,2388.8154	284.12524,284.33466,2457.624	189.00752,469.2191,2446.079	291.7889,387.69897,2381.1733	244.21007,283.42123,2333.599	319.17752,488.0683,2334.387	375.46185,176.85445,2235.1736	306.50507,131.42911,2041.2202	
264.04428,133.96814,2479.0962	264.5702,181.76254,2446.227	231.8869,176.92824,2350.6365	239.1965,182.47841,2105.1938	264.5702,181.76254,2446.227	294.79526,186.23323,2541.8176	336.36282,217.2741,2421.1926	264.6785,231.90216,2419.8662	244.00638,282.6937,2333.1565	217.68283,380.856,2385.8293	284.54977,283.57648,2453.8542	191.95593,468.90887,2449.5654	292.71942,387.0608,2376.6692	244.00638,282.6937,2333.1565	319.11823,487.46783,2335.365	380.86664,186.13931,2243.115	296.29276,135.06207,2026.4387	
264.0028,134.68306,2479.598	264.783,182.17229,2445.827	231.42302,177.6217,2355.019	230.93228,187.53317,2109.082	264.783,182.17229,2445.827	295.75446,186.39706,2536.6348	337.49036,220.28787,2432.0796	265.06873,232.2772,2418.1167	244.10356,283.13458,2333.044	218.59708,381.81348,2382.9087	285.62228,283.93384,2447.769	193.52133,469.02124,2454.2559	293.04254,387.80713,2368.1646	244.10356,283.13458,2333.044	319.72232,487.8379,2335.2131	385.36014,196.65099,2244.9312	286.75098,141.37668,2010.9766	
263.92447,134.27362,2480.8623	264.41898,181.81891,2445.2502	230.47015,177.34218,2358.8442	224.21832,194.54767,2117.0364	264.41898,181.81891,2445.2502	296.0504,185.99007,2531.6562	336.19946,222.92882,2449.039	264.69583,231.85681,2415.4673	243.29962,282.65512,2331.1204	218.29526,381.2138,2384.492	285.6901,283.61108,2440.2483	193.99896,469.5217,2449.7483	292.3842,387.83,2362.848	243.29962,282.65512,2331.1204	318.4949,487.8646,2334.5017	385.43964,209.69936,2255.7637	278.19058,152.18417,1996.6018	
263.62155,134.05844,2481.4854	263.85153,181.56818,2445.0493	229.26395,177.38821,2363.9475	215.45207,201.99658,2137.508	263.85153,181.56818,2445.0493	296.21826,185.47975,2526.1511	336.14966,226.81174,2457.511	264.21283,231.56364,2414.1348	242.45407,282.4048,2331.9949	219.07863,381.45456,2384.2515	285.78162,283.28857,2434.4456	197.1727,469.74072,2454.1436	292.5802,387.66464,2361.5066	242.45407,282.4048,2331.9949	318.79736,487.4165,2336.768	384.87128,223.22519,2255.869	265.12808,166.97462,1987.1189	
262.3983,134.19037,2481.2886	262.93152,181.78366,2444.933	227.88782,177.98994,2367.6367	208.50552,209.25601,2164.2366	262.93152,181.78366,2444.933	295.82733,185.34485,2522.2295	334.59894,230.03426,2463.237	263.56232,231.75081,2413.3262	241.7843,282.73157,2332.922	219.13303,381.25937,2391.5398	285.73495,283.34415,2430.5164	198.7881,471.3418,2449.57	293.04242,387.80725,2360.1301	241.7843,282.73157,2332.922	317.95578,487.71625,2338.0984	382.25702,237.15523,2260.9622	252.11188,185.3399,1983.6692	
262.17102,134.80362,2482.2185	262.43134,182.22781,2444.5627	226.72073,178.76187,2374.8132	205.40091,217.39803,2198.6248	262.43134,182.22781,2444.5627	296.16068,185.50145,2514.3123	334.1938,233.73405,2461.6296	262.94714,232.145,2411.3154	240.53197,283.14108,2333.984	218.2005,381.72192,2392.3442	285.58752,283.7633,2422.1523	198.62503,471.991,2450.3342	292.77515,388.57938,2353.812	240.53197,283.14108,2333.984	317.7579,488.38693,2335.8604	379.8087,252.3776,2264.8918	237.81703,205.00511,1986.0599	
261.63644,134.51486,2482.6812	261.72284,182.17422,2444.968	225.37358,179.2558,2384.4277	201.62253,226.64279,2226.8115	261.72284,182.17422,2444.968	296.3155,184.95163,2505.5083	333.3182,237.09712,2456.8315	262.16544,232.07098,2411.3765	239.21603,283.15277,2339.5146	219.00392,382.10132,2396.511	285.28354,283.5952,2416.0552	197.9578,471.51498,2456.903	291.6952,388.5349,2355.1287	239.21603,283.15277,2339.5146	318.9015,487.60168,2337.8433	375.84177,266.56564,2267.8184	224.20676,226.60434,1993.2444	
261.32755,134.2419,2481.4202	261.1322,182.00653,2444.9282	224.40518,179.33658,2390.3342	197.1063,233.0319,2257.9119	261.1322,182.00653,2444.9282	296.25482,184.55984,2499.5222	330.62866,240.5402,2459.9414	261.37476,231.90071,2411.1958	237.98822,282.97995,2343.014	219.46411,382.30774,2398.274	284.585,283.43494,2411.9128	197.39757,471.9914,2454.4956	291.70462,388.51202,2350.9678	237.98822,282.97995,2343.014	317.78506,487.38342,2340.751	370.14978,278.4087,2281.9197	210.37956,245.00104,2014.8579	
261.42352,134.591,2482.2937	260.925,182.49425,2446.01	223.97675,179.90683,2395.987	193.98218,236.18854,2288.972	260.925,182.49425,2446.01	296.39227,184.97797,2496.033	327.526,243.6572,2463.9976	260.83173,232.3849,2412.4392	236.93518,283.37787,2347.3035	219.54176,382.40115,2405.9478	283.91315,283.9815,2410.4333	198.20267,472.8397,2455.8875	291.35898,389.09937,2350.1843	236.93518,283.37787,2347.3035	318.2996,487.2568,2345.1892	364.0391,287.1901,2292.3906	198.0572,259.61475,2041.0255	
261.01868,135.53047,2483.2507	260.0238,183.2398,2446.517	222.84723,180.77356,2402.9116	192.04913,237.62419,2317.5176	260.0238,183.2398,2446.517	295.89838,185.61969,2490.1226	323.87717,244.51271,2465.5413	259.4939,233.13199,2412.9028	234.94849,284.02747,2351.7515	218.40392,382.89984,2411.4556	282.4003,284.83102,2406.8257	195.99344,474.1278,2451.6797	290.86688,390.04022,2346.6084	234.94849,284.02747,2351.7515	317.024,488.0569,2346.621	357.27255,293.88763,2308.5154	187.92177,271.35446,2073.8806	
260.84174,135.56818,2482.203	259.53772,183.38428,2446.5137	222.2348,180.93933,2406.848	190.66843,236.98726,2346.2715	259.53772,183.38428,2446.5137	295.65033,185.7512,2486.1794	321.12213,246.8195,2462.2905	258.68637,233.27463,2412.773	233.72131,284.0786,2353.9983	219.00638,382.6845,2418.4114	281.3987,285.0712,2404.0662	196.7179,475.2334,2446.3008	291.1843,390.11786,2349.023	233.72131,284.0786,2353.9983	317.25455,487.96432,2349.9739	352.76746,299.5284,2312.2595	179.36948,280.70218,2127.5007	
260.1032,134.71094,2482.1733	258.6184,183.07823,2447.3494	221.23712,180.74625,2410.825	188.88548,239.11966,2373.6404	258.6184,183.07823,2447.3494	294.90036,185.34163,2483.8738	318.10352,248.2209,2456.6545	257.6137,232.98454,2414.537	232.44432,283.7505,2358.6704	219.00284,382.44592,2422.4233	280.25558,284.77155,2404.7793	196.27861,474.12494,2455.28	290.21774,389.5321,2356.5654	232.44432,283.7505,2358.6704	318.07962,487.36108,2349.269	347.63812,304.7696,2323.4153	174.49406,288.34207,2169.6602	
259.3282,135.07715,2484.1494	257.83447,183.25632,2449.3083	220.41824,181.13272,2415.8032	190.16513,240.404,2404.8176	257.83447,183.25632,2449.3083	294.24088,185.32262,2482.8135	314.8317,247.15944,2455.8289	256.8382,233.13805,2416.8142	231.64871,283.91397,2363.1675	219.71976,383.0939,2422.2773	279.5558,284.83658,2405.4727	195.53717,473.71527,2460.2695	289.72702,389.53778,2357.7715	231.64871,283.91397,2363.1675	318.59894,487.24152,2348.3862	341.6444,305.57697,2326.11	173.09647,290.80606,2202.1082	
258.69064,134.66577,2482.6348	257.32288,182.95274,2450.2402	219.87903,181.13449,2419.005	191.45839,241.62126,2432.8997	257.32288,182.95274,2450.2402	293.8241,184.72522,2481.4756	312.95105,248.16463,2451.414	256.51996,232.87096,2419.3247	231.54042,283.75107,2368.6887	219.20874,382.54657,2428.969	279.45648,284.40643,2408.1296	196.20059,473.65738,2463.7327	289.6054,389.00342,2359.9788	231.54042,283.75107,2368.6887	318.98145,486.20856,2353.1687	338.10242,308.7286,2330.0732	170.47713,294.8764,2244.6848	
258.03555,134.85684,2482.4094	256.41953,183.04512,2451.5833	218.99849,181.40468,2426.721	191.93886,242.68065,2457.4731	256.41953,183.04512,2451.5833	293.08917,184.65262,2476.4456	309.55264,247.6012,2452.2334	255.32529,232.95718,2421.2393	230.031,283.74576,2375.186	217.39775,382.6567,2431.0425	278.06,284.52145,2406.6045	194.97089,474.32715,2461.968	288.09927,389.24597,2357.0984	230.031,283.74576,2375.186	316.97034,486.87836,2348.9072	332.57764,310.53522,2345.0803	169.9144,298.83255,2277.7502	
257.47754,135.65746,2482.7996	255.56473,183.68689,2452.579	218.21097,182.13336,2433.6968	191.71097,244.24475,2474.2637	255.56473,183.68689,2452.579	292.34772,185.21666,2471.4614	307.49292,246.97256,2450.6494	254.09668,233.61188,2423.066	228.46954,284.27158,2381.627	217.23172,383.3872,2434.3308	276.47617,285.2596,2405.4785	194.12357,476.2613,2452.677	286.9206,389.72797,2363.2896	228.46954,284.27158,2381.627	317.7515,487.19678,2347.2583	329.1412,311.31314,2343.5352	167.85628,302.94104,2301.02	
257.01297,135.55707,2490.975	254.83286,183.1361,2456.5151	217.65974,181.8232,2444.156	192.50595,243.5999,2491.6416	254.83286,183.1361,2456.5151	291.6338,184.43585,2468.8743	305.62686,246.3158,2450.8374	253.16528,232.86116,2424.1396	227.36972,283.41226,2383.958	217.20403,383.10178,2430.9185	275.37866,284.44916,2399.5703	194.6886,476.90643,2443.9849	286.9327,388.83365,2362.5925	227.36972,283.41226,2383.958	318.18735,486.70715,2341.179	326.60355,309.8965,2337.8782	169.1503,304.03467,2328.8884	
256.48016,135.91086,2478.1514	253.61479,184.47905,2452.632	216.61171,182.85399,2447.3516	194.3742,243.9954,2510.4424	253.61479,184.47905,2452.632	290.4589,186.09714,2457.9126	304.02295,247.01779,2448.4822	251.0509,234.47182,2426.8916	224.56786,284.6293,2397.8157	215.14609,384.00143,2442.6704	272.23,286.44107,2404.4866	193.94254,477.3448,2458.3333	283.66983,390.13345,2378.6428	224.56786,284.6293,2397.8157	315.58142,487.57175,2351.4429	322.90872,310.98575,2340.1267	169.91376,304.4101,2348.9683	
255.86292,136.3787,2471.6697	253.10043,185.16388,2450.9932	216.13904,183.51868,2448.2798	195.7727,243.25093,2520.7305	253.10043,185.16388,2450.9932	289.98007,186.80545,2453.7065	303.41562,247.86386,2445.749	250.39995,235.29745,2428.5854	223.89925,285.37985,2404.4656	216.32178,385.40796,2440.0193	271.36533,287.34827,2407.89	195.85568,480.08438,2446.261	286.01514,390.4604,2381.7498	223.89925,285.37985,2404.4656	318.87512,487.85486,2349.8345	320.57318,311.5083,2334.7253	170.25073,304.64517,2368.6885	
254.95401,136.21817,2469.9033	252.34543,185.16953,2451.3574	215.42108,183.71289,2450.0679	197.86137,242.98715,2528.8594	252.34543,185.16953,2451.3574	289.23096,186.6246,2452.647	301.29968,247.89864,2441.2104	249.83679,235.34631,2430.19	223.5723,285.50378,2408.2085	216.50458,386.04117,2436.1855	270.97983,287.30542,2409.8364	195.83733,480.41742,2446.1868	286.6406,390.1658,2384.6118	223.5723,285.50378,2408.2085	319.67496,487.94305,2345.7295	318.25925,311.83774,2337.1187	170.4231,304.6786,2380.9048	
254.26186,136.8465,2476.0293	252.07118,185.64188,2454.086	215.22629,184.43588,2454.1165	199.26193,243.76176,2533.4307	252.07118,185.64188,2454.086	288.917,186.84792,2454.0554	299.44534,247.70195,2439.7703	249.75119,235.71175,2430.4072	223.6673,285.9897,2406.7478	216.69788,386.43182,2436.9983	271.1042,287.544,2406.7092	195.82867,481.81354,2437.2878	286.59097,390.4817,2383.827	223.6673,285.9897,2406.7478	320.2077,488.3565,2341.7927	315.2924,312.06744,2340.0981	171.75108,306.3344,2391.907	
253.85184,136.38821,2470.0854	251.71927,185.62823,2452.838	214.87172,184.4839,2453.4182	199.81297,244.25781,2539.7131	251.71927,185.62823,2452.838	288.58426,186.77313,2452.2576	298.2383,247.82803,2437.657	249.54126,235.81213,2432.5095	223.66925,286.09177,2412.5476	216.63496,386.1284,2444.9146	270.99103,287.5922,2411.8147	195.2604,480.77112,2448.0796	286.66656,390.00677,2394.455	223.66925,286.09177,2412.5476	319.19214,488.04028,2348.8801	313.97577,312.16522,2337.3518	171.81938,307.142,2397.7522	
252.54749,136.64087,2475.5996	251.20712,185.62335,2455.6428	214.47012,185.06769,2457.9614	200.57855,244.84375,2541.3503	251.20712,185.62335,2455.6428	288.01355,186.18007,2453.3242	297.19678,248.03532,2437.0574	249.65363,235.70596,2433.005	224.42932,286.3103,2411.8313	217.19595,386.893,2437.397	271.74133,287.14883,2408.9026	196.30292,481.32825,2446.0613	287.57092,389.7884,2389.2349	224.42932,286.3103,2411.8313	320.31137,488.2817,2339.914	312.7249,311.7802,2328.3547	171.89365,307.56686,2402.8032	
252.49355,136.97638,2470.3696	251.29254,186.2243,2454.4114	214.5365,185.85144,2456.8665	201.33105,245.81197,2545.1707	251.29254,186.2243,2454.4114	288.12222,186.5979,2451.9563	296.45462,246.9639,2439.5332	250.06137,236.40613,2434.2158	225.20728,287.1232,2415.5703	216.98508,387.2954,2443.2283	272.44226,287.73236,2412.4702	196.80145,482.4322,2444.8687	287.17712,390.1791,2396.8318	225.20728,287.1232,2415.5703	320.44553,488.29263,2345.4097	310.76642,309.65305,2324.4102	171.88219,307.67255,2404.3313	
252.18393,136.03738,2483.7673	251.09454,184.7955,2460.4731	214.53696,184.6611,2465.1707	201.65498,246.17206,2548.59	251.09454,184.7955,2460.4731	287.79196,184.93042,2455.7756	296.14868,248.69223,2436.2524	249.876,234.69987,2435.3381	225.05206,285.43442,2413.1694	216.3646,385.48334,2443.3699	272.2702,285.8563,2407.2368	195.45343,481.80002,2432.1853	286.71967,388.70892,2388.789	225.05206,285.43442,2413.1694	319.8998,487.32935,2335.5947	310.21045,310.18042,2312.8564	172.02742,307.75284,2410.201	
251.64464,135.70801,2490.481	250.39944,184.32501,2464.5137	214.38461,184.48943,2477.0994	201.78812,246.80025,2549.818	250.39944,184.32501,2464.5137	286.784,184.1589,2451.928	296.3294,249.56975,2433.1443	248.919,234.06514,2436.8418	224.08072,284.72318,2417.1267	216.30827,384.07526,2454.885	270.883,285.1741,2401.2131	194.6481,481.32388,2427.2222	285.03265,388.095,2387.3206	224.08072,284.72318,2417.1267	318.26007,486.47507,2337.7712	309.90274,310.87424,2302.714	171.92506,307.75452,2408.6318	
251.55226,135.51164,2502.7012	250.19614,183.33162,2470.186	214.57365,183.9838,2487.6196	201.78378,246.88295,2551.4126	250.19614,183.33162,2470.186	286.325,182.67017,2452.7524	296.42047,250.7188,2432.045	248.75792,232.76181,2437.6118	224.13705,283.49847,2416.0444	217.3383,383.198,2451.4211	270.63727,283.56384,2394.0303	196.00229,480.64496,2424.3865	285.55807,386.41934,2385.027	224.13705,283.49847,2416.0444	319.1418,484.48648,2339.006	309.8153,311.4565,2289.5144	171.96643,307.67096,2411.4253	
251.45963,136.51315,2499.967	250.23447,184.52075,2469.4143	214.46127,185.04228,2485.0688	201.77383,247.50125,2551.7097	250.23447,184.52075,2469.4143	286.46414,183.99257,2453.7598	296.5772,250.82011,2429.0208	248.86447,234.05873,2438.6323	224.2649,284.79156,2417.7302	217.64804,384.55084,2451.5828	270.84515,284.9356,2397.9705	196.45203,481.0724,2434.435	285.708,387.16418,2397.0208	224.2649,284.79156,2417.7302	318.6806,484.93536,2350.6167	309.77695,311.78406,2280.5376	172.46346,308.13354,2407.8381	
251.30753,137.15945,2490.0654	250.26126,185.46506,2465.5283	214.22293,185.7139,2477.9617	201.714,247.35548,2550.8635	250.26126,185.46506,2465.5283	286.6649,185.2137,2453.095	296.19135,251.34238,2429.4988	248.99216,235.2447,2439.4395	224.41634,285.93512,2421.2007	217.66968,385.93268,2449.9482	271.12686,286.26715,2405.5005	196.09528,481.63547,2440.7896	286.0614,388.54205,2397.863	224.41634,285.93512,2421.2007	318.89697,485.61496,2360.6135	309.7592,312.0299,2275.9622	171.58374,307.29694,2407.5876	
250.33002,137.64389,2494.1008	249.7671,185.85063,2466.931	213.75252,186.43146,2479.5022	202.19238,246.15915,2551.4355	249.7671,185.85063,2466.931	286.15063,185.26384,2454.3596	296.10895,250.77496,2427.7407	248.84532,235.54686,2438.7522	224.59851,286.45093,2418.5098	217.56668,387.02625,2440.7866	271.3594,286.3587,2402.6372	196.15555,482.83405,2434.7805	287.18872,388.9953,2387.9587	224.59851,286.45093,2418.5098	319.2797,487.00467,2348.2395	309.68958,312.06616,2274.5015	172.13835,304.64197,2402.0989	
250.12582,137.70016,2496.1484	249.2878,185.83765,2468.4895	213.5291,186.58018,2484.589	201.72678,247.60002,2548.72	249.2878,185.83765,2468.4895	285.516,185.08536,2452.39	296.10086,250.00311,2430.3728	248.29335,235.4856,2439.631	224.10751,286.38144,2420.94	216.49237,386.79053,2443.5527	270.63895,286.26242,2400.6055	195.35796,481.79428,2444.4385	286.18274,388.78683,2390.6985	224.10751,286.38144,2420.94	318.2592,487.13885,2344.8813	309.74802,312.076,2277.0947	171.41539,305.21072,2392.8623	
250.13272,138.03668,2488.1453	249.17241,186.53581,2465.5	213.35522,187.12973,2481.487	201.40533,248.99902,2547.8655	249.17241,186.53581,2465.5	285.45712,185.93416,2449.513	295.88586,249.48846,2434.1812	248.18964,236.36824,2440.4912	224.061,287.19714,2425.5757	216.92776,387.57776,2446.498	270.50604,287.26828,2405.3892	195.7776,482.83264,2444.0747	286.81406,389.45218,2395.896	224.061,287.19714,2425.5757	318.58835,487.34497,2354.4922	309.7874,312.0032,2277.0876	170.95386,305.9864,2383.3535	
249.77034,137.58565,2484.6516	248.86636,186.2283,2464.0715	213.16823,186.85187,2482.0881	201.77225,247.31631,2551.4343	248.86636,186.2283,2464.0715	285.09036,185.59557,2446.055	294.43503,248.89128,2431.592	247.88867,236.14398,2440.9648	223.86975,286.94403,2429.2346	216.26065,387.47333,2445.578	270.1325,287.08408,2406.4817	195.72806,482.70178,2445.0251	286.87128,389.30658,2394.123	223.86975,286.94403,2429.2346	318.8463,487.58148,2347.9548	310.32434,312.0741,2281.6182	171.8099,304.10757,2391.4177	
249.7324,137.40761,2491.4136	248.6583,185.7716,2466.8218	213.0716,186.51135,2485.8638	202.19882,246.35889,2553.7195	248.6583,185.7716,2466.8218	284.7987,185.02036,2447.7798	293.39835,247.49796,2427.3545	247.58626,235.53357,2440.561	223.48032,286.35806,2426.3235	216.40906,387.3335,2438.7302	269.7318,286.39825,2402.277	195.36722,482.83026,2437.318	287.04822,388.7953,2388.2285	223.48032,286.35806,2426.3235	318.77512,487.27295,2344.0603	310.55072,311.64032,2287.575	173.90018,302.12787,2388.2153	
249.82687,136.94823,2495.783	249.03445,185.27219,2469.545	213.4273,186.1178,2487.789	202.10034,247.23422,2555.3628	249.03445,185.27219,2469.545	285.17163,184.41399,2451.3008	292.6006,247.89525,2428.6758	248.05586,234.91425,2441.3506	223.9951,285.78693,2424.6763	217.2559,387.0428,2434.47	270.33493,285.64502,2401.6362	196.34393,481.23694,2445.931	287.5678,387.75745,2393.5425	223.9951,285.78693,2424.6763	319.12613,485.81754,2352.1306	310.3641,311.6673,2286.2036	173.79427,303.1969,2390.8665	
249.4361,137.08743,2488.4656	248.71484,185.56512,2466.3823	213.0242,186.31305,2484.075	202.18433,247.10513,2556.6853	248.71484,185.56512,2466.3823	284.92126,184.8064,2448.6897	292.21533,246.54185,2428.938	247.83392,235.38011,2441.6638	223.88731,286.2341,2428.1172	216.59879,386.97162,2442.5854	270.1967,286.1938,2405.7734	195.65402,481.73563,2446.1987	286.48102,388.2588,2398.1917	223.88731,286.2341,2428.1172	318.63516,486.23132,2352.4507	310.29688,310.58435,2290.0483	173.25739,302.45688,2390.2856	
249.78308,137.10574,2493.3196	248.646,185.5257,2468.5583	213.037,186.25095,2486.978	201.97539,247.61269,2554.3428	248.646,185.5257,2468.5583	284.7904,184.78954,2450.1387	292.12585,247.41878,2429.4705	247.568,235.23639,2441.811	223.43266,286.03574,2426.6948	216.65376,386.95187,2440.0989	269.7225,286.0608,2403.4326	193.70792,482.1925,2436.088	286.12317,388.3412,2393.4988	223.43266,286.03574,2426.6948	318.6819,486.74097,2343.0317	310.22992,311.199,2287.001	173.58028,303.51773,2390.9766	
249.43207,137.80585,2486.7344	248.40166,186.38995,2465.084	212.82611,187.01494,2484.6494	201.96616,247.41205,2555.1765	248.40166,186.38995,2465.084	284.54645,185.75496,2445.5186	291.98303,246.71675,2428.8694	247.22934,236.24283,2440.3962	223.05676,287.006,2428.0635	216.46692,387.95764,2440.3247	269.2456,287.22446,2403.3535	194.02719,482.5498,2443.254	285.7789,389.4397,2394.4214	223.05676,287.006,2428.0635	318.7766,487.62445,2344.5527	310.28937,310.78268,2289.3062	173.31445,302.3609,2390.4644	
249.36212,137.3707,2484.9373	248.29529,186.19681,2464.6028	212.82602,186.93645,2485.6792	201.7549,247.20374,2553.586	248.29529,186.19681,2464.6028	284.37646,185.44443,2443.5264	292.3327,247.1583,2426.434	247.2023,236.07278,2440.3184	223.1821,286.8773,2429.3433	216.25682,387.88275,2439.7566	269.24634,287.0263,2402.7246	194.47733,482.32755,2445.692	286.3735,389.21442,2392.9673	223.1821,286.8773,2429.3433	320.39957,487.27127,2340.647	310.21503,311.31644,2287.1436	173.3137,301.48834,2390.4668	
248.82196,137.90514,2484.0403	247.92075,186.59529,2463.7664	212.27808,187.11789,2482.56	200.82329,250.06248,2544.7896	247.92075,186.59529,2463.7664	284.11133,186.06467,2444.9727	292.52905,247.49266,2427.2122	246.70361,236.50497,2439.926	222.4596,287.24432,2427.954	215.4151,388.3538,2437.5757	268.69244,287.55646,2404.2173	194.16568,483.07227,2443.0337	286.23032,389.71027,2392.6055	222.4596,287.24432,2427.954	318.96088,488.0458,2343.1055	310.14636,311.80118,2288.433	173.57394,306.18726,2388.314	
