308.7143,126.282364,2501.952	307.724,173.34512,2469.6643	272.05676,173.84566,2489.931	252.33243,228.30545,2416.6228	307.724,173.34512,2469.6643	343.98148,172.83632,2449.3977	365.2991,226.68216,2390.5366	306.56244,222.21165,2438.994	282.2962,272.12534,2421.0793	286.42264,372.0774,2440.9316	328.69208,272.5224,2395.5676	280.69717,470.75403,2414.2935	328.94656,373.58884,2415.4885	282.2962,272.12534,2421.0793	335.8087,473.05853,2391.5205	320.2862,189.02295,2248.342	275.99075,208.03395,2181.1511	
308.91028,126.11344,2499.4102	307.92914,173.24051,2467.013	272.08722,173.60532,2484.4023	255.61441,226.87184,2392.3132	307.92914,173.24051,2467.013	344.27997,172.87054,2449.6235	365.5461,226.8341,2389.771	306.8347,222.17938,2436.7397	282.5327,272.13675,2417.4143	285.28497,371.74725,2444.9636	329.10455,272.5643,2395.5188	282.17343,471.18353,2406.9556	328.37946,373.13297,2422.614	282.5327,272.13675,2417.4143	335.72308,473.22217,2386.1497	321.7027,189.86346,2239.9966	279.43048,203.93283,2156.5728	
308.9813,125.66071,2490.6409	308.01575,173.19243,2462.1726	272.0289,173.39609,2477.946	256.14795,225.89037,2378.66	308.01575,173.19243,2462.1726	344.46667,172.98616,2446.3992	365.1958,226.99492,2382.3809	306.93826,222.36499,2435.5464	282.63947,272.34775,2418.849	285.24277,371.04962,2457.973	329.22647,272.90372,2398.9912	281.87878,471.164,2401.0525	328.02808,373.51257,2423.492	282.63947,272.34775,2418.849	335.45178,473.17468,2392.249	322.44785,190.33441,2227.495	280.80246,203.04504,2145.5295	
309.08325,125.99272,2486.2502	308.08084,173.5434,2457.037	271.98126,173.85123,2472.016	252.37143,226.09692,2387.3289	308.08084,173.5434,2457.037	344.62326,173.23183,2442.058	364.97662,227.44864,2381.1943	307.21817,222.84131,2430.6816	283.0708,273.02905,2413.7551	285.96234,372.4607,2445.6587	329.78555,273.41245,2394.8972	281.63647,472.1216,2403.1453	327.96246,374.64154,2412.413	283.0708,273.02905,2413.7551	336.08084,474.25287,2387.0435	324.19586,191.42978,2219.2686	278.97247,206.28384,2155.3945	
308.90933,125.97605,2475.0547	307.91458,174.08301,2451.3142	271.72528,174.36829,2466.1807	251.24118,225.67258,2384.165	307.91458,174.08301,2451.3142	344.54553,173.79424,2436.4478	365.5292,227.29733,2377.5957	307.19363,223.68176,2430.8433	283.24756,273.91913,2419.7307	285.18405,373.25558,2449.8945	329.85425,274.32846,2401.014	282.2914,471.92276,2419.3394	327.81238,375.0783,2421.8591	283.24756,273.91913,2419.7307	335.31287,474.04214,2400.2234	326.5185,190.96599,2212.5935	279.22568,206.54955,2149.6418	
309.2999,125.82566,2469.9548	308.18835,174.18669,2447.214	271.8796,174.3505,2460.652	254.4589,225.81958,2362.0823	308.18835,174.18669,2447.214	344.89807,174.02109,2433.7761	366.56036,226.73003,2374.2952	307.46252,223.94788,2429.2456	283.48636,274.20502,2419.737	285.56293,374.1427,2440.9292	330.129,274.69812,2402.8171	282.62717,472.88193,2414.8633	327.87387,375.86273,2415.9275	283.48636,274.20502,2419.737	335.51935,474.8203,2397.2515	328.8965,190.7932,2199.639	280.91827,203.58597,2120.3855	
309.11703,125.26855,2468.4062	308.0467,173.37643,2445.281	271.62134,173.41418,2456.2957	255.72287,225.86742,2346.541	308.0467,173.37643,2445.281	344.80164,173.33836,2434.2664	366.3298,226.69383,2373.6475	307.32462,223.21132,2428.5933	283.30847,273.4722,2418.8403	284.881,373.44128,2440.5737	330.01093,274.00092,2404.9707	282.8049,472.88068,2406.073	327.98248,375.3542,2413.8403	283.30847,273.4722,2418.8403	334.83755,474.67087,2392.6606	331.08246,190.39447,2187.6516	281.50137,202.49078,2098.4849	
308.5027,123.82166,2450.133	307.39258,172.9502,2436.2861	270.84525,172.90022,2447.5952	256.8044,225.75978,2336.7798	307.39258,172.9502,2436.2861	344.28076,173.00061,2424.977	365.89368,226.904,2371.314	306.73474,223.1142,2429.023	282.89328,273.25247,2428.8787	284.9958,373.43518,2440.3362	329.3893,273.90765,2414.6409	282.10333,471.1792,2425.3538	327.5747,375.38416,2414.2493	282.89328,273.25247,2428.8787	334.23862,473.67792,2404.1934	332.3252,191.31494,2178.9658	282.94568,202.78394,2084.513	
308.7142,123.22546,2432.9968	307.46097,172.92831,2426.8389	270.73074,172.61142,2436.9329	256.77872,225.53117,2324.9087	307.46097,172.92831,2426.8389	344.49802,173.24786,2416.7449	367.17267,227.00267,2367.6392	306.6666,223.35977,2427.8408	282.73724,273.2869,2435.1975	284.6378,374.22003,2426.9636	329.1299,274.21478,2422.488	282.79196,471.51196,2423.568	328.24847,376.3145,2401.1865	282.73724,273.2869,2435.1975	334.36508,473.88617,2404.3342	332.82684,195.27731,2166.5513	285.03705,203.18863,2070.1992	
307.9394,123.67517,2424.9277	306.56693,173.43591,2419.211	269.71057,173.04926,2428.9167	255.93054,225.7996,2319.957	306.56693,173.43591,2419.211	343.72018,173.82568,2409.5051	366.9587,227.17178,2366.3184	305.77353,224.0629,2424.0977	281.8446,273.9898,2435.0942	283.8523,375.5894,2413.0212	328.23877,274.98502,2422.8745	280.39383,473.65424,2407.4548	327.79877,377.92053,2377.0066	281.8446,273.9898,2435.0942	333.59363,474.2019,2400.8745	333.05695,206.66043,2151.5781	285.11777,207.10326,2058.7014	
307.1191,124.149,2412.3918	305.83347,174.1181,2408.738	268.8594,173.7477,2419.5002	255.13516,228.2754,2312.9785	305.83347,174.1181,2408.738	343.1394,174.49182,2397.9758	365.6972,228.45554,2362.658	305.1272,224.96931,2417.706	281.28687,274.93073,2433.4492	283.53427,376.94434,2404.3013	327.69498,275.96152,2419.899	279.69852,475.61194,2396.395	328.59583,379.5938,2351.63	281.28687,274.93073,2433.4492	333.69507,474.41754,2396.142	331.92236,221.20139,2140.3494	285.86786,213.94759,2048.3054	
306.7481,126.974014,2391.1257	305.32962,177.57245,2393.944	268.20187,177.11288,2406.4233	255.2138,232.1528,2312.9985	305.32962,177.57245,2393.944	342.8465,178.0368,2381.4648	365.27878,232.12886,2356.322	304.65326,228.65604,2409.4058	280.8682,278.47415,2432.7239	281.1851,381.14487,2387.6409	327.25317,279.7062,2417.011	280.875,478.7373,2396.8877	328.69263,383.8999,2331.6357	280.8682,278.47415,2432.7239	333.86816,477.6343,2390.2556	329.9708,240.76329,2141.3154	286.149,221.47385,2042.2534	
305.8164,132.70743,2373.4885	304.38507,183.09196,2380.2383	267.17706,182.58794,2395.5007	252.496,237.72574,2333.5022	304.38507,183.09196,2380.2383	342.07336,183.6025,2364.9758	364.54865,238.48877,2342.152	303.8691,234.30539,2402.2375	280.30893,283.87625,2433.8462	278.97253,387.14893,2368.4492	326.59958,285.30807,2414.6274	280.93784,482.27948,2404.3179	329.4711,389.93893,2311.177	280.30893,283.87625,2433.8462	332.8792,480.9439,2393.1528	328.06528,259.88562,2140.5508	282.42548,236.80214,2068.0044	
305.16473,140.57962,2357.1726	303.7292,190.67296,2366.7522	266.5078,190.02505,2385.7087	249.8828,244.29192,2338.2583	303.7292,190.67296,2366.7522	341.5516,191.33133,2347.7957	363.47305,247.0267,2326.5684	303.26294,242.00162,2392.8772	279.81055,291.3226,2430.9385	276.976,395.32773,2340.3416	326.03104,293.12946,2407.066	281.79514,486.4725,2410.7979	329.97797,398.52884,2293.309	279.81055,291.3226,2430.9385	332.85178,487.01123,2393.7798	326.6421,279.82556,2141.4695	278.89282,248.80556,2080.6646	
304.42926,151.32793,2334.5134	303.08295,201.78882,2351.8035	265.74023,200.91467,2372.7395	248.05746,252.53293,2331.64	303.08295,201.78882,2351.8035	341.09653,202.67865,2330.8674	361.04907,259.70914,2312.7703	302.77472,253.01534,2385.202	279.5425,301.7426,2431.779	275.8736,405.4879,2320.6382	325.65878,303.92343,2405.4216	283.13748,492.14386,2421.651	330.51553,408.99686,2292.02	279.5425,301.7426,2431.779	332.90363,493.61157,2412.5115	324.0346,300.72385,2131.7341	277.1644,261.07245,2083.9875	
303.65582,163.2537,2315.68	302.51364,214.06032,2339.1814	265.09946,213.02423,2362.2314	247.66432,263.7497,2313.3203	302.51364,214.06032,2339.1814	340.67255,215.11703,2316.1313	358.70444,273.83295,2298.3735	302.5541,264.98807,2379.9033	279.74646,312.973,2435.1345	275.3268,417.44904,2312.5076	325.71545,315.4465,2406.116	285.30316,501.33365,2428.3347	330.76843,421.3948,2290.1436	279.74646,312.973,2435.1345	331.75223,500.95746,2434.0913	321.33307,321.15118,2118.7905	277.94495,272.40384,2069.6099	
303.06012,175.35048,2305.765	301.9858,226.68787,2329.7505	264.42963,225.52834,2352.9263	247.93631,277.04938,2295.657	301.9858,226.68787,2329.7505	340.2967,227.8707,2306.5747	357.45267,288.13385,2279.183	302.1311,277.51053,2372.3008	279.37518,325.23575,2429.4385	274.62057,430.24084,2299.512	325.44568,327.86447,2400.2637	287.29138,509.24713,2438.8232	330.9939,434.39496,2283.063	279.37518,325.23575,2429.4385	329.25085,509.75723,2444.8	319.69058,339.73392,2095.4087	279.45248,281.93158,2056.0764	
303.0403,184.68404,2294.3271	302.0539,236.42036,2321.122	264.35803,235.1276,2344.3054	249.293,288.92612,2281.3442	302.0539,236.42036,2321.122	340.5103,237.73923,2297.9387	358.08966,299.3778,2262.107	302.1446,287.28348,2363.4556	279.248,334.96582,2420.3826	276.3172,441.38586,2303.4395	325.49673,337.76434,2391.1956	287.99814,515.94104,2461.6536	330.8685,445.38232,2288.108	279.248,334.96582,2420.3826	327.29346,514.96594,2471.5454	318.4238,349.9879,2069.9294	280.72363,290.63773,2042.5933	
303.22433,191.63232,2296.091	301.87387,243.36789,2316.6309	264.0901,242.03053,2339.5615	248.67804,297.10272,2273.1729	301.87387,243.36789,2316.6309	340.41312,244.732,2293.7002	358.3933,308.16797,2239.5498	301.61102,294.72687,2350.7017	278.07034,343.1824,2399.2666	272.18176,451.49118,2215.2585	324.92572,346.07187,2370.2783	0.0,0.0,0.0	331.89032,453.98718,2293.6045	278.07034,343.1824,2399.2666	334.06525,541.65845,2361.1602	316.02814,354.77866,2036.5854	279.23804,297.13904,2033.827	
303.5041,194.46162,2296.4731	302.09396,246.37363,2314.063	264.23404,245.07579,2336.498	249.93304,300.3641,2258.0876	302.09396,246.37363,2314.063	340.69516,247.69687,2291.628	360.0681,313.5863,2222.7695	301.65622,298.07898,2342.7905	277.87485,347.1257,2385.6516	272.8681,455.61652,2179.0325	324.86334,349.95453,2357.3845	0.0,0.0,0.0	330.92108,460.83167,2235.7183	277.87485,347.1257,2385.6516	0.0,0.0,0.0	315.8655,352.00864,2009.9585	281.6564,295.58368,2021.6681	
304.26974,193.77574,2296.163	302.79663,245.19397,2312.6829	265.00574,243.93445,2336.723	245.58888,301.13464,2278.0447	302.79663,245.19397,2312.6829	341.38147,246.47995,2288.6428	357.15863,315.5819,2213.3787	302.4633,296.9666,2341.4082	278.83582,346.05853,2385.2673	275.78894,454.64703,2182.473	325.7397,348.9284,2354.9998	0.0,0.0,0.0	330.66275,460.26,2199.061	278.83582,346.05853,2385.2673	0.0,0.0,0.0	316.46664,337.4197,1982.8862	276.77844,293.76474,2042.7075	
304.83832,188.9094,2297.0151	303.37277,240.5299,2313.1086	265.76624,239.21269,2339.884	240.8417,297.02155,2296.5256	303.37277,240.5299,2313.1086	341.86017,241.87799,2286.3333	359.97986,308.7088,2202.1938	302.9271,292.4469,2340.2192	279.25998,341.63507,2384.188	276.02298,450.31708,2192.1208	326.05646,344.7366,2350.4717	0.0,0.0,0.0	328.60275,455.9929,2184.7505	279.25998,341.63507,2384.188	0.0,0.0,0.0	318.9467,318.42352,1968.9418	271.00537,287.02625,2064.2124	
305.7843,180.05792,2311.4456	304.03543,231.04524,2318.8103	266.8231,229.8102,2349.888	238.96051,289.8433,2312.2703	304.03543,231.04524,2318.8103	342.25876,232.31384,2287.7327	366.20398,294.78348,2185.6082	303.3965,283.17914,2340.6738	279.66275,332.73215,2382.1082	276.32272,441.0617,2198.7163	326.26218,335.99106,2342.9666	0.0,0.0,0.0	328.6072,447.1072,2188.5684	279.66275,332.73215,2382.1082	0.0,0.0,0.0	324.08664,290.50168,1964.2548	268.059,276.89407,2078.4282	
306.6247,168.939,2318.6558	304.81833,220.20813,2322.607	267.96283,219.06647,2357.6719	238.99649,277.7652,2326.1382	304.81833,220.20813,2322.607	342.80374,221.38481,2287.542	371.1529,275.3071,2168.8096	304.0909,272.42468,2342.9753	280.4532,322.07245,2385.4224	276.61105,429.7693,2214.608	326.73117,325.4414,2341.2651	0.0,0.0,0.0	329.41486,436.0017,2204.905	280.4532,322.07245,2385.4224	0.0,0.0,0.0	327.9156,260.8254,1962.7942	266.5024,262.5787,2089.3408	
307.96188,153.73383,2329.7515	305.98538,204.51567,2331.2686	269.03424,203.5547,2363.5664	238.40094,263.78104,2343.5627	305.98538,204.51567,2331.2686	343.97476,205.50363,2298.9707	375.5652,253.53287,2169.4001	305.08688,256.70792,2350.6582	281.2196,306.5675,2390.3782	276.0496,413.29645,2236.6165	327.58426,309.55038,2349.7175	0.0,0.0,0.0	330.7798,418.708,2232.0544	281.2196,306.5675,2390.3782	0.0,0.0,0.0	330.4693,234.25348,1973.6393	265.3741,247.34915,2101.1675	
308.83972,137.21436,2335.306	306.99402,188.20282,2338.555	270.08347,187.41441,2370.1272	238.1906,246.67883,2361.7778	306.99402,188.20282,2338.555	344.91486,189.01282,2306.9827	377.54337,233.53635,2183.2065	305.99835,240.37698,2357.6082	282.05682,290.3654,2396.5352	275.83978,396.1961,2271.6328	328.3677,293.08655,2356.7876	0.0,0.0,0.0	332.25098,400.84744,2264.662	282.05682,290.3654,2396.5352	0.0,0.0,0.0	332.27002,212.29175,1988.9177	265.0972,232.50417,2117.1277	
309.57483,120.13647,2346.082	307.87592,171.10275,2346.7798	270.94055,170.65007,2376.4214	240.03143,230.12582,2377.8958	307.87592,171.10275,2346.7798	345.75626,171.56702,2317.1382	378.22433,214.35416,2206.5945	306.755,223.27953,2360.353	282.56815,273.7673,2392.5876	273.29065,382.5586,2320.499	329.09137,275.9693,2355.265	264.29352,486.88376,2277.42	334.8758,382.62268,2289.585	282.56815,273.7673,2392.5876	0.0,0.0,0.0	332.9124,196.11884,2003.625	266.2323,219.03574,2127.9856	
309.9717,105.67337,2350.465	308.58673,156.19547,2351.9456	271.49026,155.83066,2377.8716	244.53445,213.1572,2388.9421	308.58673,156.19547,2351.9456	346.5102,156.56839,2326.0195	378.45792,199.3759,2241.7915	307.32248,208.34875,2363.1272	282.85284,259.0734,2390.6343	268.44586,363.18884,2366.1572	329.6089,260.96124,2357.9834	254.74426,466.63495,2293.744	341.61432,367.59512,2331.0469	282.85284,259.0734,2390.6343	345.51608,471.7085,2287.927	335.70175,184.07823,2025.8966	269.5286,205.64177,2126.4739	
310.17484,92.22313,2352.6829	308.98282,143.12494,2356.0825	271.7061,143.03618,2377.8735	252.68063,200.8029,2382.4902	308.98282,143.12494,2356.0825	346.95554,143.21533,2334.2915	377.10236,186.50117,2271.914	308.05212,195.259,2366.847	283.79932,246.26985,2391.3333	263.98923,347.11914,2392.5266	330.73123,247.57976,2363.8894	244.62408,443.82037,2324.557	349.18835,351.05386,2349.32	283.79932,246.26985,2391.3333	358.16052,453.98834,2305.6228	337.41992,176.1857,2042.9292	276.62518,195.95541,2109.4448	
310.11633,81.018265,2353.3076	309.4726,132.21213,2359.6006	272.06665,132.66077,2378.0742	260.02084,191.07797,2378.7725	309.4726,132.21213,2359.6006	347.46887,131.75641,2341.127	376.27335,180.11293,2293.5002	309.32858,184.33472,2371.2998	285.79895,235.72215,2394.6304	258.63705,333.3623,2410.7036	332.80246,236.17102,2371.3677	230.48041,425.19305,2354.2092	355.8394,337.41434,2365.925	285.79895,235.72215,2394.6304	372.48608,437.61346,2311.816	338.1729,170.46863,2058.8926	282.69446,188.01443,2097.6538	
309.9979,72.59897,2346.6929	310.67853,124.105736,2358.8816	273.02658,125.34432,2371.5425	262.79514,182.51375,2359.96	310.67853,124.105736,2358.8816	348.73688,122.85378,2346.2207	374.56128,172.8057,2311.388	311.86987,176.28914,2373.435	289.5588,228.26353,2395.9653	253.99748,322.76373,2413.3423	336.69196,227.40657,2380.0117	215.69803,409.91104,2373.7505	363.5846,327.24927,2369.761	289.5588,228.26353,2395.9653	389.7167,426.7915,2319.2825	338.37512,169.40842,2070.9502	289.56186,180.27959,2090.4834	
309.79572,66.0125,2336.3184	311.1862,117.73298,2354.115	273.3025,119.3811,2362.266	263.78497,177.01276,2343.505	311.1862,117.73298,2354.115	349.33313,116.0734,2345.9639	373.2932,169.09366,2333.263	313.15274,170.07881,2372.6414	291.57248,222.41377,2396.2986	245.84714,312.13422,2411.7336	338.7063,220.80977,2386.0369	194.34477,395.52512,2389.4207	370.72757,319.0999,2357.2983	291.57248,222.41377,2396.2986	405.87625,419.10962,2312.7532	340.12308,171.95093,2090.3398	293.3576,176.3055,2083.1514	
309.5764,63.062714,2316.5898	311.33554,115.71019,2345.038	273.25003,117.549614,2351.8425	263.46387,174.26099,2331.7388	311.33554,115.71019,2345.038	349.64273,113.86007,2338.2336	370.06165,168.41019,2345.6628	313.717,168.25209,2372.9556	292.60248,220.5189,2405.1543	243.00967,308.10522,2421.0913	339.56747,218.62187,2396.5918	185.52516,391.55127,2401.8347	371.80432,316.58575,2359.55	292.60248,220.5189,2405.1543	413.67514,420.15503,2302.8896	341.00858,174.6923,2101.2507	295.62427,174.31863,2083.386	
310.14972,63.182816,2292.721	311.82678,116.47313,2333.5396	273.49893,118.09328,2339.1147	264.40335,174.04901,2314.8884	311.82678,116.47313,2333.5396	350.3382,114.8452,2327.9644	368.67587,171.24391,2347.3184	314.04547,169.14603,2372.0269	292.81348,220.97426,2414.023	243.31628,308.83167,2423.524	339.64136,219.29712,2407.0054	185.08182,395.5031,2389.3325	369.4109,317.69812,2351.4294	292.81348,220.97426,2414.023	415.0013,426.18896,2279.0881	342.4146,180.30437,2104.6848	296.93237,176.00626,2076.0417	
310.84143,66.57274,2274.2913	312.6912,120.277695,2321.2466	274.1696,121.99811,2327.3472	263.68454,175.9622,2297.9438	312.6912,120.277695,2321.2466	351.41586,118.548225,2315.146	367.7391,175.27505,2336.6704	315.11627,172.9915,2367.8079	294.1047,224.55014,2418.209	247.7594,314.6154,2412.6936	340.86533,222.79134,2410.5293	191.98361,409.5938,2365.4255	366.81802,322.17685,2341.8677	294.1047,224.55014,2418.209	407.24408,426.5349,2263.725	342.54987,187.94199,2096.8691	299.90073,177.34595,2069.704	
312.2704,73.170364,2257.5847	313.92947,126.75323,2308.9714	275.15976,128.29758,2313.8545	263.88193,181.25677,2281.9822	313.92947,126.75323,2308.9714	352.86353,125.20233,2304.0884	369.15576,180.44257,2323.3303	316.16507,179.379,2363.0146	294.9613,230.45024,2420.1318	252.39789,323.04697,2387.54	341.69955,228.85063,2413.984	207.43178,417.2577,2366.1787	361.765,329.38174,2330.5525	294.9613,230.45024,2420.1318	394.6903,433.10138,2259.4617	342.8045,196.80399,2088.3633	301.13837,183.53336,2055.962	
313.53528,83.33386,2230.7317	314.7818,136.98265,2293.9897	275.76303,138.26294,2299.4214	261.79544,189.34064,2272.037	314.7818,136.98265,2293.9897	353.98578,135.69629,2288.558	371.80313,188.70374,2303.1406	316.80164,188.9989,2360.7798	295.47205,238.77292,2430.989	258.04852,333.57776,2376.6091	342.01416,237.53113,2424.1506	224.58023,429.31024,2365.9087	356.42535,338.44446,2320.2285	295.47205,238.77292,2430.989	380.3879,442.49564,2264.1772	342.0063,209.44014,2075.562	299.51306,192.61603,2047.5962	
315.4963,96.98375,2209.845	315.8433,150.17358,2278.6223	276.7025,150.6118,2288.2834	261.9505,201.14674,2258.1643	315.8433,150.17358,2278.6223	355.31738,149.73163,2268.9612	373.68997,199.47693,2276.5244	317.21255,201.4856,2355.1313	295.37784,249.5796,2437.7175	263.68616,345.57364,2349.089	341.72925,249.55763,2425.5632	241.1636,443.31073,2349.7637	349.5,348.58704,2291.7175	295.37784,249.5796,2437.7175	366.30542,452.71423,2262.1897	340.23477,224.6225,2058.919	298.73703,204.41855,2029.8533	
316.2661,114.42139,2187.4102	315.93872,167.53348,2263.4177	276.70514,166.81535,2276.7334	262.15225,214.78806,2241.2476	315.93872,167.53348,2263.4177	355.6367,168.2601,2250.102	372.24042,212.4552,2251.7163	316.49805,217.80902,2348.8828	294.03403,263.80142,2442.7158	268.03064,358.61072,2322.2466	340.1607,265.3126,2425.98	256.40936,457.0335,2339.4197	342.27292,361.2921,2266.3442	294.03403,263.80142,2442.7158	354.6484,464.37115,2265.248	337.60663,242.09769,2040.6735	298.29324,218.70126,2010.2214	
317.7848,134.63452,2163.2024	316.6215,187.07562,2247.4006	277.44815,184.92355,2266.1226	262.482,231.59462,2226.2957	316.6215,187.07562,2247.4006	356.453,189.26385,2228.6787	371.85895,230.42427,2224.3247	316.42505,236.16876,2340.2856	293.3799,279.80212,2444.9612	272.5471,374.03635,2287.7712	339.32993,283.24194,2421.3801	269.04785,471.15906,2331.0842	337.6611,377.14572,2234.3198	293.3799,279.80212,2444.9612	350.0985,477.25775,2268.699	334.523,264.28613,2024.9066	296.98334,235.47896,1989.8992	
318.2289,155.47728,2146.0989	316.18884,207.3284,2236.2654	277.20618,203.65013,2259.6655	263.80634,250.10342,2209.26	316.18884,207.3284,2236.2654	355.99597,211.08446,2212.8652	370.79144,250.44043,2202.1868	315.185,255.38696,2332.925	291.5938,296.92566,2444.3105	274.6498,389.67426,2246.2822	337.20468,302.35034,2414.859	274.1554,482.5899,2328.498	335.09995,395.28436,2202.0918	291.5938,296.92566,2444.3105	348.10678,489.82086,2279.081	331.09897,284.90094,2008.3599	297.05417,251.44337,1964.6759	
318.57535,175.5881,2118.9956	316.24542,225.74118,2222.1655	277.17676,220.92737,2246.9282	263.9265,269.8186,2189.7026	316.24542,225.74118,2222.1655	356.19464,230.66348,2197.4028	371.19174,274.8707,2178.5657	314.6667,272.477,2324.5784	290.61035,311.9087,2442.5837	275.32596,397.26154,2194.8074	336.12448,318.67188,2411.3987	278.2252,481.46576,2332.6985	334.06357,401.46533,2157.2837	290.61035,311.9087,2442.5837	346.6924,488.35638,2284.0242	323.95102,305.35318,1993.925	296.29874,267.75986,1939.1869	
318.3165,192.59468,2105.4285	315.77505,241.70264,2212.0115	276.55402,236.28839,2236.643	264.00232,287.6635,2170.8547	315.77505,241.70264,2212.0115	355.8794,247.23882,2187.38	371.1708,297.33844,2158.7861	313.73584,287.88892,2314.8145	289.1995,326.45068,2433.1228	274.13333,403.39258,2160.265	334.83334,333.8916,2402.112	278.77753,482.72287,2328.2185	333.26447,406.90805,2126.6726	289.1995,326.45068,2433.1228	345.75665,490.00412,2278.4185	317.56238,319.97583,1984.4885	297.56778,283.073,1920.312	
318.30988,207.22014,2098.6575	316.11887,256.117,2203.163	276.44147,251.47084,2224.6216	265.08386,303.16608,2159.5	316.11887,256.117,2203.163	356.57678,260.85458,2181.7046	369.93994,315.95648,2144.8525	314.3117,302.81207,2299.8726	289.79358,342.56137,2409.9849	274.53543,408.32565,2135.7388	335.76434,348.95148,2383.1792	281.47192,484.22064,2322.6375	335.20737,411.2032,2103.3386	289.79358,342.56137,2409.9849	345.8255,491.3437,2273.3992	311.7149,331.61215,1981.8147	299.57422,296.16302,1909.2756	
317.36972,217.87823,2090.266	315.59097,266.38074,2197.2573	275.67355,262.1551,2217.4114	264.79596,315.6449,2153.7546	315.59097,266.38074,2197.2573	356.24747,270.68463,2177.1033	368.63852,330.5274,2136.9412	314.24814,312.69202,2294.6611	289.9477,352.3215,2404.7024	273.96274,407.123,2140.0703	336.3267,358.1729,2379.4275	282.40833,480.4228,2338.8643	334.3631,409.58618,2102.9382	289.9477,352.3215,2404.7024	344.4486,485.7953,2291.3604	308.6459,338.34125,1982.7031	299.75665,309.70834,1901.588	
316.55847,227.44199,2086.063	315.15723,275.58957,2194.623	275.16925,271.33762,2214.593	261.92715,324.9487,2168.8813	315.15723,275.58957,2194.623	355.8796,279.91962,2174.653	367.4829,340.73294,2143.4724	313.76337,321.9455,2289.7288	289.28696,361.6706,2397.381	273.52307,412.0273,2129.3445	335.91974,367.56873,2372.2878	282.19775,483.253,2337.012	332.6186,414.14423,2087.1956	289.28696,361.6706,2397.381	343.72098,486.73337,2290.7654	306.86572,344.9193,1988.8328	299.7958,321.02356,1918.6516	
315.54306,232.2195,2088.9626	314.53455,280.07428,2197.2075	274.48865,276.15106,2215.7468	259.30063,331.15918,2175.9402	314.53455,280.07428,2197.2075	355.262,284.06427,2178.6682	365.0778,347.4902,2150.7444	313.39355,326.0642,2293.1848	289.10944,365.65308,2400.8225	270.8769,382.19727,2070.2585	335.8069,371.0918,2377.5017	281.36102,458.04913,2277.8696	329.5739,384.37836,2039.9875	289.10944,365.65308,2400.8225	341.0852,461.84692,2241.6863	305.53214,346.93036,1989.8542	300.22,327.72177,1928.563	
314.9563,232.72179,2096.4138	314.16684,280.99326,2200.5342	274.09406,277.57062,2218.1167	262.44434,333.6782,2177.5015	314.16684,280.99326,2200.5342	354.88516,284.471,2182.9517	367.83826,351.7511,2153.9822	313.24512,327.76288,2290.903	289.0214,368.56964,2392.3362	274.4411,355.29016,2049.8145	335.9835,373.41833,2370.2078	280.836,441.15454,2225.8098	326.81158,361.67502,2019.6693	289.0214,368.56964,2392.3362	339.82742,447.53424,2195.4363	307.70078,344.8513,2000.8418	302.42834,329.8165,1924.7578	
314.4038,227.2668,2112.13	314.23886,276.79242,2208.6108	274.3524,273.79883,2227.584	267.2241,331.33984,2191.2837	314.23886,276.79242,2208.6108	354.81656,279.8379,2189.6377	370.53967,352.57202,2159.642	313.62234,324.91666,2289.4546	289.57877,367.53024,2382.2402	279.01114,331.57376,2050.4175	336.75476,372.0086,2358.3564	282.30612,423.90265,2203.3271	326.92245,337.69852,2021.4646	289.57877,367.53024,2382.2402	339.4676,430.6038,2171.5178	0.0,0.0,0.0	303.95187,326.3946,1925.9119	
314.4366,220.8373,2120.4968	314.4319,270.79984,2216.0369	274.65125,267.98605,2234.7434	255.46167,328.65222,2204.9626	314.4319,270.79984,2216.0369	354.88983,273.66153,2197.3303	370.83316,345.9206,2170.1519	313.86386,319.2024,2295.5522	289.8961,362.2442,2386.842	278.04468,316.70947,2054.8228	337.00528,366.50482,2363.2932	281.7638,410.4925,2205.8083	325.4048,318.41428,2039.4799	289.8961,362.2442,2386.842	338.05164,414.40353,2176.342	0.0,0.0,0.0	299.28583,323.25134,1962.152	
314.3845,212.62933,2129.6758	314.39667,263.31094,2223.6196	274.81287,260.56848,2243.541	245.01111,326.50388,2218.7197	314.39667,263.31094,2223.6196	354.69614,266.103,2203.6982	370.5064,337.97336,2180.493	313.93787,312.02838,2301.6519	290.14462,355.43768,2392.2246	278.28107,306.46805,2055.0537	337.12125,359.68628,2367.1436	281.54858,401.79446,2201.911	325.87878,305.2418,2046.2793	290.14462,355.43768,2392.2246	337.44476,403.9751,2171.041	0.0,0.0,0.0	0.0,0.0,0.0	
314.33807,203.60663,2140.283	314.35358,255.73357,2232.3982	274.7801,253.71983,2250.0383	242.17831,317.73343,2234.3884	314.35358,255.73357,2232.3982	354.55743,257.7794,2214.758	369.73697,329.28983,2192.631	314.41867,304.4909,2310.7769	291.12103,348.42413,2400.2627	283.93198,298.4857,2057.2158	338.05612,351.6894,2378.0483	284.658,401.61746,2227.8037	327.02936,287.28735,2079.8574	291.12103,348.42413,2400.2627	337.37054,389.03436,2180.2021	0.0,0.0,0.0	0.0,0.0,0.0	
314.551,193.48468,2158.608	314.85413,247.18358,2242.461	275.34515,246.34985,2258.3472	241.39172,309.32034,2242.3064	314.85413,247.18358,2242.461	354.92688,248.0292,2226.5747	371.27594,318.89935,2197.6216	315.9582,296.37122,2317.7432	293.61536,341.5745,2403.0237	284.61002,374.17212,2181.5325	340.56638,343.36108,2383.027	279.259,477.33154,2218.78	335.5388,368.90088,2173.0544	293.61536,341.5745,2403.0237	340.48764,473.89093,2164.691	0.0,0.0,0.0	0.0,0.0,0.0	
314.90607,183.33318,2174.2163	315.71625,236.69852,2252.2102	276.48996,236.06912,2270.7676	249.19583,296.03473,2255.6172	315.71625,236.69852,2252.2102	355.59436,237.33836,2233.6528	371.85928,307.86383,2202.6934	317.22748,286.14694,2326.354	295.3944,331.70392,2412.1753	275.049,424.9347,2110.1946	342.12363,333.38574,2388.8203	0.0,0.0,0.0	332.79025,425.28564,2070.4807	295.3944,331.70392,2412.1753	0.0,0.0,0.0	0.0,0.0,0.0	300.36395,299.61264,2029.7715	
315.42026,173.04631,2188.5354	316.16434,226.30797,2262.821	277.1341,225.8551,2281.9268	256.53326,283.91275,2265.3071	316.16434,226.30797,2262.821	355.85928,226.76852,2243.7153	371.17368,297.0166,2211.597	317.84436,275.8065,2337.4922	296.2833,321.49637,2424.1868	276.45084,420.328,2172.7446	342.78928,322.99194,2400.14	0.0,0.0,0.0	334.41898,422.23615,2133.7366	296.2833,321.49637,2424.1868	0.0,0.0,0.0	0.0,0.0,0.0	304.45404,283.32407,2029.5148	
315.43243,162.22769,2202.6897	316.26733,215.2671,2271.0781	277.35968,215.00784,2289.9507	261.74124,272.23285,2266.661	316.26733,215.2671,2271.0781	355.8271,215.5307,2252.2056	371.82697,285.19516,2221.9053	317.8064,265.6285,2338.455	296.04913,312.53357,2417.711	276.80972,412.90802,2187.4292	342.69965,313.811,2393.9531	0.0,0.0,0.0	334.63055,415.10623,2151.0398	296.04913,312.53357,2417.711	0.0,0.0,0.0	0.0,0.0,0.0	307.94205,268.3332,2024.3159	
315.46744,151.97592,2222.272	316.00113,205.11035,2281.3125	277.197,204.96259,2298.7104	262.1527,262.1305,2275.8264	316.00113,205.11035,2281.3125	355.4017,205.2604,2263.9146	373.27658,273.8733,2226.4272	317.2481,256.1043,2342.003	295.15668,303.98242,2413.6455	277.9816,406.24042,2211.86	341.9206,305.06674,2391.7412	0.0,0.0,0.0	333.5871,408.6596,2184.1362	295.15668,303.98242,2413.6455	0.0,0.0,0.0	0.0,0.0,0.0	309.48404,256.14215,2033.9591	
315.70148,142.78357,2238.5645	316.0092,196.2161,2290.4265	277.29648,196.22604,2306.4985	262.01685,251.52051,2286.9155	316.0092,196.2161,2290.4265	355.26904,196.20602,2274.3545	374.7583,263.74448,2229.917	317.10147,247.69684,2344.8477	294.80545,296.4256,2409.3865	280.87137,400.38803,2241.005	341.6806,297.26224,2389.1511	0.0,0.0,0.0	334.4648,402.3004,2214.1858	294.80545,296.4256,2409.3865	0.0,0.0,0.0	0.0,0.0,0.0	310.298,246.31386,2048.7131	
315.80762,134.43982,2260.206	315.89636,187.90735,2301.017	277.2832,188.08366,2315.2505	261.8186,244.11522,2296.9622	315.89636,187.90735,2301.017	354.99017,187.72882,2286.7837	376.84885,253.69238,2233.4692	316.82257,239.82915,2347.0776	294.2762,289.47937,2402.0989	282.3656,394.36414,2263.3706	341.32623,290.02728,2384.1775	0.0,0.0,0.0	334.13388,395.8092,2238.7388	294.2762,289.47937,2402.0989	0.0,0.0,0.0	0.0,0.0,0.0	311.18036,237.41158,2060.43	
315.6479,127.97889,2279.0317	315.87274,181.04355,2310.9136	277.35104,181.48378,2323.2651	262.58514,237.93513,2301.4998	315.87274,181.04355,2310.9136	354.80844,180.5986,2298.562	377.87634,245.49254,2242.3708	316.83502,233.26895,2348.2898	294.22037,283.7929,2393.442	284.1383,387.5794,2304.145	341.46796,283.92337,2377.8901	283.26422,490.03348,2302.407	336.60083,388.80334,2276.7349	294.22037,283.7929,2393.442	340.53268,492.4001,2274.334	0.0,0.0,0.0	311.96603,229.17876,2063.6155	
315.26697,123.427864,2295.4426	315.51138,176.52896,2320.6016	277.12204,177.05244,2332.2227	260.79694,232.11047,2307.2502	315.51138,176.52896,2320.6016	354.28717,176.0002,2308.9805	377.83502,240.12294,2249.6357	316.39178,228.87831,2350.4058	293.63858,279.92178,2387.5254	285.7122,383.58734,2334.4702	341.00723,279.91153,2372.8945	282.302,485.04755,2328.62	336.87808,384.91162,2304.1672	293.63858,279.92178,2387.5254	342.3473,487.93787,2294.947	0.0,0.0,0.0	310.74927,223.83176,2079.276	
314.96677,120.297516,2318.1455	315.05765,172.81274,2331.8394	276.85156,173.45914,2343.4014	260.47424,227.82475,2308.1294	315.05765,172.81274,2331.8394	353.64447,172.1599,2320.2773	379.23303,241.21806,2249.6782	315.85562,225.16788,2350.1064	292.9117,276.79843,2375.652	287.23187,380.46448,2348.2327	340.51712,276.6318,2361.095	282.71826,481.659,2338.6414	337.0638,381.6472,2319.2366	292.9117,276.79843,2375.652	343.17325,485.3058,2295.7551	362.11798,267.26764,2194.6667	310.67404,218.14656,2079.6045	
314.3273,119.69972,2336.4963	314.69046,171.66362,2342.7285	276.68027,172.59042,2354.6733	260.9051,225.26836,2302.578	314.69046,171.66362,2342.7285	353.09027,170.72733,2330.7837	378.84402,241.10947,2260.0771	315.6785,223.87389,2352.0278	292.86664,275.92273,2368.847	289.72964,378.05936,2377.1584	340.6028,275.4215,2353.8074	283.2165,480.0006,2341.611	337.58557,379.7904,2338.2175	292.86664,275.92273,2368.847	343.98392,482.66382,2314.153	369.2699,219.90126,2272.6143	312.06067,213.30336,2079.1113	
314.18576,119.70048,2345.6653	314.61737,171.54945,2350.0361	276.7209,172.61465,2361.8186	260.35956,224.35995,2299.293	314.61737,171.54945,2350.0361	352.89575,170.47354,2338.2537	378.10037,238.00145,2254.528	315.6933,223.63628,2354.0806	292.93948,275.88785,2365.5425	290.75098,377.62604,2387.291	340.74194,275.19882,2350.7075	282.5799,478.86914,2354.5896	337.4792,378.32254,2360.733	292.93948,275.88785,2365.5425	344.73206,482.03522,2311.293	366.38654,196.7147,2314.1216	311.2678,209.28304,2075.1924	
313.77548,120.453514,2365.7468	314.248,171.73746,2361.2363	276.49176,172.94563,2371.746	261.38577,224.6404,2294.1594	314.248,171.73746,2361.2363	352.3418,170.51846,2350.7266	377.47906,239.91756,2253.943	315.37,223.45854,2354.7847	292.55264,275.93845,2354.9495	290.17084,377.37543,2389.174	340.57904,274.9865,2341.7166	281.9264,479.71802,2341.3298	337.1696,378.08484,2361.113	292.55264,275.93845,2354.9495	344.9382,482.31155,2305.2153	364.18317,188.07516,2334.3699	310.38855,204.63242,2065.4575	
313.5467,121.80394,2375.2922	314.13593,172.67,2367.809	276.52017,174.02507,2379.24	262.55194,224.49611,2288.0818	314.13593,172.67,2367.809	352.11664,171.30177,2356.3782	376.0785,239.37183,2262.952	315.33615,224.21326,2357.0122	292.5997,276.77667,2353.4114	290.24472,377.1123,2402.6284	340.6425,275.68176,2339.0193	282.35074,479.23694,2350.849	337.6465,378.09613,2370.6624	292.5997,276.77667,2353.4114	345.08923,482.30206,2310.0132	363.08646,181.68805,2347.3176	308.5604,200.64102,2054.7517	
313.12967,122.24496,2387.5684	313.68213,172.7922,2375.8057	276.25214,174.12701,2388.7979	263.21,225.07195,2288.0427	313.68213,172.7922,2375.8057	351.52377,171.44272,2362.8135	375.09,237.07663,2264.4802	314.6796,224.10089,2361.0254	291.77438,276.5499,2354.4243	288.87308,377.06067,2402.0547	339.77222,275.55872,2338.066	281.65424,479.10162,2352.8953	336.2866,377.41318,2378.0645	291.77438,276.5499,2354.4243	344.34082,481.89722,2306.895	362.47546,177.8061,2362.173	308.08478,198.10063,2056.355	
313.3023,122.14774,2393.7104	313.56747,172.67053,2380.2935	276.2479,173.92148,2394.3757	263.25015,225.16557,2296.5256	313.56747,172.67053,2380.2935	351.33124,171.40472,2366.2112	372.17966,235.36404,2265.7458	314.33307,223.8517,2363.4995	291.22293,276.1779,2355.5708	289.02194,377.28387,2396.1448	339.17755,275.3498,2337.8403	281.40244,478.443,2360.9248	336.4078,377.91315,2369.619	291.22293,276.1779,2355.5708	344.58765,482.065,2309.5122	358.2886,175.46921,2364.467	308.5204,197.29494,2067.2332	
312.85104,122.42363,2398.78	313.07907,172.8742,2384.7024	275.86255,174.00098,2399.6433	262.4211,225.75047,2306.7688	313.07907,172.8742,2384.7024	350.76486,171.73322,2369.7615	372.65506,238.93533,2272.8298	313.6024,223.95934,2367.31	290.29984,276.11182,2359.3235	288.54495,377.5202,2394.5234	338.1586,275.48703,2340.512	280.9052,478.1518,2366.793	335.93317,378.55334,2364.3318	290.29984,276.11182,2359.3235	344.01675,482.18127,2315.1484	357.9256,176.84155,2358.9468	308.09595,197.13193,2080.3577	
312.13605,122.51104,2399.3013	312.44666,172.9191,2386.784	275.2705,173.9556,2401.887	264.30862,224.24197,2303.878	312.44666,172.9191,2386.784	350.09628,171.86937,2371.681	372.66925,241.64526,2277.4065	312.84827,223.98311,2370.0237	289.4616,276.02393,2362.7712	288.48758,377.77502,2391.8198	337.24265,275.52304,2343.7556	281.67715,477.94122,2371.5396	335.90836,379.12665,2358.0012	289.4616,276.02393,2362.7712	344.14255,482.4809,2316.2666	359.16797,178.17062,2357.4653	307.27744,194.08075,2072.3975	
312.00986,123.3932,2407.0735	312.21622,173.41113,2391.7466	275.23572,174.4708,2409.4377	264.15976,224.49573,2303.9468	312.21622,173.41113,2391.7466	349.74783,172.3357,2374.0554	372.6046,242.31805,2278.6953	312.43204,224.3242,2373.128	288.93463,276.23874,2365.648	288.72272,378.26022,2389.458	336.59335,275.8443,2343.3706	282.0449,477.7105,2378.1865	335.48135,379.88385,2351.5237	288.93463,276.23874,2365.648	345.04312,483.11905,2313.7515	360.51315,178.53842,2360.9487	306.36423,191.56323,2071.5073	
311.3933,123.53364,2412.4653	311.64258,173.54636,2396.5332	274.71967,174.67853,2413.8152	265.27307,224.64288,2306.479	311.64258,173.54636,2396.5332	349.10187,172.39774,2379.2512	372.58203,242.78442,2283.075	311.94116,224.31738,2376.4697	288.54245,276.20908,2367.2852	288.74197,378.3324,2388.8618	336.16708,275.69452,2345.5273	281.55753,478.01035,2375.2925	335.57162,379.61057,2354.477	288.54245,276.20908,2367.2852	344.88083,482.91293,2314.7285	359.88757,178.96915,2364.5188	306.3878,190.90883,2072.149	
311.16324,123.872475,2414.156	311.40756,173.8654,2398.4219	274.55286,175.01587,2416.5447	265.95377,224.09163,2307.7456	311.40756,173.8654,2398.4219	348.82346,172.6974,2380.299	372.83194,242.8495,2288.5242	311.67023,224.59549,2378.1714	288.2716,276.44287,2369.3296	289.03525,378.47836,2390.967	335.83328,275.9486,2346.5122	281.39304,478.26224,2375.0598	335.90283,380.01105,2352.5898	288.2716,276.44287,2369.3296	344.5793,483.34012,2314.4062	359.08798,178.73045,2363.8372	307.25626,191.14929,2073.958	
310.93994,123.67931,2423.5	311.14304,173.56133,2403.8281	274.32816,174.79037,2420.9412	264.6702,225.4714,2313.3784	311.14304,173.56133,2403.8281	348.48584,172.31464,2386.715	372.74905,243.14905,2287.0398	311.47134,224.05255,2379.9944	288.09808,275.8924,2366.9338	288.7623,377.64175,2394.036	335.7323,275.23517,2345.3875	281.99957,478.83206,2359.9177	336.07626,379.3325,2351.835	288.09808,275.8924,2366.9338	344.52316,483.0084,2309.9292	358.67453,179.4643,2367.2673	307.38898,193.39476,2083.7788	
310.55423,123.62823,2419.6724	310.90225,173.71489,2404.2048	274.07462,174.9098,2420.8965	264.18707,226.16467,2317.687	310.90225,173.71489,2404.2048	348.24484,172.50327,2387.5132	372.6882,242.20287,2289.2158	311.30103,224.2916,2383.2612	288.04965,276.08063,2372.8254	288.44757,376.77136,2410.3235	335.57544,275.44672,2351.8098	282.2307,478.55975,2358.923	335.52426,379.18408,2359.5156	288.04965,276.08063,2372.8254	344.48038,482.48474,2317.4556	360.0633,179.32187,2378.7412	307.48227,194.89229,2089.3525	
310.40424,123.57887,2433.2512	310.68915,172.92096,2410.001	274.0097,174.41087,2427.8218	263.65485,226.15613,2323.3567	310.68915,172.92096,2410.001	347.9151,171.40883,2392.1802	372.00574,239.82317,2290.2651	311.2259,223.15297,2383.2698	288.09183,275.00494,2367.7578	288.7035,376.42798,2398.7205	335.68433,274.03964,2345.3193	282.55408,478.88843,2345.9736	335.37357,378.47293,2346.23	288.09183,275.00494,2367.7578	344.59747,482.1074,2307.017	361.24118,177.77298,2388.5452	306.86633,196.1749,2092.8777	
310.13025,123.87991,2440.54	310.42197,172.99919,2412.9055	273.7566,174.53343,2430.0095	263.00046,226.27457,2325.1824	310.42197,172.99919,2412.9055	347.6109,171.44304,2395.8015	371.8045,239.05612,2293.6333	310.99826,223.08134,2383.683	287.86954,274.93735,2365.2283	288.93106,376.49008,2396.0742	335.52615,273.87115,2343.693	282.1499,477.77695,2359.3801	334.59927,378.01538,2350.418	287.86954,274.93735,2365.2283	345.5227,481.27487,2311.2017	361.41547,177.23773,2393.7705	306.6404,197.03116,2096.7927	
309.7317,124.336136,2444.673	310.24973,173.04456,2415.2068	273.66345,174.73216,2433.1653	262.52267,225.45958,2325.097	310.24973,173.04456,2415.2068	347.3842,171.33167,2397.2483	372.80896,241.18057,2289.3386	310.92065,223.0238,2384.5308	287.90778,274.91467,2365.1604	289.64352,376.49725,2395.6418	335.53906,273.69092,2342.549	282.02744,476.82928,2370.1975	335.01712,377.92365,2348.8625	287.90778,274.91467,2365.1604	345.85522,480.96246,2313.3303	361.6846,179.51752,2391.901	306.36237,197.56572,2098.4778	
309.8282,124.24859,2454.798	310.1271,172.32619,2420.261	273.6029,174.08649,2437.8567	263.10376,225.04034,2323.0537	310.1271,172.32619,2420.261	347.18628,170.54007,2402.6653	372.2256,239.67259,2289.3015	310.81174,222.03339,2386.1309	287.78906,273.8537,2363.0776	289.46704,375.74716,2390.751	335.468,272.5064,2340.9238	281.91904,475.8085,2371.2236	335.44507,376.76187,2348.1624	287.78906,273.8537,2363.0776	345.56195,479.9825,2311.5332	361.88165,178.48898,2396.1526	306.5339,197.73048,2098.9353	
310.03073,124.03515,2451.8022	310.23367,172.28479,2420.155	273.73703,173.93631,2438.4849	265.24307,223.83443,2321.5286	310.23367,172.28479,2420.155	347.28738,170.60803,2401.8252	372.11264,240.20773,2291.399	310.759,222.07668,2387.7021	287.62143,273.81973,2366.7886	289.5063,375.43454,2396.1323	335.20935,272.65604,2343.71	281.97745,475.38168,2375.6514	334.44785,376.34753,2357.598	287.62143,273.81973,2366.7886	345.1564,479.24652,2318.893	362.30658,178.54205,2394.6658	307.20746,196.2313,2097.9607	
310.02002,124.39287,2457.848	310.13156,172.30615,2422.6885	273.59158,173.89703,2439.1792	266.7455,223.37518,2323.2646	310.13156,172.30615,2422.6885	347.1724,170.69345,2406.1978	372.1815,241.29373,2293.8198	310.66022,221.93433,2387.8203	287.4569,273.62463,2363.3342	289.45688,375.57016,2390.1514	335.16266,272.4369,2342.57	282.15707,476.41364,2362.4395	334.77286,376.26956,2355.238	287.4569,273.62463,2363.3342	345.35922,479.52866,2313.514	361.8538,179.04361,2391.316	306.05124,195.0075,2095.7441	
310.19427,124.19564,2461.3633	310.2284,171.74884,2425.0288	273.70007,173.32715,2441.0325	266.9094,224.42944,2331.136	310.2284,171.74884,2425.0288	347.24207,170.14957,2409.0251	371.52295,240.61115,2295.9565	310.75067,221.2726,2389.1135	287.53253,272.90564,2363.273	289.53885,374.56726,2394.1199	335.24945,271.70532,2343.1235	282.05093,474.8407,2370.92	335.1489,375.32452,2358.7744	287.53253,272.90564,2363.273	344.9615,478.52112,2316.5864	361.23233,178.54846,2394.501	305.47858,196.05472,2103.6863	
