307.69043,126.457664,2474.7014	302.16006,174.18158,2450.871	266.06,168.57968,2414.242	252.10428,222.03764,2300.7942	302.16006,174.18158,2450.871	337.197,179.61852,2487.5002	348.30444,246.82602,2437.2644	296.69867,223.55263,2432.0784	268.07886,271.08917,2390.2139	278.1997,374.43408,2361.9146	313.7885,276.24673,2436.3574	276.23358,470.90637,2392.418	326.7899,378.86383,2334.5054	268.07886,271.08917,2390.2139	323.01886,473.88644,2384.3667	367.8244,311.33823,2311.498	297.55014,203.70067,2109.0896	
311.58783,126.91397,2469.2278	305.21786,174.51892,2444.6006	269.30655,168.1112,2404.3179	252.19792,220.82283,2294.3599	305.21786,174.51892,2444.6006	339.96484,180.71889,2484.8833	349.9746,246.1321,2437.5637	298.80878,223.94444,2427.016	269.37326,271.08292,2384.0764	278.09415,374.6306,2360.5354	314.76144,277.0372,2434.7869	276.2496,472.0629,2382.935	327.74777,379.6834,2321.2578	269.37326,271.08292,2384.0764	320.2408,474.41003,2375.592	373.09048,309.18213,2314.4167	299.9237,207.61873,2105.7527	
316.38995,128.38443,2457.95	308.84344,176.06969,2435.1392	273.22656,168.699,2390.1506	251.21812,219.15427,2286.6274	308.84344,176.06969,2435.1392	343.16815,183.17296,2480.1277	353.73926,246.73499,2438.6423	301.10394,225.5827,2421.2231	270.55737,272.19125,2378.9792	277.6692,375.52057,2367.199	315.4641,279.0642,2435.635	276.42523,473.85226,2378.5579	327.62656,381.92316,2324.716	270.55737,272.19125,2378.9792	317.79547,476.6302,2376.487	378.16217,309.26196,2311.1558	301.82935,211.36043,2107.583	
322.71048,129.36267,2452.8015	313.77866,176.65991,2428.2239	278.6295,167.9343,2379.4253	254.20917,217.88528,2276.2412	313.77866,176.65991,2428.2239	347.54288,185.04173,2477.0225	358.6723,248.58284,2433.6863	304.30396,226.01152,2414.5166	272.253,271.69745,2370.0803	278.0028,375.4278,2360.279	316.6213,280.049,2431.5383	276.7579,472.85938,2382.507	327.28888,383.33295,2325.5884	272.253,271.69745,2370.0803	316.39322,479.3871,2365.474	385.57352,310.58368,2308.3674	305.87143,215.63356,2099.564	
329.59735,130.66193,2442.2683	318.7869,177.61826,2418.9207	284.02676,167.51367,2368.3416	256.52673,218.23665,2268.6272	318.7869,177.61826,2418.9207	352.12317,187.30891,2469.4998	363.55786,251.65419,2428.7112	307.23087,226.75336,2407.9272	273.34476,271.2986,2365.0945	277.88983,374.9427,2362.2375	317.21017,281.24753,2428.7732	275.44385,472.46942,2382.8865	326.67944,384.81348,2331.0364	273.34476,271.2986,2365.0945	313.68607,481.8109,2359.004	392.76517,314.71805,2308.035	309.10983,221.08444,2095.2737	
337.37747,134.2073,2429.1375	323.98846,180.40277,2406.093	289.54205,168.50027,2357.703	261.0737,218.23615,2257.9836	323.98846,180.40277,2406.093	357.07666,191.83595,2454.4832	369.1657,255.37785,2417.3325	309.63083,229.0666,2396.9897	273.09012,271.86627,2357.405	275.9517,375.97287,2353.5881	316.6809,284.1795,2418.368	274.87195,472.80634,2383.5452	325.2435,388.36807,2327.611	273.09012,271.86627,2357.405	311.75415,486.59174,2345.786	399.3224,321.06772,2309.198	313.57422,227.47891,2086.787	
345.54507,138.43625,2408.0317	329.38678,184.02783,2389.6672	295.41797,170.20554,2342.18	265.44537,219.60416,2249.1755	329.38678,184.02783,2389.6672	362.03186,197.31148,2437.1545	375.08066,260.03995,2407.0466	311.92334,232.03993,2384.9172	272.62616,272.79315,2350.2615	275.66354,376.96503,2351.0188	315.61407,287.5093,2410.073	275.1823,473.77036,2382.281	323.42,392.0193,2332.6558	272.62616,272.79315,2350.2615	311.39,490.56497,2347.8467	404.43988,328.42728,2301.1716	318.6279,233.88394,2081.0967	
353.85605,145.39218,2389.527	334.75113,190.37555,2371.3108	301.3638,174.49155,2325.8672	269.84744,222.00543,2234.2515	334.75113,190.37555,2371.3108	366.88284,205.6622,2416.7544	382.12793,267.16275,2392.5215	314.20013,237.57883,2366.7776	272.10455,276.1515,2333.6196	274.87564,381.27832,2331.0723	314.52203,293.56403,2390.8691	273.02283,475.9565,2383.9639	323.26218,398.7531,2325.313	272.10455,276.1515,2333.6196	310.9285,497.7873,2338.587	408.54956,338.92416,2293.7063	324.25308,241.64107,2073.2588	
362.0435,154.61237,2367.51	339.4261,198.31195,2351.5002	306.7782,179.94675,2312.2466	276.9071,229.77605,2216.5425	339.4261,198.31195,2351.5002	371.00186,216.07407,2390.754	388.08337,277.26562,2377.474	315.19528,244.17767,2346.9214	269.80606,279.64758,2317.5837	272.77524,385.19934,2319.9163	311.49277,300.5766,2367.1013	269.2256,477.20807,2393.576	320.54224,406.1034,2322.626	269.80606,279.64758,2317.5837	308.20486,505.37054,2334.6953	412.466,351.96976,2281.7808	333.48956,252.00485,2059.4375	
371.2566,165.65417,2346.8364	345.22864,208.00208,2333.979	313.79773,187.10625,2297.5005	284.51266,239.3048,2199.0723	345.22864,208.00208,2333.979	375.6922,228.25479,2370.4575	393.36603,289.55588,2363.2336	317.20676,252.07031,2331.1926	268.829,284.0069,2305.4292	271.1761,389.4787,2316.9268	309.01013,308.24197,2351.3833	264.95987,480.22742,2398.1409	320.95465,412.86948,2331.072	268.829,284.0069,2305.4292	307.48672,511.73184,2342.0176	416.96832,365.89035,2274.8647	343.61707,264.08124,2042.6685	
379.78268,177.64996,2321.2993	350.3816,219.23239,2316.9548	320.0765,196.54903,2278.8767	290.51202,247.00668,2184.1853	350.3816,219.23239,2316.9548	379.70667,241.18222,2355.033	398.66638,305.35107,2349.8625	319.30692,261.6269,2321.0312	268.82428,290.62817,2301.1638	267.76172,395.83167,2317.8416	307.46033,316.84732,2349.0515	255.57208,482.36243,2417.7952	321.92563,420.5978,2340.4778	268.82428,290.62817,2301.1638	306.2016,517.53,2360.1208	423.06177,383.9688,2267.5437	352.61676,274.96948,2033.5574	
388.4198,190.9257,2302.502	355.9961,230.62643,2303.4822	327.24606,206.0898,2263.2166	296.12408,256.36188,2170.7126	355.9961,230.62643,2303.4822	383.75824,254.31999,2343.7478	400.70438,319.56564,2340.1475	321.7749,270.7869,2312.7886	269.2426,296.28864,2296.7488	260.93555,400.4446,2320.884	306.0121,324.65265,2347.4412	240.82271,481.15533,2440.5266	320.85934,428.27286,2342.5486	269.2426,296.28864,2296.7488	304.06454,524.42163,2365.7102	426.9542,398.31433,2262.8865	361.33456,286.4174,2025.2607	
397.43063,203.28784,2286.0466	361.52097,240.37941,2292.9888	334.88736,213.87083,2249.5823	302.4909,265.27747,2156.9697	361.52097,240.37941,2292.9888	387.16498,265.903,2336.3953	403.1739,333.36066,2332.6848	323.93997,277.50748,2307.219	269.475,298.68317,2294.102	250.51581,399.82523,2330.776	303.76053,329.3167,2348.7964	220.84111,473.03754,2467.7197	318.798,433.30444,2338.8066	269.475,298.68317,2294.102	302.36755,527.0738,2379.3657	430.95447,412.9279,2258.4167	370.4699,297.05588,2015.3348	
406.44577,214.30818,2278.2297	367.78702,248.85074,2284.9844	343.60843,220.65115,2236.812	308.77124,272.13104,2145.9053	367.78702,248.85074,2284.9844	390.96716,275.88586,2333.1567	404.2573,344.07687,2329.9697	327.19702,282.9614,2299.6377	271.1323,300.14307,2283.9448	239.3518,396.15878,2335.7417	302.6959,332.71005,2344.6372	205.27467,463.81,2489.8987	329.08096,434.78125,2333.217	271.1323,300.14307,2283.9448	0.0,0.0,0.0	431.62732,423.26126,2260.0264	378.97235,306.1458,2011.132	
414.3922,223.81172,2267.4116	373.0425,255.76341,2276.321	350.99902,226.23486,2224.565	314.33997,278.25012,2133.971	373.0425,255.76341,2276.321	394.10587,283.97906,2328.0771	406.6452,355.3239,2322.1934	329.95364,286.98773,2293.2517	272.72876,300.49667,2277.6223	228.20314,383.6844,2375.9846	301.85345,334.53235,2342.7424	185.93843,452.84607,2443.5142	335.329,433.92563,2339.4736	272.72876,300.49667,2277.6223	0.0,0.0,0.0	433.73486,435.19644,2260.966	385.99405,314.72443,2007.7349	
421.2564,233.90121,2254.9612	377.30066,262.84158,2269.9243	357.43225,232.3715,2213.7263	319.0446,281.97006,2128.0671	377.30066,262.84158,2269.9243	396.20905,291.83936,2326.1223	407.85504,364.9554,2320.6619	331.9245,290.40308,2294.7114	274.01154,299.63776,2284.1365	218.73969,372.52017,2403.479	300.61908,334.5805,2354.8606	165.63747,437.5786,2436.6987	336.92386,432.1712,2354.3003	274.01154,299.63776,2284.1365	0.0,0.0,0.0	432.7944,445.1372,2262.7356	391.55417,320.55164,2016.0603	
427.10614,241.96684,2248.8035	381.19153,268.6306,2264.8335	363.2031,237.51024,2204.9292	323.86102,284.39755,2119.5493	381.19153,268.6306,2264.8335	398.25293,298.14716,2324.7378	404.33032,367.178,2327.3125	334.09796,293.39563,2292.7568	275.6743,299.4673,2283.0012	210.51813,364.43866,2403.1628	300.2028,335.08374,2358.3591	147.57704,416.21252,2439.802	339.34863,432.89886,2338.8435	275.6743,299.4673,2283.0012	0.0,0.0,0.0	429.95215,444.98035,2268.8362	396.3761,325.9247,2018.5828	
432.79114,249.62029,2246.0444	385.23206,273.60364,2263.1262	369.56253,242.37239,2196.217	328.89667,288.53543,2111.6375	385.23206,273.60364,2263.1262	400.00165,303.04123,2330.0354	403.65625,372.7826,2324.7178	336.54477,294.9942,2294.6934	277.9171,297.66907,2284.1182	203.7203,350.15988,2412.7979	300.0398,333.29407,2368.4028	133.18462,391.66968,2457.2976	340.3543,430.6911,2340.7861	277.9171,297.66907,2284.1182	0.0,0.0,0.0	427.36554,450.44025,2267.8425	401.6725,331.90253,2015.1293	
436.8858,256.7419,2243.9265	388.34747,278.95673,2260.1492	374.285,247.2667,2191.4949	332.53564,291.44397,2103.8376	388.34747,278.95673,2260.1492	401.5808,308.77832,2328.8035	403.0811,372.08044,2329.4722	338.5489,298.26147,2290.9165	279.7036,298.61115,2278.5151	198.60345,336.72162,2418.561	300.05823,334.82465,2364.8525	120.05086,370.83136,2467.8335	340.33255,433.19104,2325.5786	279.7036,298.61115,2278.5151	0.0,0.0,0.0	425.42615,449.17163,2276.2344	405.79453,335.73932,2013.8137	
439.32593,264.4606,2242.825	390.04684,284.8034,2258.4976	377.4918,253.0567,2186.7808	336.3276,294.95657,2094.895	390.04684,284.8034,2258.4976	401.82907,314.596,2330.2144	402.74033,374.9815,2327.9187	339.3733,302.0381,2289.2695	280.46802,300.29144,2274.923	192.87616,321.55127,2412.41	299.25458,336.63293,2365.16	117.80649,342.8781,2526.6296	341.2894,434.20013,2326.6917	280.46802,300.29144,2274.923	0.0,0.0,0.0	424.353,451.53348,2283.646	410.15845,340.53616,2016.3138	
440.82144,271.77274,2235.312	390.80487,290.08167,2254.168	379.6017,258.1517,2180.6543	337.27936,297.56952,2089.4905	390.80487,290.08167,2254.168	401.30032,319.99478,2327.6816	403.29626,379.12604,2327.5864	339.32886,304.86926,2287.6685	280.51846,300.5642,2274.9128	193.39731,303.92987,2434.8884	297.8143,337.16638,2367.425	107.64128,321.22375,2517.7021	343.46924,433.1745,2325.0586	280.51846,300.5642,2274.9128	0.0,0.0,0.0	423.6396,455.78864,2286.104	410.763,344.23752,2014.8978	
442.3049,278.90393,2238.198	392.06934,295.14362,2251.4646	382.56906,262.23404,2181.04	338.35745,300.5528,2081.3342	392.06934,295.14362,2251.4646	400.99335,326.05685,2321.8892	402.40424,384.05573,2323.5305	339.81143,308.2025,2279.393	281.02655,301.4707,2262.9587	194.5757,290.46902,2433.988	296.31662,339.68515,2351.6843	99.397766,301.20813,2491.488	345.97998,434.6145,2307.14	281.02655,301.4707,2262.9587	0.0,0.0,0.0	424.27966,460.01697,2287.8604	412.18787,347.64963,2011.1858	
443.03543,285.7559,2233.0654	392.72955,300.00104,2247.8845	384.35144,266.71017,2178.0144	339.87054,304.9961,2076.7544	392.72955,300.00104,2247.8845	400.60257,331.28473,2317.7546	401.41446,389.6965,2325.2344	339.93274,311.01712,2277.7842	281.40924,302.02002,2263.729	199.62411,278.62442,2454.8186	295.33362,340.73804,2351.6387	96.92003,281.31412,2495.327	348.4037,431.8305,2334.8801	281.40924,302.02002,2263.729	0.0,0.0,0.0	423.8361,465.1742,2293.6116	414.41248,351.827,2005.2584	
443.5691,292.10193,2231.5452	392.7248,304.46414,2246.3135	385.526,270.62872,2178.468	340.0806,308.09253,2073.5193	392.7248,304.46414,2246.3135	399.5015,336.3156,2314.159	401.0498,393.333,2328.404	339.51837,313.29962,2278.2588	281.45367,301.7576,2267.4988	202.64494,267.86603,2460.9255	293.88342,341.29312,2352.9094	94.25403,261.851,2486.09	348.4213,431.505,2335.2502	281.45367,301.7576,2267.4988	0.0,0.0,0.0	421.8317,469.1117,2297.6694	414.5548,355.2564,2003.4117	
443.591,298.3087,2224.1628	392.37958,308.4088,2243.5479	386.32928,274.66882,2173.6748	340.7609,311.73035,2071.294	392.37958,308.4088,2243.5479	398.0644,340.11072,2313.421	399.0624,398.12164,2329.162	338.91794,314.68445,2280.4907	281.48492,300.6966,2273.459	204.66525,259.3925,2463.143	292.6252,340.0761,2361.4082	95.89047,245.07587,2483.5667	348.42145,429.60944,2336.0127	281.48492,300.6966,2273.459	0.0,0.0,0.0	420.30527,473.75195,2299.131	414.71844,360.10516,1986.7732	
443.12238,303.98,2219.5024	391.726,312.28223,2242.0115	386.46637,278.62167,2171.0393	341.1085,315.82367,2069.1833	391.726,312.28223,2242.0115	396.6629,343.87708,2312.9836	397.0479,401.62415,2326.6875	338.1875,316.50363,2283.6514	281.3562,300.57153,2280.6287	205.72906,254.18085,2463.847	291.5803,339.8222,2369.9539	97.429825,231.98984,2480.07	348.40198,428.84277,2335.4817	281.3562,300.57153,2280.6287	0.0,0.0,0.0	417.5608,477.55145,2296.977	415.26294,363.97336,1984.4993	
443.35052,309.0572,2218.6733	391.82202,316.34503,2240.157	387.3171,282.8473,2167.8547	340.85675,318.28784,2068.5798	391.82202,316.34503,2240.157	396.04517,347.74808,2312.4592	396.47382,404.52554,2324.8918	338.03055,319.7542,2279.725	281.25473,303.07974,2273.7856	205.8916,250.89185,2442.1382	290.70874,342.24594,2364.8008	98.18465,222.78284,2464.1567	349.70688,431.1177,2313.7485	281.25473,303.07974,2273.7856	0.0,0.0,0.0	413.2689,481.19043,2296.9128	414.57373,366.98187,1983.1642	
443.85126,314.16037,2216.75	392.11877,319.56586,2239.6062	388.5452,286.23315,2165.9343	340.0382,318.53403,2068.3098	392.11877,319.56586,2239.6062	395.46472,350.77545,2313.278	396.75342,407.673,2322.5867	338.29144,321.09308,2281.7607	282.1251,302.67047,2277.537	210.61688,245.64642,2449.9106	290.54083,341.68085,2370.2935	102.574615,211.69629,2474.759	354.25726,426.38504,2326.095	282.1251,302.67047,2277.537	0.0,0.0,0.0	411.8888,484.72107,2295.705	412.0862,369.48178,1981.2966	
444.75995,317.8202,2216.7478	392.7033,322.1765,2241.3838	389.51016,289.61447,2163.7344	339.36234,317.83652,2067.601	392.7033,322.1765,2241.3838	395.68262,352.55798,2319.0332	397.72253,410.87738,2319.0247	338.98285,322.45306,2286.6826	283.18796,303.3001,2283.0906	209.7718,245.16699,2439.4382	291.34003,341.34015,2380.8723	106.53325,206.842,2485.594	358.281,423.24017,2329.0303	283.18796,303.3001,2283.0906	0.0,0.0,0.0	411.30295,487.97183,2296.467	409.82678,371.4018,1983.5476	
445.63342,320.34467,2209.7744	393.02975,323.2229,2238.6782	390.32343,290.94403,2159.032	338.90308,317.0286,2064.7852	393.02975,323.2229,2238.6782	395.55014,353.28394,2318.3245	399.4159,412.94672,2319.5725	339.36642,322.06537,2287.2695	284.15103,302.3509,2287.351	208.2962,243.8989,2425.4023	291.56638,338.80405,2384.3706	108.632385,203.29689,2492.8328	346.18298,430.583,2306.9712	284.15103,302.3509,2287.351	346.18274,532.738,2306.9717	409.01895,490.28583,2299.6365	408.53708,372.2995,1988.0116	
446.80054,322.7767,2212.2192	394.22424,324.80917,2241.93	392.0008,294.13727,2154.829	339.38333,317.53073,2061.7935	394.22424,324.80917,2241.93	396.28134,353.18692,2329.0308	399.50537,414.25327,2317.5269	340.57886,322.7104,2290.227	285.36356,302.65588,2284.4976	206.02713,247.1085,2413.4697	292.76416,337.92584,2392.5508	110.73387,206.07845,2498.1064	359.2728,420.5796,2313.2334	285.36356,302.65588,2284.4976	0.0,0.0,0.0	408.4389,491.41556,2301.5498	407.92383,374.4203,1981.6821	
447.49915,323.50757,2213.5132	394.98114,325.2439,2243.042	392.9433,295.50323,2151.6584	340.18478,317.3777,2059.8706	394.98114,325.2439,2243.042	396.85947,352.65613,2334.4255	401.56152,415.61465,2314.6606	341.3338,322.71082,2291.293	286.0729,302.65277,2282.4849	204.21532,249.40663,2404.8032	293.5435,337.07227,2396.603	111.42377,210.11516,2513.5574	360.44864,419.5086,2301.681	286.0729,302.65277,2282.4849	0.0,0.0,0.0	408.57175,492.9532,2299.9917	407.35413,375.14685,1978.2546	
448.38312,323.94818,2208.1877	395.8346,325.00717,2238.5586	394.09012,295.13892,2147.0754	340.90125,315.33392,2055.4373	395.8346,325.00717,2238.5586	397.44208,352.53003,2330.0417	402.89923,415.39774,2312.6873	342.07422,322.02246,2286.9897	286.8634,301.37292,2278.0898	201.70984,251.99617,2393.0278	294.04733,336.09772,2392.752	112.51021,216.41039,2528.9844	360.00717,419.71484,2284.8513	286.8634,301.37292,2278.0898	0.0,0.0,0.0	407.59662,492.78467,2299.7559	407.3286,374.22668,1972.619	
449.56873,323.91705,2205.541	396.68045,324.81345,2235.3057	395.09277,294.95825,2143.3645	342.56744,315.01456,2049.2273	396.68045,324.81345,2235.3057	398.1427,352.3097,2327.2468	404.20596,414.94745,2310.4424	342.77335,321.84335,2282.7456	287.43658,301.15924,2272.437	198.66946,258.05728,2383.8943	294.51056,335.9665,2387.934	111.70694,226.84608,2537.064	360.49887,419.83667,2283.4895	287.43658,301.15924,2272.437	0.0,0.0,0.0	406.73355,492.18115,2300.6338	410.3849,373.34088,1963.1918	
450.22507,322.73404,2204.203	397.07587,324.38385,2232.0193	395.41888,294.32043,2140.7214	343.55496,313.75897,2045.1185	397.07587,324.38385,2232.0193	398.60257,352.08447,2323.3171	404.78,414.87628,2306.2688	343.01096,321.89175,2278.099	287.42157,301.5213,2266.7683	196.14893,263.2689,2376.5498	294.58136,336.60898,2381.5896	109.59775,238.76982,2542.1707	360.01477,421.33936,2279.1558	287.42157,301.5213,2266.7683	0.0,0.0,0.0	407.3209,491.73157,2301.6077	412.6756,371.25806,1951.7869	
450.10873,321.18478,2203.513	396.99158,323.99594,2228.7847	395.3388,293.078,2141.1484	343.98895,312.79623,2036.5403	396.99158,323.99594,2228.7847	398.51935,352.5745,2316.421	405.6806,414.16803,2303.698	342.796,321.8882,2273.752	287.12817,301.35297,2263.5576	194.23657,268.6727,2376.9883	294.11063,337.51132,2373.8809	106.95805,250.37476,2546.208	360.5737,421.72003,2280.7576	287.12817,301.35297,2263.5576	0.0,0.0,0.0	408.2424,491.83588,2292.0425	414.88763,368.1443,1946.6504	
450.35638,319.06348,2197.1582	397.25793,322.712,2222.615	395.22076,291.12097,2137.7712	344.82776,312.3319,2027.7468	397.25793,322.712,2222.615	399.14526,351.97992,2307.4587	406.29337,414.85483,2298.402	342.88806,321.43326,2267.0327	286.91937,301.56113,2258.7158	192.68768,275.1454,2376.7588	294.1316,338.01453,2364.185	104.23926,263.73322,2540.8618	347.34738,432.56683,2256.6301	286.91937,301.56113,2258.7158	347.3267,536.9989,2256.644	410.30878,491.99368,2292.8967	418.54596,364.8304,1943.3826	
449.45203,315.8994,2193.52	395.72165,320.41733,2218.4453	393.16254,288.87665,2132.9138	345.42502,310.6382,2020.3877	395.72165,320.41733,2218.4453	398.0908,349.6162,2303.9768	406.10986,414.94305,2296.8887	341.28888,319.86154,2262.8247	284.90015,300.6279,2253.6985	190.66777,278.895,2381.0735	292.81653,337.1787,2360.7097	100.46173,275.6672,2535.5403	359.1694,421.58765,2289.501	284.90015,300.6279,2253.6985	0.0,0.0,0.0	412.84747,491.93774,2291.3015	421.17834,361.15555,1936.0895	
448.20248,311.23862,2191.709	394.58966,316.38232,2217.46	391.45584,284.88647,2131.2769	344.45206,308.53577,2015.7257	394.58966,316.38232,2217.46	397.48898,345.52155,2303.643	407.86664,412.31686,2292.2085	340.12823,317.00476,2260.3745	283.2624,298.90448,2249.2048	188.77904,283.08646,2382.385	291.92667,335.4455,2357.3733	98.815445,288.03653,2528.2776	356.56088,420.8624,2298.1875	283.2624,298.90448,2249.2048	0.0,0.0,0.0	419.6633,487.7965,2294.421	422.4097,355.5091,1937.5508	
447.13748,305.24036,2190.3625	393.83084,311.34634,2217.1465	389.8068,280.5594,2127.5823	342.9772,305.3803,2011.9604	393.83084,311.34634,2217.1465	397.54242,339.74255,2306.7107	411.3671,407.41415,2292.4294	339.4519,313.29974,2260.2004	282.0341,296.94226,2246.926	187.8351,287.3493,2386.5168	291.93567,332.54727,2359.5828	98.50937,300.4849,2519.5989	353.82993,419.16443,2314.0425	282.0341,296.94226,2246.926	0.0,0.0,0.0	425.96448,482.0105,2298.4534	422.93637,348.6273,1946.342	
446.04102,297.30505,2189.896	392.51257,304.4994,2218.1753	387.51776,276.64365,2117.3972	343.09,304.3917,2009.3129	392.51257,304.4994,2218.1753	397.07324,329.934,2318.9534	414.85834,401.37207,2298.9526	338.29657,307.99585,2261.1882	280.0935,294.91116,2240.4783	186.17157,292.62204,2383.855	291.79233,326.92706,2367.924	98.29204,312.95578,2507.397	348.07788,416.69516,2325.01	280.0935,294.91116,2240.4783	0.0,0.0,0.0	430.3111,475.3447,2307.7725	425.7861,342.72864,1950.0522	
444.51608,288.13644,2182.978	390.7906,296.6856,2210.326	385.00662,269.51855,2105.5618	341.8491,302.4106,2009.7937	390.7906,296.6856,2210.326	396.05112,321.39386,2315.09	415.19232,391.52295,2305.438	336.52805,301.7057,2252.6702	277.69434,290.71985,2229.2346	184.3872,296.75214,2375.2107	290.47495,321.47955,2360.7942	99.021194,324.6748,2492.1194	341.33063,415.11237,2311.1287	277.69434,290.71985,2229.2346	0.0,0.0,0.0	432.8567,464.04474,2320.6213	426.3742,335.77145,1949.3337	
443.96167,277.2391,2180.021	390.77356,288.13568,2208.3083	383.93802,261.57303,2100.866	340.7961,298.9621,2010.5393	390.77356,288.13568,2208.3083	396.97485,312.23352,2315.7507	417.47928,382.77902,2316.2795	336.73312,295.0157,2251.3823	277.4509,286.29297,2226.9104	186.86783,303.08212,2378.5347	291.57666,316.10422,2362.0022	105.05206,338.98267,2489.0957	341.43857,409.2246,2329.9531	277.4509,286.29297,2226.9104	0.0,0.0,0.0	431.3186,454.67026,2338.95	426.04642,329.6338,1942.0793	
442.5294,264.87573,2177.9185	389.1186,278.52576,2203.2964	381.33838,251.38739,2096.7466	340.5654,294.7996,2010.804	389.1186,278.52576,2203.2964	396.18106,303.1604,2309.8462	417.31213,374.03568,2331.5583	335.3399,288.67087,2240.5933	275.47745,282.90668,2210.8987	186.91208,310.7081,2359.0315	290.71887,313.17084,2344.8816	107.36888,356.59262,2451.1292	336.09988,409.3677,2313.7861	275.47745,282.90668,2210.8987	0.0,0.0,0.0	431.01562,445.72,2347.9736	426.39896,321.09277,1939.7466	
