280.38278,130.20746,2473.5469	276.39337,185.2738,2445.9814	245.04358,184.94872,2453.252	229.6711,245.68616,2410.9934	276.39337,185.2738,2445.9814	307.93008,185.60083,2438.711	328.98712,241.56021,2461.2363	275.48157,228.3275,2438.0764	253.58932,271.27243,2435.0002	233.32513,373.05405,2434.399	295.6219,272.0517,2425.3425	214.9418,456.65887,2538.9778	322.24026,371.06415,2349.399	253.58932,271.27243,2435.0002	346.66904,460.71136,2405.0942	293.2189,240.58426,2218.3015	227.79129,231.04109,2120.0554	
280.39612,129.99728,2471.9622	276.40363,185.05319,2444.2664	245.12387,184.63542,2448.9932	229.33083,246.07187,2400.087	276.40363,185.05319,2444.2664	307.8046,185.47256,2439.5396	329.21796,241.5389,2461.087	275.4841,227.7912,2436.545	253.75018,270.4129,2431.9463	233.69656,373.2116,2434.877	295.4209,271.19,2425.7007	214.59984,456.77875,2540.6335	322.48062,370.90833,2348.6614	253.75018,270.4129,2431.9463	346.70322,459.40863,2406.5332	294.93887,241.06358,2220.4731	222.50621,234.90897,2170.8152	
280.4515,129.84906,2471.0496	276.75522,184.97821,2442.2217	246.07153,185.18143,2455.9832	228.88965,246.60898,2415.0825	276.75522,184.97821,2442.2217	307.78665,184.7727,2428.4602	331.01315,241.34467,2444.9717	276.5427,228.93335,2440.7324	256.96216,272.7593,2447.9016	233.7396,372.4126,2423.389	295.83566,273.1263,2430.5847	214.5282,457.20764,2524.0547	323.1142,373.162,2360.1785	256.96216,272.7593,2447.9016	345.50705,459.63312,2416.44	298.87396,239.58693,2204.1858	224.8324,229.31581,2166.5923	
280.418,129.84447,2470.5186	276.8133,184.93437,2441.4424	246.36618,185.25198,2460.6228	225.10641,248.04834,2448.9663	276.8133,184.93437,2441.4424	307.74258,184.61174,2422.262	332.3649,241.18854,2437.0234	276.87082,229.15247,2445.6267	258.3455,272.99332,2461.5212	233.33746,371.54312,2414.4856	295.6893,273.4478,2438.1008	214.61319,454.04446,2498.5364	322.53558,373.12762,2364.882	258.3455,272.99332,2461.5212	343.88885,458.3955,2414.9243	305.41547,237.15797,2185.957	222.27663,226.99475,2138.6064	
280.31512,129.8686,2469.1694	276.02386,185.51044,2435.2407	244.83957,186.13562,2453.795	226.18657,247.43127,2442.3005	276.02386,185.51044,2435.2407	307.687,184.87566,2416.6865	335.39465,240.55879,2429.225	276.67108,229.75261,2442.141	258.03986,273.7195,2460.5376	234.46222,372.15723,2406.4377	296.77124,273.77167,2437.5454	214.4425,455.57007,2502.4636	322.38727,372.4463,2368.772	258.03986,273.7195,2460.5376	345.65088,457.86975,2399.2476	311.59653,234.20198,2153.13	222.05615,225.33229,2151.183	
280.2987,129.78096,2466.928	276.78815,185.47952,2433.96	245.28583,185.7808,2455.8662	226.08937,247.23366,2438.2253	276.78815,185.47952,2433.96	308.86264,185.17276,2412.0537	338.37506,239.4837,2429.2122	276.91144,229.89107,2440.7842	257.31134,273.74896,2461.353	234.36185,371.65326,2407.1235	296.97955,274.36444,2433.8638	214.83514,453.83807,2498.1343	322.34418,372.5508,2368.2869	257.31134,273.74896,2461.353	345.52893,458.43567,2389.2957	320.73822,231.75261,2148.2922	214.71051,228.33817,2174.8992	
280.34073,129.61348,2464.9124	277.32843,185.49992,2433.345	245.31396,185.39905,2455.2998	223.23026,245.81404,2435.9873	277.32843,185.49992,2433.345	309.92587,185.60263,2411.3901	340.9919,239.25595,2424.4128	276.9416,229.61986,2440.824	256.95212,272.92664,2461.7861	234.67154,371.5714,2410.7073	296.37918,274.01984,2434.8198	214.51956,454.33893,2503.792	322.29053,372.59906,2365.7903	256.95212,272.92664,2461.7861	345.6489,459.5639,2394.3315	330.71075,230.1264,2141.5923	228.60258,226.81763,2241.4338	
280.15533,129.64536,2462.6667	277.75854,185.72066,2434.2402	245.26546,185.16931,2454.668	219.29865,243.45082,2426.0615	277.75854,185.72066,2434.2402	310.8016,186.28134,2413.8125	344.3242,239.10329,2411.2969	276.72876,228.79283,2439.688	255.27356,270.87628,2458.004	234.70393,372.54935,2414.3293	296.34976,272.47833,2432.2676	214.42575,455.47314,2503.859	322.46396,371.37912,2359.1782	255.27356,270.87628,2458.004	345.2664,458.18954,2390.0105	341.4985,227.47752,2122.9287	228.46243,224.63074,2227.2979	
279.57266,129.49811,2456.4717	277.98703,185.91205,2433.693	245.3417,185.49997,2456.0269	217.20612,238.59123,2445.352	277.98703,185.91205,2433.693	311.23706,186.33179,2411.3594	345.96164,238.47162,2411.139	277.16864,229.16272,2440.308	256.11105,271.4372,2460.8057	234.54626,372.0189,2413.9844	296.82928,272.93033,2433.0405	213.63058,455.03485,2499.682	323.1577,372.38855,2359.6702	256.11105,271.4372,2460.8057	346.94547,459.07263,2382.7139	356.22916,228.11638,2104.841	221.98114,225.95808,2241.8452	
279.35974,129.46855,2452.7117	278.51672,186.34933,2429.347	245.09888,185.9556,2454.189	216.86594,234.38179,2476.2192	278.51672,186.34933,2429.347	312.62506,186.75119,2404.505	361.25687,232.246,2402.3984	277.74088,229.43681,2436.4944	256.93835,271.51456,2458.566	231.97108,370.7613,2414.0857	297.2469,273.03925,2428.7178	213.34236,454.45786,2500.8564	323.72583,372.76196,2359.5752	256.93835,271.51456,2458.566	344.6939,456.90942,2412.6963	368.07556,227.40451,2102.1062	214.50754,227.32724,2260.4722	
279.11343,129.73505,2445.7405	278.53928,186.9633,2427.1072	244.64345,186.57596,2453.6003	216.25388,232.60388,2487.817	278.53928,186.9633,2427.1072	313.18323,187.35919,2400.614	367.76648,229.34978,2397.0725	277.86832,229.95734,2435.893	257.75958,271.88916,2459.921	229.66904,371.26788,2415.91	296.88873,273.40494,2429.437	211.92776,454.32343,2501.6375	325.1798,372.61072,2359.27	257.75958,271.88916,2459.921	342.66397,455.57355,2449.1953	378.9118,225.37585,2097.297	212.51773,227.43234,2262.698	
279.334,130.80205,2432.5295	278.34436,188.06018,2425.5598	243.74983,187.88962,2451.3574	214.90585,232.64111,2481.2236	278.34436,188.06018,2425.5598	313.6827,188.2344,2399.7622	369.3061,227.60365,2403.347	277.98,231.68852,2434.6052	257.39203,274.3591,2458.7827	228.71786,371.10672,2417.192	298.09668,275.63654,2428.5186	209.8023,453.4362,2523.0222	325.0421,374.586,2359.239	257.39203,274.3591,2458.7827	341.37866,456.7243,2449.977	389.99756,227.93828,2116.3674	203.90942,225.77081,2251.6094	
279.73538,132.91467,2414.7688	278.51132,191.22517,2418.48	243.24667,190.6868,2444.1348	214.04022,235.42805,2488.2197	278.51132,191.22517,2418.48	314.53214,191.7751,2392.8252	367.80597,229.1096,2404.5454	277.98865,233.19913,2430.8105	257.10767,273.932,2458.0444	227.87427,372.57718,2417.2563	298.08475,275.57684,2428.2378	209.46245,456.4364,2523.7117	327.85275,373.8745,2361.6396	257.10767,273.932,2458.0444	340.94864,455.90912,2463.7395	399.96094,228.50288,2152.5793	180.92964,230.23088,2188.1401	
280.11273,134.14447,2403.379	278.74112,193.04324,2414.0437	243.28168,192.31161,2438.4963	214.24237,234.24928,2484.3833	278.74112,193.04324,2414.0437	314.92624,193.78986,2389.591	367.29333,229.9939,2406.155	278.1419,234.93541,2428.4707	256.87177,275.41876,2457.2717	220.73479,371.70346,2406.288	298.4726,277.2576,2428.5237	209.82056,455.41727,2511.8398	329.63135,375.2453,2362.7322	256.87177,275.41876,2457.2717	339.9042,459.84088,2426.9832	409.78195,232.06506,2164.1387	194.09216,225.24803,2247.779	
279.9516,135.87436,2392.0815	279.1478,195.1761,2410.222	242.6532,194.45888,2434.259	213.12067,234.66646,2485.9263	279.1478,195.1761,2410.222	316.37762,195.90778,2386.1848	368.4179,229.55508,2405.6702	278.79517,237.50778,2428.3523	256.9782,278.30176,2460.7803	217.0376,372.44696,2401.254	300.16974,280.13303,2432.185	210.1108,457.52557,2491.7517	333.5479,376.51962,2327.4656	256.9782,278.30176,2460.7803	339.6051,459.41257,2409.7263	418.301,235.36508,2180.832	194.58356,233.87642,2272.854	
279.54785,137.7129,2382.1675	279.74234,198.31638,2404.5266	242.54558,197.63043,2430.4219	212.02335,236.37686,2482.0583	279.74234,198.31638,2404.5266	317.74896,199.01727,2378.6313	373.40274,234.01663,2377.8691	279.68726,239.87827,2425.9048	257.94617,279.80222,2462.581	214.44156,373.21634,2399.386	301.5929,281.63733,2431.9849	210.01166,457.63208,2496.3008	341.19684,379.0325,2301.0952	257.94617,279.80222,2462.581	340.07196,457.73355,2429.4336	423.635,239.76427,2197.777	190.55019,236.9805,2267.8674	
279.2637,140.67606,2375.047	279.13098,203.21753,2397.1477	241.94061,203.01938,2425.4666	211.66971,239.3041,2488.242	279.13098,203.21753,2397.1477	317.21057,203.42044,2368.8289	375.52057,236.85463,2359.572	279.86102,244.5052,2420.9448	258.81738,284.31482,2461.5496	206.21185,377.52972,2387.6716	302.63757,285.67264,2427.9343	205.10272,460.5832,2497.2444	345.40244,379.02252,2297.763	258.81738,284.31482,2461.5496	341.14154,458.86798,2441.8706	428.01364,243.86926,2214.4497	187.00783,247.67166,2284.5173	
278.92667,145.31242,2367.4534	277.9171,209.54108,2389.6897	240.28442,209.2792,2418.4622	207.4783,245.27675,2498.9265	277.9171,209.54108,2389.6897	316.46707,209.80933,2360.9172	375.36597,242.78354,2346.7742	278.9728,250.24606,2418.207	258.32642,289.3004,2463.5962	202.49744,377.89694,2376.793	301.98242,290.7137,2429.8525	206.52876,459.46756,2490.0354	348.33478,380.1209,2309.9326	258.32642,289.3004,2463.5962	340.98776,459.86444,2432.5532	429.79828,251.0551,2216.886	166.75531,254.68431,2253.485	
276.92795,152.72473,2349.6716	276.71735,215.70587,2383.9282	239.83961,215.68912,2413.753	191.66537,251.63794,2469.8	276.71735,215.70587,2383.9282	314.5295,215.72304,2354.1035	371.85852,248.8701,2350.0703	278.77252,257.21802,2422.0308	259.42694,296.85104,2477.8237	200.53757,380.1399,2378.998	302.41025,298.04614,2442.4429	205.12076,460.67114,2501.6455	351.5582,383.30267,2276.643	259.42694,296.85104,2477.8237	340.26572,460.7287,2429.062	431.31052,257.36862,2226.4983	160.73259,260.29407,2229.328	
274.48834,159.45697,2329.9119	275.69278,220.62573,2381.6853	239.42197,220.77916,2415.27	196.45175,259.29083,2471.8245	275.69278,220.62573,2381.6853	313.00116,220.46793,2348.1006	369.78714,252.62279,2350.5525	278.42413,261.66742,2422.6025	259.6741,300.77545,2483.8467	196.83997,382.35565,2373.6592	302.81128,301.9255,2443.1929	198.90924,458.4636,2476.965	354.3593,384.246,2271.836	259.6741,300.77545,2483.8467	341.53232,456.07898,2463.8164	430.37543,264.22552,2238.4155	151.15654,267.11203,2219.281	
273.76404,167.27713,2330.2974	276.07767,227.76628,2373.6648	239.92032,227.2944,2399.3945	200.6316,260.46692,2475.6294	276.07767,227.76628,2373.6648	313.02747,228.2485,2347.935	367.78766,264.92786,2342.658	277.8064,267.83813,2414.5098	257.22626,305.7671,2471.6494	193.89456,382.32767,2364.6602	302.02625,307.39728,2439.06	196.12634,457.25482,2464.383	358.24646,387.92053,2284.699	257.22626,305.7671,2471.6494	341.55786,457.11255,2472.178	431.68274,274.9169,2240.5066	154.53644,272.18985,2224.7773	
272.8772,174.87495,2319.7227	273.93243,236.3986,2376.6316	237.48578,235.22205,2410.2559	204.89594,269.92444,2488.5088	273.93243,236.3986,2376.6316	311.4252,237.60892,2343.0073	366.16223,274.42007,2334.5112	275.44537,275.87347,2416.4866	254.92255,312.70554,2477.165	188.65074,386.00513,2356.883	299.27182,315.4525,2435.518	199.07532,462.3857,2477.0122	360.59964,389.26868,2287.1335	254.92255,312.70554,2477.165	344.87152,456.22104,2493.8108	430.52737,281.8188,2234.5466	157.16814,280.94565,2265.8826	
272.66086,179.12105,2316.4832	273.5346,240.96916,2374.0059	236.80026,239.25424,2407.8555	205.57169,278.2636,2479.2715	273.5346,240.96916,2374.0059	311.33163,242.7337,2340.1562	366.11926,280.8928,2327.9824	274.4877,280.0073,2412.4934	254.12276,316.20065,2471.0981	185.16666,389.4603,2353.9514	297.05136,319.46494,2430.8638	201.30875,464.83994,2483.1157	362.85004,391.261,2285.2166	254.12276,316.20065,2471.0981	344.98773,456.39664,2495.9973	427.6078,288.00235,2229.1719	163.28918,283.09534,2290.5525	
272.84155,182.0018,2319.2942	273.7608,244.1708,2368.6213	236.78851,241.17206,2406.4368	207.38927,282.41537,2473.8777	273.7608,244.1708,2368.6213	311.93274,247.26688,2330.806	364.38815,290.2173,2327.7522	273.79742,282.81522,2408.431	254.69202,318.03192,2468.3208	182.3326,390.6498,2355.2866	293.29028,322.4098,2428.1602	201.13295,463.18967,2480.7693	363.51694,390.7166,2285.1274	254.69202,318.03192,2468.3208	343.75394,460.38458,2460.7683	425.1907,291.89307,2215.453	159.81732,290.71417,2256.0508	
273.35913,185.18178,2320.3984	273.9947,246.09706,2367.4058	236.6803,243.77278,2404.2808	208.1181,286.26056,2469.579	273.9947,246.09706,2367.4058	312.48987,248.49487,2330.5312	365.01782,292.60135,2334.2922	274.53323,285.57202,2405.686	255.98215,322.01398,2463.268	181.2043,393.1081,2359.2856	294.4313,325.6355,2424.664	201.98978,465.93817,2492.9963	364.9035,388.84784,2278.967	255.98215,322.01398,2463.268	345.03296,455.74872,2485.6526	419.076,293.17892,2184.8496	164.00548,304.0924,2335.5205	
272.727,189.38768,2315.4812	274.36505,248.5673,2364.961	237.16873,245.7634,2402.8093	201.67719,287.98965,2454.563	274.36505,248.5673,2364.961	312.7713,251.46242,2327.1125	365.83197,293.05457,2331.016	274.53412,287.59872,2403.3105	255.47517,323.32986,2461.6963	179.5835,393.85132,2356.0647	294.23868,327.5126,2421.624	199.88608,460.7964,2492.4565	366.25867,387.89966,2281.5398	255.47517,323.32986,2461.6963	345.06027,456.28552,2486.1377	413.06213,298.17188,2132.7314	167.15627,302.76706,2333.7566	
272.55002,189.70941,2315.5393	274.11954,248.87378,2364.4983	237.38535,245.6076,2402.532	198.68979,278.26666,2481.9167	274.11954,248.87378,2364.4983	312.0548,252.24673,2326.4646	364.3681,294.79712,2329.878	273.84647,287.6965,2402.9739	255.54532,323.09735,2460.5798	179.00346,393.45496,2351.2715	291.90363,327.52853,2422.319	205.92018,465.77124,2508.9497	366.8784,388.19446,2285.7166	255.54532,323.09735,2460.5798	346.89853,457.64035,2479.3308	398.42108,302.62274,2102.5925	178.99376,298.4622,2266.6663	
272.33032,189.7539,2314.8252	273.69028,249.14609,2362.7615	237.18689,246.39473,2401.8936	197.06204,281.2638,2467.8606	273.69028,249.14609,2362.7615	311.4232,251.99014,2323.6294	363.21725,295.11234,2326.2134	273.99878,288.31393,2401.1	256.69662,324.31882,2458.7485	179.46277,393.82355,2352.0068	292.1794,328.2133,2420.129	206.12631,467.79333,2512.4092	368.01312,387.40155,2282.65	256.69662,324.31882,2458.7485	345.99484,452.9059,2451.478	380.54782,312.86392,2072.372	170.52176,301.6567,2169.3218	
272.24683,189.6318,2312.073	273.44934,249.35342,2360.4392	236.85764,246.975,2400.4866	195.97292,283.16434,2458.7412	273.44934,249.35342,2360.4392	311.3041,251.81395,2320.3918	362.14197,295.05457,2323.408	274.28607,288.54047,2399.611	257.14816,324.6724,2458.8884	179.27048,394.33618,2353.3367	293.342,328.29477,2418.6775	207.51743,469.74545,2523.2793	368.37567,387.63947,2277.5486	257.14816,324.6724,2458.8884	345.46945,455.56976,2456.153	365.42896,320.4434,2064.0112	176.80354,307.8668,2178.8557	
272.24448,189.52647,2309.7893	273.39767,249.18163,2358.0588	237.03485,247.83958,2399.5288	196.52994,284.97137,2454.1338	273.39767,249.18163,2358.0588	311.0624,250.57172,2316.5889	359.87326,293.35547,2315.4114	275.5002,288.36823,2398.1333	257.42154,324.79044,2461.6926	179.71872,395.2699,2356.0132	298.037,327.7716,2414.723	207.0646,477.6573,2548.1436	369.09247,388.23706,2259.0186	257.42154,324.79044,2461.6926	344.96622,456.35333,2452.2124	350.89865,327.3396,2073.528	188.44505,319.3542,2147.9988	
271.97003,189.88437,2304.7615	273.41306,248.67409,2355.5652	237.27121,247.77641,2398.6191	200.95193,287.47476,2447.0144	273.41306,248.67409,2355.5652	310.90063,249.6052,2312.5112	355.11655,294.37018,2286.78	276.1251,288.0714,2396.038	257.422,324.81314,2462.5222	188.40392,400.1233,2380.188	300.53232,327.53568,2410.4998	208.2192,478.22784,2550.295	369.29382,388.5137,2262.0625	257.422,324.81314,2462.5222	343.82538,456.90863,2439.0706	338.5409,335.34448,2079.0112	198.06653,329.36746,2142.327	
0.0,0.0,0.0	273.05072,244.06299,2354.5942	236.22693,243.23944,2384.5122	201.05234,311.10266,2291.1597	273.05072,244.06299,2354.5942	310.82236,244.90773,2324.6763	338.79883,321.75748,2191.127	275.3834,288.19727,2403.933	254.36357,329.3526,2472.8381	196.2706,416.58954,2380.334	301.25485,331.77945,2433.7058	211.44041,492.54715,2529.6653	372.11136,392.24356,2278.2078	254.36357,329.3526,2472.8381	338.12546,465.0728,2424.529	329.73154,343.52692,2087.2427	199.61443,333.76636,2138.816	
273.36127,191.88187,2290.2876	274.31958,244.89786,2351.6597	237.25961,243.24455,2377.5095	211.33951,306.47464,2313.832	274.31958,244.89786,2351.6597	312.20337,246.5879,2325.8098	333.04062,309.6239,2212.9868	275.81366,289.95883,2409.815	254.66975,331.30817,2484.405	185.18843,390.3095,2365.074	300.1074,334.50552,2451.5354	206.89922,469.04828,2503.2107	373.7735,389.90942,2264.8364	254.66975,331.30817,2484.405	339.60413,468.39032,2391.8127	0.0,0.0,0.0	207.11133,352.09808,2073.1714	
271.0143,193.10245,2294.5579	273.011,245.4208,2349.783	235.85248,244.77124,2372.5813	201.20563,321.06488,2285.5706	273.011,245.4208,2349.783	310.8976,246.0831,2326.9846	338.23257,314.16238,2211.5881	275.46686,292.30954,2408.3516	255.31273,336.04727,2481.3357	179.12564,388.585,2343.5361	300.56393,337.90732,2452.5046	209.72144,469.5577,2458.4387	376.31073,388.5279,2245.0906	255.31273,336.04727,2481.3357	341.5206,470.92676,2358.196	315.22302,366.72754,2089.856	205.82767,356.1852,2111.9417	
269.77325,195.83847,2295.2625	272.6955,247.38757,2348.2197	235.3243,247.7149,2366.8638	200.59053,323.03107,2272.194	272.6955,247.38757,2348.2197	310.66486,247.05501,2329.5757	334.2046,315.27063,2213.8586	276.06628,295.0683,2407.7808	256.74524,340.2028,2479.0981	176.52318,385.44205,2339.566	302.0191,340.6936,2455.586	210.74802,467.56775,2443.8923	378.2658,387.7179,2245.6694	256.74524,340.2028,2479.0981	343.00095,471.6798,2351.5703	306.25903,375.2126,2118.2231	214.96841,367.37747,2081.2744	
269.14835,199.535,2303.022	272.18478,250.23347,2348.4531	234.77338,251.04915,2365.71	201.93576,326.04883,2267.2505	272.18478,250.23347,2348.4531	310.1501,249.40572,2331.1963	327.75897,320.47647,2215.8667	275.87994,298.71896,2403.1567	256.8109,345.12103,2468.7236	172.60527,385.22742,2331.4536	302.21103,344.9707,2446.997	209.1019,468.61926,2425.742	378.17093,389.5932,2232.6675	256.8109,345.12103,2468.7236	341.8822,474.37085,2335.6719	300.1755,386.3864,2142.2664	225.30548,377.8277,2074.8596	
268.8967,203.7066,2299.4382	271.57648,254.42633,2345.7056	234.0588,255.09952,2361.702	204.07048,330.67618,2262.5957	271.57648,254.42633,2345.7056	309.60938,253.7439,2329.7092	321.40775,327.8217,2218.4343	275.07867,303.02673,2401.5386	255.79126,349.43665,2467.4402	169.94347,383.72784,2336.174	301.2384,349.4006,2447.303	207.72366,466.50964,2432.1692	377.28885,390.91907,2235.9656	255.79126,349.43665,2467.4402	339.85422,473.94757,2346.1821	295.9784,398.3966,2167.7156	234.76105,389.53146,2073.4395	
268.6161,208.10461,2298.1465	271.65222,259.05426,2342.6885	234.03867,259.91443,2357.7112	207.02643,336.81274,2260.345	271.65222,259.05426,2342.6885	309.75128,258.183,2327.6658	317.85117,333.58267,2219.2153	275.30234,307.82343,2397.4424	256.08505,354.56696,2461.6526	169.30609,383.86835,2328.4395	301.66968,354.26123,2442.74	208.37436,466.47696,2425.1528	379.4964,392.47034,2223.769	256.08505,354.56696,2461.6526	341.71948,474.39188,2342.6436	292.6413,407.01233,2184.2441	242.80167,400.60437,2079.3337	
268.25748,212.33252,2297.495	271.41077,263.1714,2338.9907	233.81299,264.23685,2355.0322	209.84506,343.28186,2258.3599	271.41077,263.1714,2338.9907	309.5278,262.0912,2322.9492	314.80853,334.7208,2226.991	275.33228,312.27472,2390.313	256.32275,359.56207,2451.7336	168.79605,384.4411,2321.1958	302.04422,359.06348,2431.5369	207.80084,466.91718,2421.34	379.18765,392.91095,2216.4622	256.32275,359.56207,2451.7336	341.99243,475.9489,2332.0881	291.7022,409.5046,2204.7825	248.68573,409.76306,2090.345	
267.64957,215.97604,2296.6765	270.9508,267.26584,2337.129	233.29944,268.39462,2352.6775	219.66745,350.19678,2261.4912	270.9508,267.26584,2337.129	309.10648,266.12192,2321.5803	312.6064,340.04993,2222.4963	274.91495,316.44482,2387.431	255.90134,363.89203,2447.5208	167.17404,383.74768,2323.3552	301.7136,363.294,2427.945	207.18323,465.83926,2423.468	378.56448,392.0929,2223.741	255.90134,363.89203,2447.5208	342.11948,474.81616,2341.3694	291.1687,415.38513,2223.5498	265.01657,418.92764,2140.844	
267.58646,218.91699,2296.265	270.70587,270.2625,2335.9014	232.9833,271.29752,2350.612	222.23407,353.49756,2264.7424	270.70587,270.2625,2335.9014	308.90652,269.21436,2321.1907	311.4146,341.91138,2231.131	274.47507,319.48618,2385.6138	255.228,366.96143,2444.587	166.69067,383.00583,2321.8489	301.12735,366.43707,2426.0654	207.0387,464.08307,2428.924	378.8453,391.43646,2224.286	255.228,366.96143,2444.587	341.71155,473.29266,2345.5078	290.1276,417.0631,2236.4998	267.26138,422.16107,2142.1902	
267.42114,221.01257,2297.561	270.34683,272.3058,2335.2886	232.58072,273.3712,2349.3796	223.53574,355.49982,2266.871	270.34683,272.3058,2335.2886	308.57147,271.22745,2321.1975	310.9989,343.43613,2238.4734	274.09912,321.56015,2384.4504	254.80453,369.1191,2442.4832	166.777,382.39832,2318.2874	300.76257,368.52777,2424.7415	206.41718,462.90817,2432.2205	378.98987,390.30035,2224.261	254.80453,369.1191,2442.4832	342.2806,472.05255,2347.3843	289.7179,418.98645,2238.72	268.37088,423.82373,2139.5334	
267.19757,221.7584,2289.7087	270.26547,272.94205,2332.0525	232.40051,274.00842,2345.3433	223.2099,357.20752,2268.9355	270.26547,272.94205,2332.0525	308.5645,271.86343,2318.7617	312.58636,344.56454,2241.5146	274.0978,321.88162,2385.0767	254.88576,369.0086,2446.4678	168.28354,380.5658,2325.678	300.79874,368.3742,2429.734	207.4147,461.32004,2437.7815	379.40106,387.68573,2226.2844	254.88576,369.0086,2446.4678	342.79276,468.682,2354.2126	289.17624,420.61182,2225.6162	268.39127,423.72665,2136.9287	
266.6421,221.30548,2292.7837	269.82782,272.90323,2332.1184	231.9565,273.9768,2345.2434	221.82217,356.76978,2267.9692	269.82782,272.90323,2332.1184	308.12784,271.81747,2318.9934	314.25186,344.16138,2242.9827	273.58063,322.05414,2382.9893	254.25629,369.47382,2442.1228	167.40225,381.81473,2315.0017	300.2529,368.8248,2425.5974	206.77151,462.82123,2427.422	378.76013,389.4404,2216.5095	254.25629,369.47382,2442.1228	342.2704,470.92264,2343.618	288.5714,420.60608,2206.2341	266.9901,421.4475,2120.0688	
266.9229,219.56837,2294.3176	270.1029,271.898,2333.6567	232.23798,273.0914,2346.4238	218.81158,354.31567,2263.9805	270.1029,271.898,2333.6567	308.38443,270.6915,2320.8896	318.1461,342.33093,2235.9922	273.97757,320.99792,2384.9407	254.78088,368.4358,2444.2622	169.04585,379.539,2321.8115	300.749,367.6229,2428.1875	207.62216,461.12616,2430.9111	379.64597,387.0357,2226.9116	254.78088,368.4358,2444.2622	343.00848,469.7605,2344.9487	287.3506,416.6516,2194.356	265.4585,415.39313,2104.6514	
266.7801,215.89711,2302.5852	269.93594,269.15567,2336.1523	232.05933,270.4199,2347.9517	215.82794,349.23166,2257.491	269.93594,269.15567,2336.1523	308.19708,267.8786,2324.353	322.04105,338.78522,2233.493	273.60187,318.7277,2382.1606	254.1199,366.89178,2435.5972	167.24918,378.68634,2305.6714	300.2791,365.9477,2420.7407	205.83542,459.66895,2423.4937	378.9185,385.6941,2214.7175	254.1199,366.89178,2435.5972	342.70355,468.88232,2334.2734	286.88922,411.0203,2168.0156	261.6771,406.48856,2090.0615	
267.06982,211.86655,2306.7205	270.1445,265.5586,2339.134	232.28925,266.9375,2350.411	213.15694,344.0186,2259.2446	270.1445,265.5586,2339.134	308.36652,264.16635,2327.8572	327.22308,333.5476,2228.7483	273.8872,315.13916,2385.1902	254.49489,363.39478,2438.3455	169.85596,376.00067,2318.9187	300.61603,362.2845,2424.1472	207.31128,457.52673,2432.8867	378.52664,382.49414,2227.9885	254.49489,363.39478,2438.3455	343.94797,466.12958,2346.0662	288.57343,402.91022,2133.7327	255.92099,395.75464,2074.5269	
266.8861,206.9438,2308.7876	270.08652,261.07184,2341.6702	232.20602,262.5413,2351.6592	209.687,336.14966,2258.1204	270.08652,261.07184,2341.6702	308.29156,259.5898,2331.6812	332.23804,327.52258,2233.875	273.82083,310.6636,2388.065	254.41653,359.00583,2440.7485	169.54243,374.8907,2319.4868	300.5282,357.72125,2428.171	207.06808,456.4651,2433.2817	378.23718,380.99658,2230.315	254.41653,359.00583,2440.7485	343.06982,465.1245,2344.13	291.13696,389.22552,2102.117	246.90903,381.51202,2055.2412	
267.50867,201.81004,2310.3188	270.72342,256.12057,2344.066	232.7992,257.6342,2352.4788	206.14053,329.26953,2254.5574	270.72342,256.12057,2344.066	308.92084,254.59608,2335.653	336.29297,325.327,2252.4363	274.37482,305.68076,2391.4915	254.88928,354.02002,2444.2134	171.55278,373.60718,2322.0066	300.97922,352.60388,2433.6206	207.69374,456.16397,2431.7075	378.73022,380.20697,2233.096	254.88928,354.02002,2444.2134	343.58182,464.79846,2343.8	298.901,370.69666,2070.67	241.60623,365.47272,2041.9678	
267.7338,196.59848,2317.5867	271.1364,251.02821,2348.8271	233.32884,252.64218,2358.0037	201.85944,322.33353,2253.7812	271.1364,251.02821,2348.8271	309.2405,249.4016,2339.6506	337.91324,318.5147,2261.715	274.8573,300.80612,2393.3706	255.45871,349.51434,2443.691	173.7329,373.55322,2321.25	301.53497,348.0121,2432.1372	207.18822,456.91168,2431.0688	378.963,380.0694,2225.8425	255.45871,349.51434,2443.691	343.5009,464.58905,2338.2124	310.49506,353.21512,2048.079	233.9625,350.43994,2032.8191	
268.36584,191.63339,2314.7422	272.2833,245.53845,2351.3293	234.50037,247.90341,2359.3652	196.59468,315.46735,2259.3938	272.2833,245.53845,2351.3293	310.32535,243.15727,2343.2935	343.32587,307.2281,2262.8955	276.91522,295.135,2398.0474	258.4396,344.0692,2449.8252	176.4977,372.07977,2331.5222	304.39578,341.59775,2439.7056	211.60197,455.35904,2435.5615	380.806,376.03668,2236.23	258.4396,344.0692,2449.8252	346.006,460.69073,2347.9685	324.00696,336.76575,2031.4683	220.8501,333.8165,2023.4908	
268.80844,186.51407,2319.8013	272.83978,240.10938,2354.9182	235.08987,242.70987,2362.2566	192.7742,308.25354,2265.7034	272.83978,240.10938,2354.9182	310.8257,237.49263,2347.5798	347.07184,298.93747,2272.447	277.6466,289.855,2399.877	259.3419,339.1656,2449.455	175.68599,371.886,2324.7935	305.29828,336.37128,2440.2163	209.10724,456.26816,2426.8162	377.052,376.0067,2235.3308	259.3419,339.1656,2449.455	343.6217,462.48456,2338.3494	337.89795,320.8894,2023.5095	209.79504,318.75494,2017.2323	
269.2269,181.76248,2323.3296	273.07306,235.09201,2357.9841	235.42242,237.62361,2366.529	187.2083,299.77237,2271.3528	273.07306,235.09201,2357.9841	310.99756,232.54199,2349.4392	351.53018,290.55923,2281.2258	277.80954,284.9684,2401.6	259.46805,334.38943,2450.5952	174.3336,372.95258,2321.7205	305.38705,331.7357,2439.837	209.22229,455.9812,2430.7537	375.64932,376.24683,2237.0266	259.46805,334.38943,2450.5952	341.7943,463.1341,2335.9917	351.55673,306.62335,2024.9731	198.17882,304.11383,2016.6719	
269.1614,178.26465,2332.0938	273.31964,230.76292,2362.6138	235.86224,233.22809,2373.5903	201.05923,292.24875,2309.6504	273.31964,230.76292,2362.6138	311.1267,228.27473,2351.6372	357.11694,285.488,2287.1167	277.97406,280.87286,2402.2593	259.59332,330.5818,2448.8154	174.70317,374.21893,2315.0088	305.4913,328.1226,2434.9941	210.34782,456.29346,2430.351	375.8212,377.75012,2227.8591	259.59332,330.5818,2448.8154	341.70755,463.80164,2333.5002	362.6998,293.9081,2027.6477	207.67227,307.4037,2044.2418	
268.7226,174.80786,2336.9717	273.24356,227.18744,2366.6848	236.00046,229.62802,2380.414	187.1441,298.3894,2323.715	273.24356,227.18744,2366.6848	310.92126,224.71838,2352.9556	362.38223,280.17303,2305.5566	277.93372,277.38074,2404.4785	259.673,327.16437,2450.9158	176.59145,373.51178,2325.9922	305.44647,324.86865,2433.6287	210.27533,457.3838,2430.008	374.03503,377.68527,2233.4856	259.673,327.16437,2450.9158	341.78568,464.3531,2337.52	377.2979,281.8068,2050.5615	190.68361,310.00198,2061.5203	
268.88867,173.65094,2340.4153	273.22202,225.42593,2369.5378	236.02,227.84605,2383.3157	181.39337,292.58624,2353.2085	273.22202,225.42593,2369.5378	310.8592,222.97751,2355.76	360.87396,275.54602,2315.2808	277.8201,275.67813,2405.881	259.4777,325.56573,2450.897	176.68779,375.2221,2318.4292	305.2475,323.29562,2433.5518	209.29843,458.8083,2428.2937	373.8191,379.44238,2231.351	259.4777,325.56573,2450.897	341.14743,465.82947,2336.412	389.7118,273.49677,2081.156	182.43842,300.60678,2090.2651	
269.02475,173.04755,2340.1365	273.20502,224.61769,2370.4487	235.99261,227.07242,2383.79	174.72353,289.7751,2388.0354	273.20502,224.61769,2370.4487	310.83865,222.13518,2357.1074	358.98898,271.3945,2328.6438	277.81262,274.8772,2406.5664	259.47064,324.81393,2451.0825	175.69725,376.93384,2318.906	305.25473,322.47888,2434.2856	210.66568,460.23376,2425.129	374.34912,380.444,2226.9473	259.47064,324.81393,2451.0825	341.42346,465.56567,2339.9473	401.57855,266.08606,2118.1943	173.09923,295.61957,2122.9783	
269.15714,172.41089,2346.995	273.273,223.75179,2373.3372	236.12875,226.20773,2387.1194	169.5911,287.5629,2430.452	273.273,223.75179,2373.3372	310.85114,221.26717,2359.555	357.08698,268.88782,2341.8225	277.74,274.18512,2405.1917	259.23615,324.45593,2445.7224	176.02126,377.62863,2309.4973	305.10764,322.13593,2428.3699	209.57646,460.95718,2420.862	373.87198,382.9582,2219.191	259.23615,324.45593,2445.7224	340.52267,468.0853,2332.5403	408.32635,262.78574,2159.543	165.10715,291.5785,2163.7285	
269.36044,173.15326,2343.9443	273.013,224.60397,2373.3962	235.994,226.55574,2389.6404	167.34636,284.68954,2462.0103	273.013,224.60397,2373.3962	310.54224,222.6253,2357.152	356.8351,267.11707,2351.4285	276.9512,275.0287,2405.9849	258.00525,324.8893,2448.802	174.38203,379.37524,2317.508	303.75494,323.31543,2428.345	209.00526,461.82642,2430.2712	372.7311,386.27948,2220.528	258.00525,324.8893,2448.802	339.88788,470.15503,2340.6665	414.87686,263.3601,2199.3113	159.33595,286.57245,2201.836	
268.89548,174.43266,2341.903	272.77005,225.85294,2374.0396	235.89307,227.5791,2392.5461	165.68524,283.53067,2492.958	272.77005,225.85294,2374.0396	310.2265,224.09964,2355.533	357.60754,267.7674,2361.2178	276.54974,276.23016,2407.2412	257.53925,325.82477,2452.0935	174.2744,379.67877,2315.9897	303.13156,324.6429,2428.7922	209.64525,462.24567,2426.7656	374.52362,387.21518,2216.6997	257.53925,325.82477,2452.0935	340.31708,470.1441,2340.3665	420.1469,264.9306,2235.4016	155.57777,283.56317,2231.5789	
268.23328,176.02582,2341.8723	272.92343,227.39993,2374.627	236.14835,229.4393,2394.3792	171.47458,275.31363,2554.4236	272.92343,227.39993,2374.627	310.31546,225.32634,2354.8748	358.6717,269.63574,2369.1038	277.21204,277.69357,2408.122	258.75287,327.3572,2454.0513	174.43271,382.22076,2311.8018	304.24478,325.8497,2429.183	212.41759,463.27762,2426.8506	377.0073,387.73462,2216.5117	258.75287,327.3572,2454.0513	341.53513,470.84442,2336.7996	423.63672,267.72626,2263.9138	156.5112,269.00668,2300.1575	
268.1446,178.29207,2341.869	273.013,229.76999,2374.756	236.203,232.04544,2393.7686	172.54869,277.16605,2553.717	273.013,229.76999,2374.756	310.41714,227.4578,2355.7437	359.41904,271.63663,2374.5532	277.56393,280.06113,2407.2737	259.32584,329.92578,2451.7595	173.18408,383.73923,2308.1353	304.88477,328.08862,2427.823	211.03867,465.11572,2422.1611	376.8997,390.0062,2207.209	259.32584,329.92578,2451.7595	341.41144,471.60773,2337.1511	425.6672,269.54453,2281.1768	151.32956,268.58542,2315.1016	
268.23352,179.70638,2341.869	273.32516,231.0691,2375.209	236.50552,233.52072,2393.8499	181.27951,280.0398,2529.8591	273.32516,231.0691,2375.209	310.72733,228.5787,2356.568	359.53162,274.79926,2378.279	278.10724,281.31244,2407.7876	260.08878,331.2465,2452.1008	174.67664,382.22943,2309.552	305.65356,329.17212,2428.6316	210.60844,463.8546,2426.1345	376.54968,389.14966,2208.589	260.08878,331.2465,2452.1008	342.21133,471.18298,2338.392	426.653,270.46924,2296.4333	147.40604,267.86166,2306.92	
268.46753,180.61778,2341.8633	273.6171,231.97438,2375.8584	236.81927,234.48784,2394.6724	186.35146,279.839,2499.9287	273.6171,231.97438,2375.8584	311.00238,229.4208,2357.0444	359.9329,276.48218,2381.1343	278.50537,282.1726,2408.6445	260.60428,332.0889,2453.2744	174.35933,381.20987,2312.777	306.14127,329.94592,2429.587	209.98354,463.43268,2425.6758	377.07025,388.39117,2208.345	260.60428,332.0889,2453.2744	341.3546,470.06052,2337.838	426.82657,270.35333,2296.4124	142.31395,266.33633,2288.2124	
268.92462,180.91312,2348.3442	274.03098,232.26947,2379.5557	237.31673,234.79115,2398.8357	190.3331,278.91022,2478.468	274.03098,232.26947,2379.5557	311.34503,229.7066,2360.2756	360.2804,277.34637,2381.068	278.90765,282.43652,2411.403	261.02924,332.35715,2455.3877	175.65646,380.55072,2313.4194	306.5111,330.22372,2431.1133	209.37555,462.99625,2428.6494	376.0787,387.6494,2212.2231	261.02924,332.35715,2455.3877	341.83334,469.70425,2341.7266	426.16782,268.4017,2284.6448	141.98436,265.26114,2272.0476	
269.52625,179.55588,2344.6218	274.601,230.75186,2379.953	237.86938,233.20184,2399.028	199.1641,282.22684,2478.2358	274.601,230.75186,2379.953	311.9262,228.26228,2360.8777	360.15894,276.63113,2377.0315	279.468,280.77847,2414.5806	261.61096,330.41263,2461.2168	176.66766,377.58704,2319.4805	307.00623,328.35834,2437.1997	209.61914,460.4784,2432.647	375.99283,385.08777,2220.4316	261.61096,330.41263,2461.2168	341.45013,467.36035,2347.1367	423.26895,264.95053,2260.3909	149.72382,265.9548,2276.6035	
270.22906,178.62622,2350.2537	274.3992,229.7309,2384.7266	237.78922,231.62328,2404.9458	201.41803,283.56238,2476.6304	274.3992,229.7309,2384.7266	311.63528,227.80615,2364.5073	360.7645,274.01865,2371.5315	278.56427,279.72458,2419.3616	260.09625,328.95996,2466.727	174.04202,377.6012,2324.3376	305.3622,327.64734,2441.266	208.945,460.4358,2432.6172	372.66208,385.83392,2224.2375	260.09625,328.95996,2466.727	339.61618,469.0138,2347.2378	420.52023,259.06274,2232.3518	153.95634,266.35318,2274.8992	
271.35626,176.45709,2352.5464	274.88635,227.87334,2387.1694	238.20914,229.54884,2405.9949	200.22987,282.25894,2468.8076	274.88635,227.87334,2387.1694	312.14667,226.17119,2368.344	361.56512,270.61737,2361.2605	278.64774,277.88654,2421.523	259.7564,327.05527,2467.7275	176.74979,376.49384,2321.901	305.06998,325.9404,2444.0254	210.73828,459.6673,2430.6743	374.1947,382.97095,2225.33	259.7564,327.05527,2467.7275	341.3993,466.94482,2345.045	416.08856,254.13422,2190.2632	155.45177,266.87408,2256.7046	
272.30194,174.33438,2361.6934	275.3863,225.66325,2391.267	238.70737,227.28616,2409.195	196.0979,275.47342,2468.9004	275.3863,225.66325,2391.267	312.61935,224.01584,2373.339	362.56647,267.99802,2350.1306	278.89407,275.76413,2423.125	259.72372,325.1101,2466.2686	176.38286,376.6862,2315.4956	305.1065,324.01425,2443.6973	211.69933,458.6994,2430.914	372.9664,381.16733,2228.9653	259.72372,325.1101,2466.2686	341.70065,466.90555,2340.5493	410.0531,249.2203,2152.9924	159.50638,266.74115,2238.264	
273.4903,171.68228,2358.2778	276.09195,223.07976,2391.925	239.44038,224.33136,2410.4363	188.49603,270.2634,2474.466	276.09195,223.07976,2391.925	313.31525,221.80864,2373.4138	365.3421,264.44513,2335.059	279.22455,273.0598,2426.8896	259.7533,321.92377,2473.508	179.47755,373.75705,2333.2168	304.99713,321.3137,2450.2004	211.82005,457.44623,2439.026	370.78363,379.10895,2242.6533	259.7533,321.92377,2473.508	342.00894,465.74054,2350.2717	401.31985,246.35344,2110.639	162.63496,267.79422,2225.3486	
274.4986,169.75961,2363.5657	276.79297,221.08752,2394.3975	240.1735,222.11212,2413.0317	185.46602,267.59073,2452.7324	276.79297,221.08752,2394.3975	313.98694,220.04684,2375.7632	368.03015,262.23914,2319.0332	279.55853,271.1064,2428.5647	259.7411,319.89874,2474.4626	181.47879,372.5353,2338.4465	304.9691,319.57455,2451.0012	210.84067,459.15015,2427.1218	371.42078,379.4011,2240.3635	259.7411,319.89874,2474.4626	341.41946,465.71082,2348.43	390.13977,247.66342,2075.0635	168.49544,268.358,2194.165	
275.45978,167.49988,2359.1997	277.41357,219.07178,2393.6177	240.68286,219.80154,2410.7585	185.8725,267.38528,2412.8687	277.41357,219.07178,2393.6177	314.67416,218.33148,2376.4768	368.14975,262.12903,2310.502	279.81824,268.98782,2430.8345	259.64047,317.41724,2478.8425	182.99825,371.66052,2345.6223	304.858,317.37955,2457.26	210.8823,458.4808,2434.2058	372.1956,381.61996,2233.5403	259.64047,317.41724,2478.8425	339.76596,462.28265,2369.1418	379.27246,250.81036,2052.9548	176.87787,270.0127,2150.079	
275.94836,166.57549,2350.019	278.10226,218.14674,2391.4988	241.27411,218.58076,2407.6716	190.69218,267.94345,2366.949	278.10226,218.14674,2391.4988	315.4319,217.70682,2375.326	365.02222,262.10312,2303.2324	280.28616,267.7812,2434.563	259.93878,315.55548,2487.8086	184.55444,372.04926,2354.0996	305.03482,315.8261,2467.4458	211.4202,459.3391,2438.616	372.67938,380.51593,2252.327	259.93878,315.55548,2487.8086	339.14044,463.8144,2366.8057	367.88318,256.64407,2037.3726	190.09253,276.21622,2106.471	
277.11575,166.7537,2345.4307	278.89017,218.00426,2389.2344	242.00513,218.11632,2405.1404	193.31583,268.6814,2337.4834	278.89017,218.00426,2389.2344	316.26962,217.89069,2373.3284	361.00403,266.5034,2296.6082	280.73373,267.52756,2435.1465	260.0753,314.89536,2491.072	184.13354,373.68912,2344.842	305.1247,315.5433,2471.0452	211.32196,460.10712,2437.5994	371.71533,380.33243,2255.6619	260.0753,314.89536,2491.072	339.32037,465.9264,2358.2498	356.54562,266.43155,2027.8577	199.9433,283.35153,2084.316	
277.3782,166.26007,2344.1377	279.1997,217.69131,2388.5942	242.24034,217.6876,2403.3926	196.7763,271.90787,2313.7407	279.1997,217.69131,2388.5942	316.61984,217.69508,2373.796	355.17297,272.939,2296.3003	280.87085,267.15732,2435.8796	260.03073,314.37442,2492.481	185.5929,373.72968,2341.703	305.09503,315.10712,2473.849	210.32785,460.51517,2436.5005	370.50897,378.901,2262.3293	260.03073,314.37442,2492.481	340.10544,466.83502,2352.7168	346.47223,277.99078,2027.227	210.50963,293.7641,2072.7517	
277.8382,167.52406,2341.9963	279.43353,218.66048,2386.6575	242.41571,218.57791,2400.9746	199.98227,275.17932,2276.8718	279.43353,218.66048,2386.6575	316.89813,218.74403,2372.3403	353.70212,275.60587,2283.1494	281.0186,268.0798,2435.0564	260.0826,315.17242,2492.4683	185.00279,374.87646,2339.1372	305.1648,315.97638,2474.4424	209.99991,461.31238,2436.6487	371.75433,379.40222,2265.358	260.0826,315.17242,2492.4683	340.15704,468.1496,2347.3613	337.13873,292.7245,2034.6959	223.14243,306.85608,2060.8738	
278.22873,170.14603,2341.424	279.48132,220.73126,2385.028	242.3681,220.6361,2398.0276	203.76625,278.0957,2260.4348	279.48132,220.73126,2385.028	317.0013,220.82748,2372.0286	350.16415,280.98044,2277.574	281.02216,270.07108,2434.523	260.00998,317.06946,2492.2017	183.79198,376.77594,2340.3086	305.14185,317.8224,2475.834	210.22528,463.0052,2436.2722	371.2184,380.81366,2271.273	260.00998,317.06946,2492.2017	340.84595,470.3596,2348.668	327.8025,306.7425,2044.9736	231.5933,318.5259,2062.2458	
278.27386,173.37558,2340.6357	279.3879,224.00194,2383.4001	242.14594,223.91373,2394.316	207.78159,284.63553,2248.2146	279.3879,224.00194,2383.4001	316.9726,224.09096,2372.4844	345.58838,284.08395,2253.784	280.8282,273.30447,2432.9956	259.6525,320.31696,2489.4634	181.61201,378.9107,2338.0508	304.89456,320.9591,2475.7188	209.84962,465.27075,2430.0474	371.65442,383.04572,2268.8262	259.6525,320.31696,2489.4634	339.77103,471.82965,2348.5916	319.4657,324.3172,2057.4158	239.79166,332.65945,2062.813	
278.44168,178.08351,2333.2424	279.24838,229.06166,2378.6943	241.86871,228.8591,2388.2786	211.77742,292.91418,2243.1077	279.24838,229.06166,2378.6943	316.93045,229.26587,2369.11	339.56308,289.0674,2238.887	280.5749,278.1334,2431.2522	259.26736,324.77332,2489.8435	179.38448,381.71722,2334.278	304.53314,325.48523,2477.7766	210.78595,466.102,2434.4104	373.03003,385.4369,2266.0312	259.26736,324.77332,2489.8435	340.3823,473.39133,2350.146	312.31677,341.3824,2074.665	249.68356,347.04874,2066.1816	
278.44708,183.43521,2329.0461	279.07962,234.53822,2374.507	241.59106,234.22488,2383.1667	215.0451,302.1185,2234.553	279.07962,234.53822,2374.507	316.8426,234.85387,2365.8474	334.68646,297.01544,2235.9402	280.2693,283.46466,2428.5088	258.7963,329.8638,2487.962	176.85898,383.21924,2325.0708	304.11765,330.66293,2477.059	210.2858,466.66003,2430.0054	374.34985,387.9702,2260.7703	258.7963,329.8638,2487.962	340.71744,474.8658,2350.5999	307.5811,357.69046,2095.556	258.52478,360.72263,2075.1387	
278.54816,188.83553,2327.4456	278.7255,239.59497,2371.3838	241.13556,239.15652,2378.8494	218.14111,311.67145,2233.771	278.7255,239.59497,2371.3838	316.5529,240.03618,2363.9182	330.95718,306.27817,2234.468	279.64545,288.59647,2423.8682	257.83347,335.07452,2481.0525	174.38013,384.42413,2321.0696	303.30563,335.96893,2471.6526	209.60376,467.9245,2422.716	375.13095,388.8062,2253.339	257.83347,335.07452,2481.0525	340.71576,475.49844,2344.6885	304.53574,373.26474,2120.2346	264.4855,373.5701,2085.9915	
277.5693,194.40282,2326.153	277.93283,245.21997,2367.5737	240.21225,244.95787,2373.3914	221.63168,320.61652,2239.391	277.93283,245.21997,2367.5737	315.83923,245.48337,2361.756	327.0216,314.31003,2236.234	278.94595,294.30762,2418.4663	257.12366,341.07117,2473.0215	172.05092,386.5484,2321.4612	302.7787,341.67358,2465.6963	210.72856,469.41562,2418.2266	376.94284,390.1178,2244.4211	257.12366,341.07117,2473.0215	341.53687,475.01917,2346.666	302.39716,385.72443,2143.73	269.14398,385.59872,2102.089	
277.2849,200.4125,2326.0037	277.56607,251.32385,2364.438	239.75345,251.14421,2369.2722	224.20413,329.36908,2240.6978	277.56607,251.32385,2364.438	315.5336,251.50424,2359.6038	324.91364,318.42844,2248.8145	278.58902,300.49283,2413.562	256.696,347.4726,2465.7292	170.80614,387.73767,2316.4534	302.50293,347.92838,2459.6428	210.0387,469.42578,2421.4724	377.4923,391.41867,2243.6306	256.696,347.4726,2465.7292	341.39682,475.40683,2349.8962	300.49234,391.24292,2172.6643	271.14706,397.00092,2116.4263	
276.69638,205.86386,2318.4592	276.1426,256.90686,2358.4663	238.3291,255.83061,2364.8586	226.1702,337.03305,2242.369	276.1426,256.90686,2358.4663	314.16165,257.98895,2352.074	323.44452,323.7652,2259.787	276.1403,306.16364,2406.4294	253.23254,352.68515,2458.418	167.00029,387.39462,2318.5618	299.11884,354.30798,2450.3672	207.26643,469.2164,2420.081	375.284,392.20328,2238.0652	253.23254,352.68515,2458.418	338.1868,475.98822,2344.3206	299.2635,397.2304,2191.0635	273.7125,405.90033,2133.6128	
276.04834,210.03304,2315.1584	275.66983,261.22647,2355.3506	237.76276,260.3528,2360.9688	227.19542,342.2308,2244.1875	275.66983,261.22647,2355.3506	313.7582,262.10434,2349.732	320.82953,332.08066,2262.8955	275.88562,310.49338,2403.043	253.139,357.17453,2454.272	169.70094,387.10687,2317.753	299.11334,358.51297,2447.1987	210.41495,468.0562,2424.2478	379.50293,390.4967,2241.4763	253.139,357.17453,2454.272	341.84058,474.07224,2347.803	296.35208,406.0108,2211.246	273.9285,412.0639,2144.2766	
275.56555,213.61389,2320.5093	275.66498,264.24518,2355.1917	237.62616,263.62378,2357.6687	228.61322,345.4106,2254.6018	275.66498,264.24518,2355.1917	313.7839,264.8679,2352.7146	320.42017,337.11426,2267.4453	275.8965,313.64886,2400.6055	253.04913,360.77942,2447.5789	168.77289,386.5738,2319.253	299.21924,361.6573,2444.4597	210.44366,468.0498,2419.213	379.19562,389.4965,2240.0813	253.04913,360.77942,2447.5789	342.62186,473.2899,2348.1602	294.25705,411.5874,2219.2766	274.2063,415.59125,2153.5156	
275.1986,215.43231,2322.6816	275.3841,266.02072,2354.902	237.32144,265.44928,2357.0515	228.11453,347.9813,2252.3022	275.3841,266.02072,2354.902	313.51627,266.5932,2352.7527	319.70316,339.4568,2270.7222	275.6195,315.55267,2398.4531	252.7344,362.91705,2443.357	168.33379,385.2779,2320.252	298.9843,363.71918,2440.6514	209.78671,466.14893,2425.324	378.8029,388.0519,2237.5957	252.7344,362.91705,2443.357	342.80994,471.6885,2348.8687	293.1264,414.56348,2215.497	274.37933,417.39233,2160.1536	
274.85245,215.63492,2324.2664	274.98026,266.45593,2355.8076	236.94893,265.91852,2358.4646	226.71278,349.396,2251.1492	274.98026,266.45593,2355.8076	313.09747,266.9946,2353.1506	318.21338,338.5589,2274.0554	275.28632,316.04352,2398.3843	252.46582,363.5078,2442.6335	168.46417,383.66388,2320.5134	298.72928,364.2951,2439.2883	209.84174,464.3478,2427.5986	378.70984,386.45905,2242.3384	252.46582,363.5078,2442.6335	341.94308,471.01624,2345.457	292.39563,414.38953,2203.6116	274.74103,417.6765,2164.7622	
274.1692,214.78493,2324.5576	274.38806,266.03662,2356.5422	236.39952,265.65582,2360.017	226.75806,349.87256,2250.074	274.38806,266.03662,2356.5422	312.4888,266.41852,2353.0674	318.97977,337.24316,2274.5244	274.9592,315.6702,2398.4814	252.4035,363.27887,2442.6082	168.86858,382.75726,2320.595	298.65933,363.91742,2438.2332	209.51706,463.10602,2432.1633	378.94366,385.1944,2237.797	252.4035,363.27887,2442.6082	342.41077,469.18494,2346.4414	292.1591,412.49734,2200.3457	274.8564,417.488,2158.6987	
273.73236,212.67014,2324.7073	274.04984,264.55634,2357.669	236.07027,264.43024,2360.9534	224.54143,347.367,2248.0366	274.04984,264.55634,2357.669	312.13535,264.6828,2354.3845	319.99582,334.3896,2272.7654	274.95862,314.144,2400.2246	252.7453,361.84488,2444.848	169.55348,381.2356,2324.0525	298.9653,362.16327,2440.7126	210.00781,462.4306,2429.6858	378.10345,382.74643,2243.4065	252.7453,361.84488,2444.848	343.1383,467.6928,2348.8623	291.8704,408.21997,2190.4722	274.18738,413.04672,2152.3223	
273.30576,208.21332,2332.2861	273.96906,261.19452,2362.113	236.01157,261.363,2364.11	222.83699,343.5044,2248.0278	273.96906,261.19452,2362.113	311.9908,261.02576,2360.116	322.53546,330.71863,2270.8843	275.12463,310.87164,2403.0674	253.137,358.93622,2445.279	169.55032,378.81546,2327.3352	299.36978,358.8315,2442.7644	210.54533,461.22897,2422.1208	378.2676,380.735,2245.5151	253.137,358.93622,2445.279	342.31284,466.21643,2345.4392	291.70575,401.9735,2172.9058	273.8637,405.18344,2142.7668	
272.8124,202.98679,2336.0732	273.80966,256.57483,2366.7202	235.87643,256.9492,2367.3489	221.01868,338.17902,2246.5156	273.80966,256.57483,2366.7202	311.76306,256.20026,2366.0916	325.05872,326.24515,2275.947	275.15213,306.16132,2408.6558	253.38245,354.2626,2450.987	171.82794,376.42487,2329.657	299.52225,353.83875,2450.1956	209.11508,459.33032,2430.294	376.077,377.22357,2255.6545	253.38245,354.2626,2450.987	342.1546,464.11328,2349.0278	292.13815,394.27985,2156.8806	272.07895,396.02,2119.3828	
272.41553,197.33556,2337.9648	273.39868,250.99774,2371.0718	235.49567,251.55397,2370.5457	217.54471,329.36035,2245.7583	273.39868,250.99774,2371.0718	311.28482,250.44177,2371.598	327.85675,318.1907,2271.4775	274.91858,300.52072,2413.9531	253.3596,348.66602,2456.5032	172.7555,374.3415,2325.4863	299.40512,347.96405,2457.1658	208.6186,457.38715,2430.6194	375.2979,374.59668,2258.5796	253.3596,348.66602,2456.5032	341.00174,461.69815,2349.6545	292.47012,382.72736,2135.3545	268.1488,383.5683,2099.032	
271.74173,190.53773,2346.911	272.93698,244.70221,2378.4277	235.10564,245.4048,2376.4763	214.14426,318.66837,2245.3845	272.93698,244.70221,2378.4277	310.70627,244.00075,2380.3792	331.8707,310.88727,2280.238	274.524,294.34744,2418.9482	253.03598,342.83325,2458.2402	174.1008,373.16687,2326.7185	299.0585,341.88092,2460.6973	208.59851,457.28882,2427.3835	373.1473,372.78845,2261.335	253.03598,342.83325,2458.2402	340.77243,461.22314,2347.188	295.96368,369.0841,2110.6992	261.52148,370.2577,2083.4783	
271.6242,183.57329,2359.3806	272.94553,237.588,2387.0757	235.2671,238.29555,2385.6409	209.61546,306.90372,2258.1924	272.94553,237.588,2387.0757	310.5787,236.88129,2388.5105	335.43228,303.0774,2294.618	274.51068,287.42612,2423.483	253.01904,336.25717,2458.987	175.00314,370.9557,2327.7375	299.02313,335.3211,2460.7932	209.8743,454.95618,2428.9102	370.78827,370.24472,2267.4934	253.01904,336.25717,2458.987	341.02023,460.49194,2344.7422	301.68213,350.1734,2086.1133	252.15826,351.04892,2076.2302	
271.82202,176.49405,2364.633	273.72116,230.65553,2393.726	236.09732,231.8285,2390.092	207.73407,297.52338,2259.1096	273.72116,230.65553,2393.726	311.23093,229.48611,2397.36	338.0327,294.33633,2306.829	275.79156,280.41,2430.87	254.84067,329.4737,2465.726	179.30548,369.66434,2334.7356	300.71606,327.8615,2470.3022	212.8068,453.2337,2440.1519	368.79868,366.73532,2283.208	254.84067,329.4737,2465.726	342.94885,458.23914,2354.7534	309.3052,331.85394,2070.2048	246.6266,333.64526,2062.3357	
271.49713,168.87231,2382.2395	273.50833,222.82393,2403.6917	236.06845,224.21692,2400.8157	205.13333,288.20398,2279.5645	273.50833,222.82393,2403.6917	310.85876,221.43425,2406.5676	339.16428,285.07135,2316.8972	275.8495,272.7694,2434.9846	255.17511,322.3741,2464.4673	181.68909,367.35144,2334.2202	301.05362,320.5221,2468.088	210.53021,453.21094,2432.3584	363.28717,364.8552,2279.1208	255.17511,322.3741,2464.4673	341.62683,457.9649,2347.1409	316.07874,313.38715,2062.4324	232.1662,314.01508,2059.259	
271.55948,161.71704,2385.053	273.946,214.91678,2409.6538	236.74695,216.10834,2411.0593	212.35132,277.2592,2325.922	273.946,214.91678,2409.6538	311.18848,213.72383,2408.2483	340.6914,276.93643,2325.4539	276.1828,264.831,2441.5312	255.53307,314.15457,2474.2937	186.92255,363.25272,2354.5786	301.20724,312.76215,2472.5237	210.67334,450.93582,2442.3228	359.48053,362.47897,2288.5981	255.53307,314.15457,2474.2937	340.30307,455.46466,2359.0312	325.33176,293.75867,2057.4114	234.21992,310.45642,2099.5647	
271.7953,154.71072,2393.4524	273.64514,207.90794,2415.83	236.49236,209.03696,2416.127	206.73514,274.09186,2315.6448	273.64514,207.90794,2415.83	310.80704,206.77866,2415.5332	344.37445,266.2972,2333.7266	275.7314,257.86688,2446.0193	254.95132,307.29352,2476.3955	190.07408,362.3697,2351.4727	300.58582,305.9217,2476.0215	209.55891,451.20657,2437.4067	354.24738,363.0592,2294.0723	254.95132,307.29352,2476.3955	338.13916,457.17188,2357.8755	335.3042,275.6926,2060.0376	224.93945,300.58322,2085.7986	
271.74045,148.8204,2412.153	273.2666,201.83302,2424.9954	236.22664,202.99356,2424.5747	203.78632,264.96588,2316.3826	273.2666,201.83302,2424.9954	310.29376,200.67288,2425.416	349.07263,254.86205,2335.36	275.25174,251.90923,2447.6392	254.31445,301.7951,2470.018	195.04932,361.94824,2349.8088	300.0816,300.3398,2470.5479	210.00955,451.88657,2432.4614	349.75095,363.06085,2295.3157	254.31445,301.7951,2470.018	336.70386,458.84125,2348.7024	343.8417,259.9649,2060.1528	219.25562,284.64246,2075.194	
271.95206,144.02803,2422.503	273.27716,196.29599,2431.394	236.35724,197.40108,2431.7483	200.7767,255.40814,2318.8003	273.27716,196.29599,2431.394	310.20786,195.19058,2431.0398	352.81384,245.8146,2341.6824	275.12006,246.40929,2449.8384	254.0399,296.44995,2468.5056	203.07426,373.48682,2373.264	299.83508,295.0972,2468.0598	208.87558,464.54233,2440.241	341.81952,374.70093,2318.8367	254.0399,296.44995,2468.5056	341.67487,472.14526,2347.696	352.2855,245.64946,2070.5398	213.5773,268.31775,2068.645	
271.74295,139.19063,2435.1753	272.95044,191.07727,2439.414	236.20984,192.23082,2441.3477	201.03831,245.74507,2341.8667	272.95044,191.07727,2439.414	309.7493,189.92189,2437.4805	355.18964,237.14548,2351.3374	274.75214,241.15721,2452.615	253.64369,291.37042,2467.0332	209.40726,377.53595,2391.4778	299.44797,290.0308,2464.5986	206.44858,470.3541,2436.0195	335.04114,378.93976,2336.677	253.64369,291.37042,2467.0332	344.8259,478.0299,2337.228	360.1884,231.01402,2084.565	211.05905,251.48552,2079.2842	
271.37607,135.57416,2441.013	272.77228,186.9755,2444.8508	236.16447,188.15869,2448.1284	196.72467,248.35791,2399.4346	272.77228,186.9755,2444.8508	309.47836,185.78915,2441.5732	356.9813,231.8848,2364.1675	274.5357,237.0091,2455.3135	253.41946,287.27365,2467.8396	214.405,378.5711,2401.7214	299.18723,285.9614,2463.7126	206.4708,471.97797,2436.8494	329.06628,380.12485,2353.168	253.41946,287.27365,2467.8396	346.90262,479.2066,2337.399	367.64117,219.59338,2104.1135	203.25394,251.30591,2136.3357	
271.58676,132.9809,2452.9314	273.1169,183.49594,2451.5469	236.59229,184.61472,2454.4858	207.20714,243.19345,2421.687	273.1169,183.49594,2451.5469	309.7292,182.37447,2448.608	357.08267,229.0481,2374.5857	274.66626,233.43623,2456.5542	253.29749,283.80023,2463.4116	219.35574,378.52054,2404.1455	299.15564,282.54553,2459.7114	206.01147,472.53134,2428.4949	324.43787,379.8222,2361.99	253.29749,283.80023,2463.4116	347.1993,478.65463,2337.5295	375.14386,211.13866,2123.1855	210.13141,256.25598,2154.8303	
271.92572,131.80115,2458.889	273.55685,181.63274,2456.4456	237.08426,182.76393,2458.846	213.32056,243.62466,2434.5864	273.55685,181.63274,2456.4456	310.1008,180.49933,2454.0452	356.72913,226.72972,2390.2915	275.05603,231.48352,2457.9487	253.61072,281.92368,2460.963	224.29907,378.32483,2418.2915	299.52426,280.62225,2457.941	205.7152,472.76462,2425.9792	320.74606,379.7255,2372.4172	253.61072,281.92368,2460.963	346.92392,477.54474,2347.3428	381.43524,205.07214,2150.3481	213.16727,266.20474,2173.465	
272.1844,131.0524,2461.3657	273.8613,180.82014,2459.7952	237.50067,181.97453,2463.8044	218.38072,244.2569,2445.722	273.8613,180.82014,2459.7952	310.34064,179.66199,2455.786	355.40393,226.45026,2402.6465	275.30737,230.60844,2459.8054	253.84549,281.02145,2462.3398	227.89127,378.2564,2430.8037	299.70844,279.76993,2457.2915	206.19037,472.17572,2433.7754	317.3796,379.86176,2386.0234	253.84549,281.02145,2462.3398	345.72137,477.8525,2345.293	386.4546,200.5653,2182.3245	215.96297,275.01562,2194.8997	
272.3817,130.70975,2463.124	274.1477,180.39851,2462.7893	237.89536,181.69237,2468.3032	222.55524,244.85437,2454.713	274.1477,180.39851,2462.7893	310.56274,179.09885,2457.2754	354.62048,227.15033,2409.3193	275.71054,230.12267,2461.8428	254.41104,280.56076,2464.3677	230.8607,378.33478,2438.046	300.2027,279.20743,2457.4248	207.30804,471.4983,2442.1042	314.98672,379.83322,2396.567	254.41104,280.56076,2464.3677	345.88376,477.19214,2348.4612	391.8042,198.76817,2205.5986	218.5302,282.47668,2217.1497	
272.5266,130.13644,2472.491	274.3572,179.85925,2468.5522	238.29868,181.36209,2476.427	226.03235,244.95067,2466.128	274.3572,179.85925,2468.5522	310.64655,178.3468,2460.6775	353.33307,228.00131,2416.6477	275.99432,229.41959,2463.1777	254.80385,279.94812,2462.7612	233.59589,378.12036,2442.858	300.5656,278.44217,2452.8452	206.75543,470.6726,2442.6182	313.46472,379.4854,2400.1313	254.80385,279.94812,2462.7612	345.72357,476.81256,2344.6208	395.41705,198.62495,2227.739	220.9328,288.11432,2243.5503	
273.8286,131.15768,2477.6777	275.49646,180.27515,2470.7134	239.40918,181.71811,2477.3489	229.58575,245.69127,2469.4827	275.49646,180.27515,2470.7134	311.77814,178.82439,2464.078	350.10574,229.52155,2428.3232	277.00842,229.75343,2461.8345	255.62204,280.3369,2457.1328	235.76837,378.29395,2451.0928	301.51877,278.84036,2448.7783	207.95435,471.58783,2437.878	312.08234,380.0736,2406.982	255.62204,280.3369,2457.1328	346.25873,476.68948,2347.8135	397.51932,201.8978,2257.3635	223.86203,293.54526,2262.6987	
274.2542,132.05214,2487.266	275.86105,180.85712,2475.6748	239.83885,182.40042,2482.1152	231.9879,246.5115,2476.064	275.86105,180.85712,2475.6748	312.07117,179.30577,2469.2344	348.97427,231.34258,2434.1555	277.37045,230.13055,2461.2207	255.92686,280.80606,2450.8213	237.4462,378.7845,2453.818	301.94473,279.16348,2442.7124	206.14041,471.20212,2437.1006	311.63748,380.57092,2407.9746	255.92686,280.80606,2450.8213	345.99808,477.11765,2348.9922	401.21725,207.29306,2281.799	225.89218,298.08212,2285.221	
274.33746,132.94678,2501.0688	275.5146,180.94864,2481.5173	239.75313,182.66777,2491.606	233.49228,246.69931,2486.9211	275.5146,180.94864,2481.5173	311.568,179.21548,2471.4287	347.2566,232.99161,2443.572	276.8604,229.9475,2460.6975	255.28564,280.62848,2446.2305	236.961,378.0645,2460.7603	301.2926,278.9322,2433.525	204.9675,470.58096,2438.2102	310.52628,380.28024,2410.868	255.28564,280.62848,2446.2305	345.50424,476.8922,2344.9998	403.26413,214.21198,2301.4685	227.23114,301.0665,2311.7075	
274.26044,133.4206,2508.012	275.47403,181.1112,2483.8918	239.75655,182.83487,2494.303	234.7516,246.9021,2490.6558	275.47403,181.1112,2483.8918	311.4922,179.37306,2473.4807	345.8206,233.33081,2449.2861	276.68787,229.97537,2459.5698	254.9538,280.65894,2441.801	237.97272,378.1803,2461.5574	301.02203,278.96765,2428.6946	204.95236,470.35712,2438.7876	311.3529,380.0003,2415.1516	254.9538,280.65894,2441.801	345.139,476.91592,2348.5654	404.2758,222.33842,2314.7202	228.489,303.60553,2330.455	
274.34406,134.18596,2511.5532	275.58328,181.67647,2485.5332	239.92284,183.51895,2496.6064	235.92206,247.59439,2493.7534	275.58328,181.67647,2485.5332	311.5629,179.8175,2474.46	343.32477,233.9744,2454.1404	276.8563,230.46162,2459.3594	255.18182,281.2013,2440.156	238.80449,378.6017,2464.1519	301.2636,279.38617,2426.215	205.97867,470.68268,2442.1865	311.55145,380.21182,2419.32	255.18182,281.2013,2440.156	345.51636,477.1811,2347.7695	403.50604,232.33282,2333.5264	229.79459,306.17236,2347.7588	
274.534,134.52762,2513.1296	276.25797,182.08173,2486.165	240.54478,184.0513,2495.8318	237.34346,248.18932,2493.5908	276.25797,182.08173,2486.165	312.24994,180.09679,2476.4983	342.5412,235.23415,2457.5754	277.8084,230.84909,2459.8247	256.38312,281.69473,2439.57	240.06836,379.02667,2465.1252	302.5171,279.64444,2427.3987	207.0697,470.81116,2445.2341	312.57562,380.3485,2422.7136	256.38312,281.69473,2439.57	346.90387,477.05423,2351.1145	403.56052,238.36314,2342.0999	231.45633,308.30252,2360.8894	
275.11072,134.46808,2514.504	276.2183,182.00342,2487.9785	240.68799,183.78749,2500.9624	238.1322,247.82024,2499.1963	276.2183,182.00342,2487.9785	312.12134,180.20064,2474.9946	341.7054,235.85808,2456.8064	277.3073,230.77394,2462.297	255.52557,281.3921,2444.7913	237.47426,377.9614,2473.2234	301.46713,279.74744,2428.4402	205.02264,469.9981,2449.1746	310.31732,380.85855,2417.3528	255.52557,281.3921,2444.7913	344.7932,477.21637,2354.1616	403.0551,242.8617,2350.3723	232.52954,308.93878,2378.828	
275.17383,134.66263,2515.149	276.19293,182.23888,2489.5776	240.73572,184.07439,2503.5986	238.6933,248.05664,2502.203	276.19293,182.23888,2489.5776	312.05176,180.38258,2475.5566	340.70023,236.63905,2456.4019	277.30392,230.99878,2464.3984	255.60443,281.5917,2448.045	238.20163,378.85474,2466.9397	301.43716,279.93292,2430.3936	206.28868,470.8662,2447.8423	311.51608,380.9698,2417.0193	255.60443,281.5917,2448.045	345.80237,477.45395,2353.6653	401.90613,246.12587,2346.0435	233.4007,310.01602,2393.202	
276.0976,135.15726,2515.0278	276.99512,182.76091,2490.1372	241.41493,184.28693,2501.8066	239.78012,248.32571,2500.7012	276.99512,182.76091,2490.1372	312.91037,181.22054,2478.4678	341.3919,237.26074,2453.693	277.8371,231.51169,2464.5762	255.7836,281.97092,2446.3618	237.94801,379.2143,2465.6272	301.74832,280.5935,2431.6685	205.27753,471.85046,2437.7957	311.47076,381.63876,2418.0771	255.7836,281.97092,2446.3618	346.0344,478.2402,2350.7476	402.23367,246.7322,2332.0757	234.83466,311.0341,2402.124	
