345.80612,117.19982,2567.1013	348.995,163.57837,2547.4326	315.74414,166.90308,2577.0293	304.52747,208.94981,2477.755	348.995,163.57837,2547.4326	383.0276,160.17548,2517.836	401.96033,215.10814,2493.2524	351.98627,211.32172,2530.0098	332.87994,261.20258,2531.9077	330.87784,359.69525,2487.5168	377.50122,258.22897,2493.266	330.6678,452.40216,2511.1533	380.6007,357.04068,2483.7751	332.87994,261.20258,2531.9077	398.6285,455.83896,2403.1985	363.28632,188.67722,2310.9712	315.4159,170.48157,2232.872	
345.22803,117.42805,2567.9985	348.5569,163.80037,2547.6987	315.4503,167.31189,2579.959	302.8384,208.18303,2475.873	348.5569,163.80037,2547.6987	382.51266,160.19879,2515.4385	402.65515,214.78482,2486.6226	351.6473,211.53137,2530.148	332.72845,261.46396,2533.6506	332.08667,360.0193,2484.0842	377.20605,258.3685,2491.5437	331.2885,452.83856,2507.8367	381.45856,357.3518,2478.7842	332.72845,261.46396,2533.6506	400.01556,455.2146,2417.2302	363.8263,188.39339,2306.9563	313.18573,170.37137,2228.1765	
344.9184,118.190254,2568.4517	348.0318,164.43695,2547.0085	314.94754,167.90335,2579.9656	298.78354,206.76125,2466.9368	348.0318,164.43695,2547.0085	381.98343,160.87967,2514.0515	402.92224,214.69275,2478.8127	351.00574,212.18349,2529.1511	331.98038,262.09653,2532.7993	331.0517,360.75922,2480.5657	376.4444,259.09586,2489.788	331.02444,453.6809,2504.5527	381.28937,358.31406,2472.5571	331.98038,262.09653,2532.7993	398.92767,455.573,2427.5393	364.93347,187.5855,2300.3987	310.35428,170.23294,2221.5347	
344.20154,118.255135,2569.6792	347.31754,164.54561,2546.489	314.3445,168.05484,2581.488	295.6309,205.88908,2467.9697	347.31754,164.54561,2546.489	381.20956,160.93857,2511.49	403.17325,213.36661,2474.9084	350.2277,212.31186,2528.817	331.20242,262.21643,2533.9873	330.33682,360.63696,2490.1047	375.55865,259.25748,2488.3022	330.90268,453.89612,2506.7876	380.84805,358.79065,2463.605	331.20242,262.21643,2533.9873	399.08347,455.21677,2433.8906	365.75558,183.59756,2300.483	307.95508,169.64923,2223.6348	
343.4996,118.052666,2558.8152	347.0129,164.71902,2540.8508	313.80615,168.2875,2572.3958	290.53406,206.61656,2477.504	347.0129,164.71902,2540.8508	381.05453,161.06082,2509.306	403.8202,212.69089,2470.9866	350.39853,212.67036,2527.662	331.7683,262.70538,2535.0654	331.3187,361.20288,2486.9238	376.23517,259.51797,2493.8813	332.3784,454.36316,2505.8635	382.66388,358.8805,2466.094	331.7683,262.70538,2535.0654	400.5791,455.07272,2439.8442	365.9657,179.99014,2307.3147	303.09943,170.16269,2231.9524	
342.17145,118.14694,2553.3567	346.24988,165.07507,2536.6926	313.03564,168.94588,2568.5796	287.01917,205.99,2477.241	346.24988,165.07507,2536.6926	380.30978,161.10574,2504.8057	404.00946,211.96257,2466.4985	350.14908,213.12367,2525.8184	332.0626,263.35446,2535.7524	329.8345,361.8042,2487.5078	376.4688,259.79163,2494.1357	332.64026,455.21667,2503.017	382.34216,359.56073,2452.23	332.0626,263.35446,2535.7524	400.27893,455.68716,2434.0298	366.30234,175.72919,2311.0476	301.89133,170.04094,2231.5156	
340.4003,118.331635,2551.1445	345.03302,165.10135,2534.6694	311.7519,169.28632,2564.7678	283.5597,206.52904,2480.1294	345.03302,165.10135,2534.6694	379.11407,160.8158,2504.571	405.76422,208.11531,2456.772	349.53058,213.16837,2525.2178	332.01868,263.61194,2535.4106	328.15045,361.92093,2491.3506	376.45215,259.54944,2496.1216	332.2109,455.8238,2499.42	383.0675,359.50336,2439.3784	332.01868,263.61194,2535.4106	399.10632,454.8543,2438.7705	364.98077,171.30487,2323.554	300.8819,169.90652,2235.4043	
337.71808,119.924095,2533.4727	342.76724,167.35857,2524.4658	309.60822,171.962,2558.0583	279.08228,209.11252,2488.9817	342.76724,167.35857,2524.4658	376.82068,162.63098,2490.8733	407.62158,205.87154,2448.37	348.11084,215.6229,2524.0505	331.6114,266.09128,2545.5647	327.33612,364.32434,2483.0881	375.68393,261.67654,2501.7058	330.9979,456.45825,2511.5767	383.12082,361.5766,2419.8108	331.6114,266.09128,2545.5647	399.3711,456.1988,2434.1917	361.4093,170.89911,2338.2485	300.4154,173.03897,2247.4153	
335.06448,122.659454,2515.194	340.69174,170.49521,2515.4187	307.43976,175.21754,2548.8018	274.7471,211.67775,2505.9841	340.69174,170.49521,2515.4187	374.8382,165.64584,2482.0356	408.87274,204.96053,2441.208	346.64792,218.86389,2524.3853	330.81674,269.1422,2555.1353	324.94012,367.0909,2468.3015	374.68436,264.59912,2511.5684	331.44467,457.9187,2511.8428	384.89032,364.07544,2418.0881	330.81674,269.1422,2555.1353	403.69165,460.9146,2403.3103	358.32993,172.52515,2347.4517	296.42456,178.54218,2257.1453	
332.67786,125.99845,2506.0522	338.71356,174.0636,2509.5442	305.40265,178.78569,2542.78	271.62857,214.11475,2505.495	338.71356,174.0636,2509.5442	372.91864,169.21475,2476.3083	410.74957,205.1687,2435.7698	344.97372,222.47755,2524.2134	329.46875,272.57678,2560.572	322.95453,369.96094,2440.3262	373.22812,268.04865,2517.193	331.90866,458.3684,2509.2393	387.48343,366.73816,2400.5874	329.46875,272.57678,2560.572	410.2588,464.81055,2371.6868	355.9763,177.54987,2351.4983	294.14142,182.95914,2248.144	
330.2964,129.93112,2492.9797	336.89197,178.25635,2502.3704	303.55005,183.20297,2535.7554	269.72867,217.4685,2499.7324	336.89197,178.25635,2502.3704	371.13556,173.17595,2468.9854	411.96576,205.30945,2425.1587	343.8226,226.59581,2523.4917	329.02078,276.50867,2566.4016	324.2645,373.42505,2421.431	372.62897,271.71588,2522.8245	332.35422,459.47916,2512.697	392.9051,368.88254,2384.345	329.02078,276.50867,2566.4016	419.08524,467.91064,2344.2822	353.249,184.69788,2350.767	292.72714,188.02676,2232.1936	
327.92346,135.9567,2494.9253	334.95853,183.86038,2499.082	301.76395,189.3386,2533.8494	268.1683,222.79199,2489.8577	334.95853,183.86038,2499.082	369.08975,178.2276,2464.3147	412.68918,206.53375,2414.9888	342.73056,232.14609,2518.39	328.80405,282.38647,2560.3926	323.7233,379.19003,2394.3447	372.3541,276.95908,2515.003	333.4438,462.86255,2505.4663	398.1673,373.1231,2359.447	328.80405,282.38647,2560.3926	430.11575,472.66705,2307.8208	351.7809,194.2595,2339.288	291.73947,195.29303,2220.2053	
325.6407,142.46864,2479.3909	333.4746,190.78885,2490.0845	300.3455,196.46404,2526.8528	265.9247,230.024,2491.8884	333.4746,190.78885,2490.0845	367.5968,184.94356,2453.3162	412.58847,206.61017,2412.2805	342.0255,238.8687,2516.3467	328.954,288.7122,2566.6064	321.58237,377.57068,2373.9126	372.25412,283.14594,2518.6113	333.1334,457.27667,2512.0942	404.40744,377.71887,2359.314	328.954,288.7122,2566.6064	443.50464,476.36646,2287.058	356.97336,208.80986,2298.49	288.1992,205.62573,2214.0623	
323.29572,149.70117,2455.6404	332.26602,198.32214,2478.64	299.08777,204.10394,2516.295	263.48474,236.97981,2490.918	332.26602,198.32214,2478.64	366.46793,192.36197,2440.9849	411.0257,211.73901,2403.6562	341.6432,245.9229,2515.6436	329.43164,294.93304,2577.2214	319.79105,377.49045,2357.9712	372.47983,289.29987,2528.073	332.68018,454.4218,2514.3171	410.83408,381.0645,2353.8875	329.43164,294.93304,2577.2214	457.89502,477.7448,2266.7336	364.0052,222.336,2259.2732	285.70447,214.84998,2210.3257	
320.56967,158.17905,2435.717	330.61234,206.64915,2468.8586	297.6401,212.7071,2509.9324	261.86084,245.57639,2482.3713	330.61234,206.64915,2468.8586	364.7002,200.38623,2427.785	409.00125,217.97571,2394.3115	341.1989,253.60175,2514.2817	330.30603,301.76947,2586.5193	317.41412,380.02585,2342.9648	372.9604,295.94543,2532.8904	332.71677,454.07135,2514.5515	417.06488,384.562,2340.51	330.30603,301.76947,2586.5193	472.58246,478.7711,2237.5764	372.7441,236.43153,2221.296	281.85233,225.43709,2200.6106	
318.01266,166.40356,2417.7666	329.1067,214.66063,2457.8857	296.30817,220.84286,2502.217	262.70374,253.42445,2469.625	329.1067,214.66063,2457.8857	363.11008,208.2513,2413.5544	407.68787,225.28148,2381.1333	340.7145,261.00098,2510.1821	330.92337,308.33246,2591.4143	313.9334,381.36508,2330.7654	373.25162,302.50143,2533.5427	331.95554,454.08954,2508.5054	423.49902,387.81683,2330.613	330.92337,308.33246,2591.4143	486.51593,478.86664,2218.79	382.33395,251.06392,2191.7402	279.15506,236.68501,2190.7668	
315.8125,175.78275,2409.2832	327.6384,223.82362,2448.3694	295.15735,230.02423,2497.1328	262.25327,261.11972,2476.2559	327.6384,223.82362,2448.3694	361.4396,217.371,2399.606	408.3665,232.0618,2354.5232	340.11322,269.84302,2502.4473	331.30255,316.71277,2588.3596	310.53137,385.12286,2318.908	373.3415,311.04773,2524.6907	331.72903,457.04266,2498.0098	429.15796,393.88928,2316.605	331.30255,316.71277,2588.3596	499.0868,481.67395,2199.4194	392.6684,266.2045,2159.1514	274.27084,250.37636,2194.602	
313.92365,185.53812,2397.546	326.56668,233.54868,2438.0747	294.37448,239.66931,2490.904	259.66727,271.1915,2463.5762	326.56668,233.54868,2438.0747	360.18488,227.1569,2385.2454	409.44424,237.58896,2331.722	339.86978,279.1542,2494.5293	331.99368,325.40048,2585.4658	307.7209,386.73123,2316.1401	373.73868,320.00903,2516.502	332.16135,458.00085,2494.3862	435.49515,399.969,2310.1833	331.99368,325.40048,2585.4658	511.82928,483.51297,2190.3281	403.63666,278.0131,2129.6504	271.585,261.35272,2187.3447	
311.68594,195.79343,2377.1245	325.67206,243.18481,2426.9312	293.93475,248.92899,2485.4678	260.37122,281.0949,2456.6963	325.67206,243.18481,2426.9312	358.97815,237.15671,2368.3945	409.49496,244.86928,2304.7563	340.01172,287.86078,2489.8306	333.35266,332.64746,2590.952	305.60413,387.08002,2320.5427	374.55374,327.95245,2514.508	334.53668,455.74884,2503.4553	441.83737,404.41965,2312.4539	333.35266,332.64746,2590.952	523.67993,483.43842,2186.7139	415.14615,289.91644,2103.6318	269.78677,271.7948,2182.1624	
310.71527,205.54248,2365.9902	325.27246,252.78363,2412.4448	293.7084,258.25943,2474.2495	261.48642,290.27524,2447.3245	325.27246,252.78363,2412.4448	358.4963,247.0199,2350.6401	409.5266,253.73192,2274.3586	340.15033,297.31488,2475.7964	334.0785,341.69342,2579.4722	302.4302,390.3532,2303.3076	375.14523,337.4879,2498.8237	335.11255,457.774,2487.4937	446.93494,411.5498,2301.7388	334.0785,341.69342,2579.4722	534.21454,487.26746,2160.3628	427.1043,300.558,2071.1018	269.09232,283.91794,2171.842	
310.51852,215.09668,2352.9272	325.2915,262.01355,2399.9578	293.86462,267.02756,2464.6423	261.9701,300.40112,2439.1484	325.2915,262.01355,2399.9578	358.45938,256.72174,2335.2732	410.92178,263.3421,2247.1575	340.5629,306.17944,2465.6895	334.91483,349.77383,2573.6296	299.57483,389.57483,2311.5493	375.85016,346.2711,2489.2126	335.7671,456.66956,2489.7878	452.84985,416.72723,2303.4304	334.91483,349.77383,2573.6296	544.60614,487.53287,2160.6135	436.69492,310.45398,2041.6953	269.06024,294.77267,2164.5005	
310.44244,223.67195,2338.4043	325.40988,270.33902,2387.199	293.9545,274.99506,2453.2776	262.12827,311.11868,2436.5698	325.40988,270.33902,2387.199	358.65625,265.41785,2321.1204	412.29578,272.1625,2220.5662	341.04678,314.04865,2456.0767	335.71307,356.84818,2568.0696	297.4872,388.84827,2312.1543	376.647,353.8478,2481.839	335.41428,455.917,2487.589	458.42404,419.98376,2307.9468	335.71307,356.84818,2568.0696	553.1136,488.49182,2144.5479	444.4376,319.70386,2018.5288	267.16864,307.3672,2160.7263	
311.17142,232.0268,2317.65	326.3424,278.34128,2372.1187	294.64267,282.35065,2438.633	262.5077,320.56052,2422.8079	326.3424,278.34128,2372.1187	359.87115,274.10056,2305.6042	415.3396,281.182,2195.2556	342.02014,321.31247,2447.1367	336.58698,362.80368,2565.5615	295.6442,387.9077,2318.8528	377.65027,360.61353,2478.748	335.4898,456.1655,2483.5674	463.1289,422.6907,2317.5063	336.58698,362.80368,2565.5615	559.563,489.33698,2126.5718	451.03302,330.81262,1995.2876	268.15042,316.32092,2148.4177	
311.73184,238.54663,2300.2742	327.0253,284.64505,2359.6296	295.0895,288.22037,2426.099	263.24426,327.7207,2408.919	327.0253,284.64505,2359.6296	360.8125,280.8625,2293.1602	417.77084,288.98633,2174.6128	342.83752,326.85638,2440.1267	337.40155,367.19672,2564.0017	294.63797,386.03076,2324.6404	378.58682,365.51764,2477.2458	335.3458,454.89566,2484.1917	466.67108,424.31976,2318.5762	337.40155,367.19672,2564.0017	565.6511,487.70374,2124.2617	455.02396,340.5673,1974.383	270.7655,325.31174,2134.0352	
312.30728,244.30075,2291.5925	327.42377,290.10123,2353.2043	295.12796,293.78406,2417.3157	264.46695,333.44962,2402.9617	327.42377,290.10123,2353.2043	361.5286,286.2121,2289.093	418.3386,296.16537,2158.3164	343.30618,331.8564,2436.3533	337.7439,371.80493,2561.3486	288.42203,362.99146,2297.6465	379.22565,369.87418,2477.6558	325.75766,438.02924,2445.7334	468.90216,426.52716,2320.607	337.7439,371.80493,2561.3486	569.98267,486.52478,2119.1582	456.25626,348.61243,1958.169	273.22455,331.7045,2127.4707	
312.79507,248.86996,2273.7036	328.0326,293.76526,2345.0134	296.02512,296.11917,2413.3413	265.90817,339.60004,2396.5273	328.0326,293.76526,2345.0134	361.96124,291.27005,2276.6855	419.92957,301.07355,2146.0273	344.00153,334.15613,2436.5576	338.6677,371.71353,2572.7344	289.5037,346.61404,2294.253	379.68445,371.52692,2483.4692	322.90063,423.95862,2444.5427	470.90448,424.80182,2319.4324	338.6677,371.71353,2572.7344	572.06885,484.76672,2132.737	458.28802,354.85794,1944.9695	274.75208,337.84308,2121.0803	
313.7782,251.19518,2264.289	328.81512,296.02652,2339.4807	297.07724,297.32794,2411.199	267.2272,339.71338,2432.7854	328.81512,296.02652,2339.4807	362.56042,294.64276,2267.7625	421.30118,304.36047,2135.9683	344.76227,335.71677,2435.4297	339.56915,371.80597,2578.1907	288.93973,340.68155,2290.6252	380.18292,373.01273,2484.5667	320.4075,421.02618,2430.5164	471.63666,425.9981,2316.2559	339.56915,371.80597,2578.1907	573.6785,485.3084,2119.2083	457.3659,360.64313,1938.6228	273.3806,340.977,2157.5618	
314.41296,252.93225,2260.096	329.49997,297.45935,2337.1748	297.58337,298.72983,2408.141	268.06982,340.85132,2455.8955	329.49997,297.45935,2337.1748	363.4155,296.1093,2266.2085	420.9867,307.71808,2128.985	345.4338,336.82407,2435.0303	340.148,372.56244,2579.1772	287.66177,339.60016,2287.1782	380.8692,373.7536,2486.5942	319.07037,420.82202,2423.715	472.58527,426.20923,2316.1401	340.148,372.56244,2579.1772	575.0414,485.13724,2117.1353	455.96756,364.2942,1931.5374	270.9536,344.65546,2182.8508	
314.23013,252.83014,2257.9966	329.54187,297.64075,2335.5132	297.51587,298.95047,2405.9167	267.7969,341.15155,2462.4465	329.54187,297.64075,2335.5132	363.5587,296.24957,2265.1096	420.42365,308.86224,2125.4924	345.43,336.98907,2433.7803	340.03906,372.7329,2577.9844	286.8673,337.47076,2286.3425	380.87152,373.85388,2486.1104	318.0223,419.309,2420.9202	472.82693,425.80917,2312.2998	340.03906,372.7329,2577.9844	575.1976,485.37704,2118.7144	453.1757,367.22968,1931.0828	270.64722,344.55753,2191.2703	
313.8934,251.84254,2263.4502	329.04895,297.10178,2338.537	297.17548,298.36737,2409.7214	265.42218,340.28656,2433.2244	329.04895,297.10178,2338.537	362.92377,295.7567,2267.3528	419.45694,307.44397,2126.7493	344.8453,336.83917,2434.6284	339.4458,372.95297,2577.1733	286.80634,334.6202,2288.5464	380.18628,374.18747,2484.266	317.03305,417.25302,2420.6353	472.4386,425.85223,2316.506	339.4458,372.95297,2577.1733	573.87775,486.5852,2104.8438	448.30722,368.3769,1938.773	272.56256,343.4098,2164.7673	
312.9768,249.55157,2266.1748	327.96188,294.78,2340.472	296.20044,296.0058,2412.1338	263.98688,337.83478,2403.6135	327.96188,294.78,2340.472	361.72977,293.47675,2268.81	419.24173,302.85596,2130.374	343.766,334.5976,2436.5312	338.43558,370.75366,2579.3584	285.89093,331.2993,2290.7117	379.05695,372.05984,2485.8228	316.30344,414.104,2422.1545	471.3136,423.25922,2317.992	338.43558,370.75366,2579.3584	572.67084,483.73764,2108.2139	440.90408,366.3538,1949.6896	274.48517,340.0374,2137.2217	
311.60992,246.15872,2274.5398	326.28128,291.689,2344.7798	294.7681,293.0869,2417.3855	261.86835,334.43613,2391.3142	326.28128,291.689,2344.7798	359.8084,290.20175,2272.174	418.06525,295.7582,2140.685	342.0353,332.27313,2436.6375	336.78436,369.3258,2575.8818	285.28207,328.26425,2286.5645	377.26367,370.51352,2481.1084	314.85684,412.5421,2412.2537	469.05658,422.91254,2319.6038	336.78436,369.3258,2575.8818	569.35535,484.50366,2098.52	430.7864,360.96625,1966.3423	275.06116,334.46423,2124.4368	
310.21204,241.72972,2285.723	324.76004,287.76498,2349.955	293.5329,289.41522,2423.6567	260.43826,330.30807,2385.1702	324.76004,287.76498,2349.955	358.00937,286.00784,2276.2534	416.6493,286.79724,2155.3364	340.39886,329.30817,2436.2622	335.18677,367.52255,2570.6724	285.7257,323.35852,2283.1252	375.51743,368.51355,2474.4663	314.699,408.48975,2406.964	467.63828,420.62885,2315.2659	335.18677,367.52255,2570.6724	567.166,483.94702,2102.1409	420.03564,351.5249,1988.2578	275.20895,328.24268,2116.9365	
308.14856,236.72334,2291.3098	323.19824,282.83337,2353.42	291.97278,285.1682,2426.0815	258.10785,326.74115,2380.0981	323.19824,282.83337,2353.42	356.41333,280.34976,2280.7583	415.82574,275.97894,2177.6528	339.00696,324.95023,2436.3125	333.9089,364.23056,2566.7205	304.97757,395.31607,2354.4976	374.40555,364.36282,2471.6897	313.8016,488.63348,2350.6003	466.755,415.94138,2316.398	333.9089,364.23056,2566.7205	563.92145,482.615,2103.4153	410.70114,338.88623,2018.5684	274.68045,321.06793,2113.0886	
306.8155,231.41498,2309.559	321.8383,278.41193,2356.5503	290.76224,282.31332,2428.098	256.19196,321.60138,2369.2463	321.8383,278.41193,2356.5503	354.8604,274.26624,2285.0027	412.99368,264.6789,2203.0383	337.40152,322.98914,2419.6743	332.17865,366.13837,2529.413	300.35727,459.01715,2264.1873	372.93332,364.42877,2436.1836	0.0,0.0,0.0	465.8437,416.93994,2282.2153	332.17865,366.13837,2529.413	560.9555,489.37408,2092.7993	400.49567,324.36584,2046.0157	275.03656,313.03943,2107.6658	
305.3469,225.587,2326.2676	321.64,272.60934,2359.95	290.48846,279.10355,2426.4888	254.20734,318.899,2359.9473	321.64,272.60934,2359.95	354.59912,265.7383,2293.4111	411.1735,256.51465,2227.271	338.2716,318.58914,2405.995	333.9062,365.39758,2495.5437	313.81766,468.9616,2319.7114	375.38696,360.1943,2408.5369	0.0,0.0,0.0	470.51175,411.87762,2264.4016	333.9062,365.39758,2495.5437	562.05206,489.16608,2100.1409	387.55975,309.25223,2072.5042	276.7865,305.38666,2109.0308	
304.7502,221.44328,2341.2231	323.29425,267.97058,2366.1833	292.30322,276.93958,2428.4607	253.11044,315.36032,2350.2493	323.29425,267.97058,2366.1833	355.96075,258.5167,2303.906	410.80096,248.2201,2260.638	341.8865,314.10754,2401.555	339.50156,363.15323,2477.594	321.52332,466.7383,2382.6165	381.07016,354.513,2396.259	0.0,0.0,0.0	474.58508,411.04224,2253.5815	339.50156,363.15323,2477.594	559.06964,493.81003,2123.1946	379.02997,293.34045,2101.63	279.67316,297.304,2107.5127	
305.10287,216.20097,2348.1355	324.58298,262.4853,2369.5583	293.48245,272.83926,2427.9058	253.29797,312.04773,2347.714	324.58298,262.4853,2369.5583	357.25375,251.60852,2311.211	411.59814,242.54343,2286.8765	344.29248,308.48276,2402.2065	342.97507,358.47626,2472.881	319.12335,459.42316,2407.754	384.62216,347.85123,2396.8284	0.0,0.0,0.0	472.11267,413.17767,2250.5173	342.97507,358.47626,2472.881	549.0168,500.44482,2146.619	372.4472,278.09076,2131.869	280.8701,290.22964,2110.2751	
305.5579,210.14888,2352.024	324.92422,256.30133,2382.4458	294.08368,265.7369,2444.651	254.87698,309.0916,2340.942	324.92422,256.30133,2382.4458	357.41846,246.35982,2320.2407	411.40485,237.23322,2311.8657	344.3044,301.41684,2425.775	343.58347,349.33255,2508.0676	318.16232,448.55872,2432.1628	383.04807,340.42474,2430.1404	0.0,0.0,0.0	458.93942,415.46765,2268.4255	343.58347,349.33255,2508.0676	533.68195,506.34842,2131.323	367.27188,265.24313,2164.2927	282.80087,282.94104,2103.644	
306.91376,204.25537,2368.4568	324.82172,250.66794,2391.8606	293.96695,259.99197,2453.8848	257.88287,307.39526,2353.4546	324.82172,250.66794,2391.8606	357.3193,240.84746,2329.8364	412.01797,234.05788,2330.9395	343.4723,296.349,2431.2217	341.4935,345.01965,2510.585	317.20877,445.54614,2387.409	382.22314,335.98303,2430.5806	0.0,0.0,0.0	449.6811,418.71002,2275.4487	341.4935,345.01965,2510.585	519.3257,513.52905,2135.4795	363.01608,255.60081,2193.3562	282.6115,277.6582,2111.723	
308.5606,199.0082,2384.7046	325.63843,245.58257,2402.6074	295.09402,254.59134,2467.2913	260.23105,302.75098,2360.24	325.63843,245.58257,2402.6074	357.873,236.0753,2337.9236	417.3015,233.0563,2364.5334	343.68097,291.61322,2438.7432	340.91638,340.57166,2517.401	316.51074,440.59628,2377.5928	382.18594,331.87833,2432.357	0.0,0.0,0.0	440.56195,421.02094,2286.7466	340.91638,340.57166,2517.401	501.9687,520.0515,2151.3345	367.54633,249.4149,2216.365	286.4971,270.12762,2127.425	
310.87424,192.29922,2392.8088	327.32214,239.14389,2410.8594	296.74396,247.78674,2476.076	263.15594,297.2384,2365.1338	327.32214,239.14389,2410.8594	359.6007,230.02046,2345.6428	416.63373,232.17233,2373.2664	344.7995,285.14667,2449.6064	341.5711,333.7237,2531.0427	316.82385,432.37964,2371.5837	382.5978,325.57,2445.6643	0.0,0.0,0.0	436.4616,416.25955,2235.8938	341.5711,333.7237,2531.0427	0.0,0.0,0.0	367.02023,244.12912,2226.1643	290.99597,262.09204,2138.1663	
313.6521,185.4858,2403.842	329.1902,232.83472,2418.718	298.4537,241.39395,2482.8276	264.9367,289.31476,2371.0454	329.1902,232.83472,2418.718	361.6004,223.8094,2354.6084	418.09906,233.18552,2378.1309	345.89047,279.22522,2454.8074	341.8755,328.24146,2532.7856	316.7257,425.70508,2353.1328	383.03027,320.16565,2449.0078	0.0,0.0,0.0	426.34116,412.6506,2203.6414	341.8755,328.24146,2532.7856	0.0,0.0,0.0	366.07068,240.26797,2235.4265	295.76404,253.60518,2146.1104	
316.94153,179.26424,2409.3499	331.8791,226.69325,2423.2222	300.80923,235.24083,2484.9612	268.13733,282.73557,2385.4973	331.8791,226.69325,2423.2222	364.57352,217.69875,2361.4832	419.01672,232.22476,2376.0488	347.94095,273.36005,2458.3232	343.14725,322.72314,2533.7427	316.2697,418.4516,2339.5742	384.62457,314.5709,2453.106	0.0,0.0,0.0	417.51245,408.03815,2189.6929	343.14725,322.72314,2533.7427	0.0,0.0,0.0	363.14035,235.22437,2248.7922	297.4163,247.26706,2152.6482	
320.94217,171.99655,2421.5198	334.36945,219.82916,2430.5435	302.7214,228.40567,2486.6572	270.8822,274.97318,2389.1262	334.36945,219.82916,2430.5435	367.5133,210.84729,2374.4297	419.55365,231.61032,2379.4365	349.23984,267.10126,2459.8716	342.97958,317.41922,2525.857	313.67792,411.86182,2325.5244	385.16125,308.9752,2452.5425	0.0,0.0,0.0	406.10315,403.36414,2180.8806	342.97958,317.41922,2525.857	0.0,0.0,0.0	360.8412,231.2159,2270.3286	301.03732,238.50095,2155.4548	
325.1365,165.25398,2434.5994	337.33014,213.36757,2438.5056	305.1422,221.76355,2489.2207	273.37933,267.87192,2399.424	337.33014,213.36757,2438.5056	370.88538,204.61493,2387.7905	420.15607,229.9541,2379.8623	350.8899,261.1836,2461.5662	343.06647,312.28583,2517.7397	313.47787,406.7858,2321.0344	385.9003,303.82556,2451.5137	0.0,0.0,0.0	398.4535,399.61996,2188.2363	343.06647,312.28583,2517.7397	0.0,0.0,0.0	359.06366,227.7907,2286.418	303.80106,231.9152,2166.0603	
328.50586,157.74295,2450.215	339.71826,205.81163,2446.7708	307.33606,213.9122,2495.9456	276.00482,259.80557,2416.1357	339.71826,205.81163,2446.7708	373.42874,197.37878,2397.596	420.36453,229.0939,2381.6594	351.99338,254.09755,2461.6377	342.79068,305.83405,2508.5842	312.6158,400.75473,2324.1467	386.0114,297.66763,2444.425	0.0,0.0,0.0	392.24115,394.29794,2189.9841	342.79068,305.83405,2508.5842	0.0,0.0,0.0	358.2559,223.72528,2296.948	306.67624,225.35928,2177.7964	
331.72345,150.50092,2457.043	341.98584,198.79562,2452.6235	309.45697,206.56233,2501.0007	279.706,251.99902,2426.5288	341.98584,198.79562,2452.6235	375.82376,190.71637,2404.2463	421.06213,228.86722,2395.427	353.2543,247.35884,2463.2068	342.95587,299.3469,2505.3555	314.6572,395.61307,2343.0222	386.45184,291.56686,2442.2246	0.0,0.0,0.0	394.84528,391.13177,2245.4094	342.95587,299.3469,2505.3555	406.47043,490.23215,2277.9292	360.52863,219.16856,2302.6765	308.74066,218.09448,2178.4058	
335.50052,143.34656,2452.9365	345.01004,192.03564,2453.0806	312.09592,199.43738,2498.4302	284.11975,243.03204,2429.7234	345.01004,192.03564,2453.0806	379.16403,184.35509,2407.731	419.92017,226.82498,2397.2158	355.46997,240.82646,2463.5896	344.1562,292.87512,2503.6992	320.21475,390.35217,2372.143	388.05103,285.44153,2444.498	329.78586,479.70914,2437.0112	396.81494,386.56848,2276.3633	344.1562,292.87512,2503.6992	413.33597,481.8689,2324.526	361.0676,213.51434,2294.1414	313.22284,210.10416,2174.8247	
338.72244,135.55643,2458.4192	347.15024,184.6654,2457.3142	314.12567,191.54395,2502.6606	287.77448,235.26204,2442.8328	347.15024,184.6654,2457.3142	381.41656,177.52823,2411.9678	418.3361,222.43181,2406.6384	356.43585,233.67152,2464.5703	343.88553,285.7249,2501.4192	322.07498,383.8642,2388.43	387.97617,278.9741,2442.2336	332.74554,469.96008,2477.698	396.8196,380.648,2281.5488	343.88553,285.7249,2501.4192	409.85205,472.44318,2358.3198	362.64746,208.53008,2286.291	313.6573,205.06839,2173.0505	
341.9385,130.07693,2462.096	349.41647,179.0929,2460.0671	316.02435,185.43315,2501.5166	292.04312,228.58502,2447.329	349.41647,179.0929,2460.0671	383.9531,172.53534,2418.6177	417.11945,219.65753,2413.2778	357.62033,228.26848,2464.6367	343.77036,280.34583,2496.2666	325.5939,379.37177,2399.8286	388.30536,274.10995,2442.146	334.81152,466.2541,2486.6138	396.84937,376.35126,2303.4087	343.77036,280.34583,2496.2666	411.348,469.25934,2367.951	363.68686,203.64645,2283.0186	316.43604,198.842,2179.6917	
345.1455,124.57638,2471.5012	351.30157,173.09201,2464.741	317.8443,178.84209,2506.3914	294.0451,224.33394,2472.1218	351.30157,173.09201,2464.741	385.90903,167.14424,2423.0906	416.45654,216.93271,2425.5088	358.20212,222.3536,2464.0308	342.9841,274.3443,2490.4995	325.94925,373.5553,2414.44	387.72278,268.8827,2436.1416	335.55588,461.5412,2492.3892	396.4805,371.5865,2318.1167	342.9841,274.3443,2490.4995	411.79004,466.60632,2363.2063	364.8623,202.3915,2280.1272	314.90057,195.49286,2199.515	
347.73944,120.27738,2467.678	352.7498,169.35822,2464.1804	319.07147,174.23186,2504.6453	297.79306,220.01993,2482.0242	352.7498,169.35822,2464.1804	387.55267,164.32187,2423.7156	414.0396,213.30717,2428.7427	358.2919,218.81023,2463.6555	341.60236,270.43423,2489.5435	328.60425,369.66592,2438.7812	386.55243,266.08572,2436.7178	334.03143,459.91235,2494.954	395.70773,368.69403,2346.0881	341.60236,270.43423,2489.5435	411.17206,465.06067,2371.2754	364.97827,200.1866,2269.0881	316.57642,191.4264,2203.7708	
350.42944,117.482605,2466.2483	354.85568,166.61954,2463.521	320.85815,170.93234,2500.2515	301.12247,216.66829,2481.4587	354.85568,166.61954,2463.521	389.88232,162.17616,2426.7905	412.16864,210.8082,2432.3333	359.58957,216.17693,2462.249	341.9088,267.66125,2484.9524	333.36774,367.2933,2445.823	387.18903,263.87296,2437.0017	335.3542,459.43604,2485.3955	396.82416,366.09177,2372.1755	341.9088,267.66125,2484.9524	413.44952,464.10065,2369.4045	364.82263,198.57587,2261.2727	320.64545,185.97382,2201.3794	
352.4724,114.94868,2465.0369	356.3693,164.14682,2464.161	322.18347,168.02167,2498.5105	301.26917,217.11914,2510.7017	356.3693,164.14682,2464.161	391.52167,160.16241,2429.8113	413.84625,210.90588,2432.7673	360.46674,213.7496,2462.227	342.04675,265.0786,2482.7078	335.71356,364.68945,2454.8967	387.50864,261.75183,2437.8787	335.11975,456.726,2494.1868	396.46298,363.5467,2393.4011	342.04675,265.0786,2482.7078	413.08264,463.28503,2359.9734	365.52612,198.53767,2265.1348	320.31934,189.03175,2233.6619	
354.90396,113.84535,2480.9758	357.79324,162.27704,2470.9114	323.63177,165.65714,2505.2126	303.35754,217.4083,2520.3083	357.79324,162.27704,2470.9114	392.91653,158.80179,2436.61	414.62888,212.63654,2428.021	360.8672,211.67546,2462.1562	341.3505,262.76193,2475.7842	336.34537,362.63528,2452.9424	386.99203,260.06638,2431.018	334.48453,455.4324,2486.7573	395.83624,361.9807,2395.925	341.3505,262.76193,2475.7842	411.9677,462.30704,2357.1787	365.86023,197.78479,2264.223	320.23703,188.95113,2246.3374	
356.54657,113.82897,2488.9663	359.05496,162.0198,2475.3943	325.0637,165.27432,2512.3088	306.43768,216.31467,2503.166	359.05496,162.0198,2475.3943	394.07535,158.66678,2438.4797	412.46164,212.8979,2425.5374	361.6529,211.28659,2463.0356	341.70544,262.24246,2474.769	339.2017,361.78784,2463.4604	387.29688,259.8344,2426.585	335.04123,454.74408,2491.6216	396.176,361.3754,2406.937	341.70544,262.24246,2474.769	412.5545,461.6482,2363.4697	366.7332,195.51106,2254.1594	323.64368,184.84535,2235.6194	
357.80716,113.77504,2493.9563	359.91684,161.81403,2478.4028	326.0398,164.95511,2517.071	306.9848,217.96536,2521.589	359.91684,161.81403,2478.4028	394.86777,158.5734,2439.7346	412.52567,212.76532,2422.2837	362.127,210.98218,2463.499	341.82413,261.82535,2473.83	339.62717,361.29712,2466.6387	387.3734,259.64996,2423.3604	334.60577,454.61346,2490.0593	396.4835,360.71426,2417.286	341.82413,261.82535,2473.83	412.275,461.22623,2365.7349	367.01434,193.98456,2249.0068	320.80756,188.45314,2256.545	
359.67117,113.69142,2495.403	361.21017,161.73328,2479.0872	327.136,164.33621,2514.692	307.89944,218.93774,2521.7603	361.21017,161.73328,2479.0872	396.2774,159.05447,2443.4824	412.06866,212.34172,2421.118	362.8118,210.90396,2463.7842	341.77344,261.4875,2471.7234	340.1046,360.89526,2468.6445	387.52777,259.8758,2425.239	334.38815,454.40674,2489.2092	397.0999,360.44226,2427.3518	341.77344,261.4875,2471.7234	412.57605,461.47192,2360.8936	367.14862,193.03923,2242.0208	323.31595,188.93236,2270.8796	
360.7191,113.09049,2497.145	361.99268,161.0711,2480.6975	327.79745,163.39464,2513.9243	311.3235,219.76503,2521.872	361.99268,161.0711,2480.6975	397.11633,158.68451,2447.4707	412.60843,213.30533,2419.05	363.3489,210.23047,2465.8145	342.00827,260.66107,2472.616	340.6908,359.9478,2471.8362	387.84045,259.3006,2429.2468	334.65292,453.48102,2490.9792	396.89044,359.72205,2432.6538	342.00827,260.66107,2472.616	412.92517,460.88843,2358.5867	368.64633,192.20554,2242.354	326.45535,189.96303,2285.085	
361.66425,112.56884,2505.0522	362.5886,160.17471,2485.397	328.60587,162.35738,2521.813	310.87555,218.15765,2526.4558	362.5886,160.17471,2485.397	397.58197,157.92715,2448.981	413.92316,213.08638,2418.5615	363.38635,209.14862,2467.5022	341.56485,259.34244,2473.377	340.21518,358.7962,2468.4746	387.27014,258.32376,2425.8384	334.05707,451.9486,2492.8662	395.76404,359.24966,2423.4524	341.56485,259.34244,2473.377	412.0686,460.39905,2356.28	369.78986,191.10683,2242.334	327.0262,191.16081,2294.9626	
