287.9667,125.46267,2711.4631	287.87222,169.9263,2696.6665	255.87201,170.32892,2702.8018	241.52927,215.30658,2598.8955	287.87222,169.9263,2696.6665	320.01837,169.52185,2690.5312	332.29156,217.85678,2702.276	288.0579,215.30945,2688.9045	267.221,261.08414,2685.147	268.54663,352.30463,2689.0112	309.33115,260.82623,2677.1382	257.59555,438.78363,2626.478	320.39807,353.14594,2631.352	267.221,261.08414,2685.147	341.00858,441.868,2547.0874	297.79214,203.64455,2497.1987	253.78712,186.07083,2343.1597	
290.4971,128.10287,2704.1604	291.1662,172.50711,2689.7363	259.1704,173.30719,2698.576	245.92743,213.29628,2581.4226	291.1662,172.50711,2689.7363	323.37296,171.70178,2680.8967	337.43338,216.86336,2687.122	291.84555,218.04538,2683.5264	271.52185,264.12378,2683.0857	273.5753,355.64285,2681.318	313.62497,263.46457,2671.547	261.28696,443.14188,2628.8186	325.86545,355.6596,2636.447	271.52185,264.12378,2683.0857	345.09598,445.30545,2549.1238	302.5581,203.6963,2482.7085	258.86005,185.20892,2329.7268	
294.01685,127.304565,2701.533	294.44574,171.90181,2686.8018	262.38947,172.53363,2695.4648	251.08148,213.33548,2577.711	294.44574,171.90181,2686.8018	326.70938,171.26591,2678.1387	342.55203,218.4638,2673.0657	294.89282,217.49763,2680.3713	274.2983,263.53464,2679.594	272.87885,355.42255,2670.4812	316.47498,263.08994,2668.2878	260.24197,439.08282,2629.966	327.19382,355.50046,2637.5457	274.2983,263.53464,2679.594	344.46094,442.10675,2548.622	305.49387,203.44563,2475.7947	260.17972,185.85023,2323.1963	
296.3502,126.48905,2699.7168	296.85416,171.01227,2684.484	264.80606,171.75171,2694.475	254.73788,212.84705,2569.8618	296.85416,171.01227,2684.484	329.14172,170.26727,2674.4927	345.51355,219.63739,2649.5188	297.385,216.64189,2677.5686	276.86557,262.7707,2677.1738	273.40823,354.6803,2668.8047	319.07468,262.2437,2664.1328	259.8451,437.77197,2631.8037	327.97852,354.6585,2643.7104	276.86557,262.7707,2677.1738	345.00546,442.27798,2545.2861	304.72574,201.69482,2462.1863	263.61658,185.17128,2318.1763	
298.67062,125.65907,2698.3047	299.21658,170.25893,2682.6846	267.1345,171.10349,2692.58	258.08502,212.9036,2572.9238	299.21658,170.25893,2682.6846	331.53625,169.40811,2672.789	346.8378,219.54861,2642.7593	299.90594,215.91937,2675.8848	279.52472,262.14618,2675.543	274.40524,354.1387,2664.958	321.77518,261.47717,2662.627	259.35223,437.51962,2630.4846	329.66486,354.07083,2642.0635	279.52472,262.14618,2675.543	345.25357,442.5086,2547.7104	309.70444,202.32434,2454.5767	266.53384,185.98596,2318.6843	
300.8437,126.314865,2688.1082	301.6605,171.22684,2677.5303	269.44098,172.11679,2685.1375	259.36545,213.285,2576.961	301.6605,171.22684,2677.5303	334.0636,170.33182,2669.923	349.97,218.77707,2642.8909	302.59894,217.02066,2674.7422	282.44098,263.32266,2676.9194	274.72522,355.28607,2660.793	324.71628,262.49588,2666.9888	259.1527,439.12485,2633.4355	330.5594,355.1818,2643.7397	282.44098,263.32266,2676.9194	345.4069,444.0321,2555.9763	312.88312,202.80203,2452.4944	267.66608,186.63023,2323.295	
301.52658,125.35432,2684.4907	302.73108,170.54828,2675.8367	270.5617,171.7211,2685.5986	260.52582,213.68515,2576.9639	302.73108,170.54828,2675.8367	335.13605,169.36685,2666.0747	352.62262,217.73848,2643.9348	304.0249,216.38522,2675.0742	284.27795,262.79724,2680.6833	272.96973,354.42346,2658.723	326.4615,261.69672,2667.9402	257.23047,435.6513,2637.7852	331.2458,354.70282,2633.865	284.27795,262.79724,2680.6833	344.0461,441.73914,2555.257	315.28226,202.59271,2448.5576	268.78522,186.64645,2324.3665	
302.84238,125.559265,2681.1895	303.99872,170.76364,2673.6018	271.83673,171.98224,2684.6038	260.53217,213.57942,2634.4807	303.99872,170.76364,2673.6018	336.4265,169.53499,2662.5999	354.90628,217.99583,2645.957	305.34036,216.65244,2674.103	285.6626,263.07446,2681.7844	272.03897,354.6919,2649.1853	327.81354,261.9706,2667.424	254.90479,435.38406,2632.1233	331.26407,355.1253,2631.469	285.6626,263.07446,2681.7844	343.58432,442.15997,2552.652	317.4406,202.38629,2450.5718	267.46072,193.05959,2375.385	
303.3105,125.56554,2679.5469	304.54205,170.93726,2671.825	272.50366,172.21716,2686.6846	258.84482,215.79605,2627.244	304.54205,170.93726,2671.825	336.9388,169.64305,2656.9653	355.87756,218.20389,2643.4773	305.85718,216.86505,2673.0132	286.22403,263.2566,2683.9023	270.1623,354.41736,2651.933	328.27078,262.24377,2664.5005	251.44159,435.2504,2628.6367	330.73892,355.6669,2623.5125	286.22403,263.2566,2683.9023	343.3317,442.80518,2547.1633	319.89157,200.6081,2446.9878	265.16275,194.48622,2385.8948	
303.72934,126.82439,2669.721	305.01324,172.42154,2667.3425	272.92545,173.5976,2682.6062	256.8305,216.36159,2611.6255	305.01324,172.42154,2667.3425	337.4704,171.23193,2652.0789	356.65778,218.69989,2636.7297	306.31677,218.43674,2673.713	286.7237,264.65854,2690.0435	268.57443,355.2574,2657.9	328.66037,263.80466,2670.123	248.46252,437.75574,2626.4033	330.94846,357.19708,2623.0208	286.7237,264.65854,2690.0435	343.1019,443.56,2554.1604	321.0225,198.50635,2440.913	263.5728,192.60016,2363.0344	
303.5304,128.30508,2663.808	305.07217,174.0086,2664.8557	272.94702,175.20694,2679.9998	254.89641,216.2925,2589.308	305.07217,174.0086,2664.8557	337.5645,172.79654,2649.7117	355.65994,221.00946,2630.8635	306.53702,220.0517,2675.5308	287.13974,266.17,2696.0889	266.45633,356.18866,2658.5718	328.99466,265.28442,2676.3228	245.0301,439.93646,2619.1804	331.30624,358.69687,2612.6157	287.13974,266.17,2696.0889	342.96997,443.6336,2554.4707	320.1537,197.26654,2429.3794	262.8234,189.88316,2341.073	
303.02112,130.31274,2651.358	304.77997,176.396,2659.821	272.5577,177.67865,2673.9075	254.11543,216.9509,2568.6482	304.77997,176.396,2659.821	337.34537,175.09969,2645.7346	352.91968,224.49936,2613.9448	306.5676,222.4406,2677.1692	287.5219,268.40906,2703.711	264.62894,358.0469,2647.3203	329.28494,267.37198,2685.3237	242.17273,441.17682,2618.6914	331.15912,360.59454,2600.4478	287.5219,268.40906,2703.711	343.13568,444.19598,2554.1404	318.138,196.89648,2419.415	261.91232,188.65225,2321.3643	
302.08597,132.88216,2645.1277	304.23322,178.92902,2656.2576	271.94983,180.32353,2669.694	252.73752,219.0957,2559.3179	304.23322,178.92902,2656.2576	336.84485,177.52032,2642.821	351.05554,225.9565,2590.477	306.27597,224.97998,2676.588	287.48526,270.93842,2705.6875	262.30496,360.21234,2626.9883	329.22635,269.73096,2688.149	240.4213,442.08032,2611.5017	331.28577,362.77292,2580.6584	287.48526,270.93842,2705.6875	342.46484,444.93872,2546.8972	316.3103,197.9685,2406.6672	256.69952,190.90414,2306.8152	
300.7646,136.00658,2651.5303	303.0822,181.66388,2656.367	270.7553,183.40692,2667.8516	249.9124,223.44655,2554.6895	303.0822,181.66388,2656.367	335.68982,179.90572,2644.8823	348.97296,228.93335,2581.2417	305.56708,227.7241,2673.059	287.13586,274.08356,2697.2478	258.81256,362.97003,2607.824	329.02307,272.33685,2682.2546	239.08667,443.2505,2600.8203	331.2215,365.46133,2557.071	287.13586,274.08356,2697.2478	342.55017,446.27673,2534.6467	312.63763,204.00026,2395.1348	255.30032,193.1871,2307.7437	
299.3771,140.1637,2636.2112	301.75964,186.22961,2648.0554	269.34613,188.00565,2659.813	247.67238,227.21928,2555.3394	301.75964,186.22961,2648.0554	334.46225,184.43776,2636.2979	345.01654,233.78568,2576.619	304.41867,232.32935,2668.977	286.16412,278.59457,2697.5718	255.42914,366.93887,2598.8613	328.02795,276.82428,2682.2256	238.37427,444.48123,2611.9473	330.133,370.20602,2553.5686	286.16412,278.59457,2697.5718	341.6361,447.85,2541.715	309.38788,210.44339,2393.671	254.10892,198.27124,2303.636	
296.9365,144.81027,2629.06	299.1938,190.89944,2646.3743	266.99524,192.46559,2663.4346	246.33258,231.21806,2543.1948	299.1938,190.89944,2646.3743	331.81015,189.31299,2629.314	342.434,237.31252,2568.7927	301.83493,236.83598,2673.647	283.75043,282.47565,2712.0613	251.24854,369.87418,2604.379	325.26633,281.20874,2689.778	236.81375,442.2195,2623.8027	328.82974,374.30383,2551.7705	283.75043,282.47565,2712.0613	339.59482,447.28314,2549.4304	304.4737,219.01686,2388.951	252.22017,203.3399,2288.5366	
294.60895,149.28363,2616.5286	296.50336,195.75787,2643.0686	264.62842,196.64514,2666.8066	244.94565,236.32068,2546.718	296.50336,195.75787,2643.0686	328.95602,194.8545,2619.3306	337.12738,243.3357,2563.373	298.76038,241.39632,2679.3623	280.59964,285.8695,2731.1633	247.76205,372.4704,2605.7742	321.54828,285.7596,2700.1487	236.00595,441.5617,2627.2751	328.53534,378.34955,2556.72	280.59964,285.8695,2731.1633	338.82245,446.875,2550.7842	298.7183,224.47794,2383.1763	246.18262,209.69151,2284.889	
292.2141,152.49939,2618.2034	294.28653,198.86176,2642.836	262.55063,199.89935,2669.0193	241.85605,238.72124,2538.3503	294.28653,198.86176,2642.836	326.65756,197.80338,2616.6526	334.33038,246.51646,2556.1746	296.87744,244.50058,2678.5195	279.14087,289.03748,2731.2808	247.21677,375.2621,2575.006	319.91617,288.84003,2697.1255	236.93674,442.71637,2608.2134	331.17212,380.89258,2543.294	279.14087,289.03748,2731.2808	340.89322,446.07245,2536.5771	294.3396,228.23927,2373.919	244.35028,210.80966,2275.7664	
290.6023,154.20312,2618.5427	292.44922,200.55112,2643.5833	261.15253,201.44724,2675.9636	239.4899,238.56148,2522.667	292.44922,200.55112,2643.5833	324.5221,199.6328,2611.203	329.3724,248.83275,2539.078	295.15848,246.1262,2680.2656	277.78192,290.34814,2738.0908	245.95546,376.56842,2578.7478	318.1212,290.59506,2695.8052	237.36139,439.26398,2616.351	330.37564,382.8955,2546.8423	277.78192,290.34814,2738.0908	340.14352,444.16092,2539.5078	289.2981,228.15079,2362.9001	242.98935,206.85672,2260.5217	
288.03528,154.63972,2610.721	290.22617,201.17805,2639.3591	259.12738,201.90073,2674.9949	234.28674,237.1178,2524.8372	290.22617,201.17805,2639.3591	322.17624,200.43561,2603.7234	323.71353,246.41516,2509.5347	292.96793,246.74661,2677.919	275.77682,290.71942,2739.727	244.18123,377.14746,2580.9343	315.8296,291.32877,2693.2305	236.7405,438.3134,2610.9307	328.0177,384.05353,2555.458	275.77682,290.71942,2739.727	339.98157,443.6147,2534.833	282.90445,221.82999,2341.411	239.20044,203.7815,2261.1775	
285.31775,154.25415,2608.366	287.256,200.97668,2640.9136	257.1296,200.97878,2686.472	231.2474,235.4962,2525.5017	287.256,200.97668,2640.9136	318.4401,200.97455,2595.3552	320.16907,244.9423,2490.7966	289.70953,246.36412,2683.351	272.8214,289.37314,2755.5908	243.06625,376.0429,2604.8015	311.7779,291.32474,2695.9863	236.13351,435.51138,2624.4993	325.61172,383.72998,2559.649	272.8214,289.37314,2755.5908	338.5282,443.90326,2540.972	279.11548,214.28148,2331.2556	234.5289,198.50134,2265.1	
283.17902,152.49121,2605.1873	284.60092,199.53406,2639.877	255.02158,198.87277,2690.6982	226.73642,231.71893,2528.8086	284.60092,199.53406,2639.877	315.3415,200.22128,2589.0557	314.6135,239.21976,2467.9504	286.52798,244.88087,2684.5298	269.55396,287.2532,2762.3303	242.1058,374.13983,2605.4846	307.69327,290.27112,2696.035	235.59521,435.31863,2616.5916	324.7255,381.9675,2559.353	269.55396,287.2532,2762.3303	338.4527,442.33325,2538.0103	273.52374,201.51584,2326.0942	230.18271,189.7704,2279.1118	
280.7073,151.10944,2604.5623	281.94104,197.96022,2640.4287	253.00671,196.89462,2696.639	222.86928,226.17596,2526.9258	281.94104,197.96022,2640.4287	312.13412,199.07217,2584.2185	311.1592,231.93715,2442.491	283.72705,243.23825,2687.0698	267.0315,285.11636,2770.382	242.6911,372.588,2618.3013	304.37357,288.87662,2697.0398	236.47449,435.24307,2618.8694	324.333,379.9511,2569.9158	267.0315,285.11636,2770.382	338.55505,441.39493,2542.9846	269.1527,189.35037,2322.3967	227.45807,179.99025,2288.8472	
279.24524,147.78465,2603.2227	280.00076,194.52386,2638.7678	251.01672,193.42932,2694.6074	217.84766,220.08981,2525.9458	280.00076,194.52386,2638.7678	310.238,195.66573,2582.9282	307.08636,223.54886,2418.2468	281.68658,239.88136,2685.7417	264.88272,281.813,2769.121	242.9331,369.5132,2610.3184	302.2439,285.59647,2696.31	236.43964,434.98242,2610.1267	323.90677,376.2505,2576.7893	264.88272,281.813,2769.121	339.88434,439.85095,2541.2444	264.99905,176.26175,2325.7893	224.33838,170.14035,2301.7676	
278.0317,144.99837,2612.0598	278.2722,191.46864,2641.6218	248.96057,190.75685,2694.112	214.94391,213.27695,2523.9895	278.2722,191.46864,2641.6218	308.77228,192.20929,2589.1316	303.68408,213.97176,2402.1057	279.88287,237.01752,2684.3137	262.7416,279.5747,2761.258	242.81569,368.27203,2617.0623	300.6204,282.7456,2692.7532	236.60983,435.77142,2604.801	323.06116,373.31238,2581.343	262.7416,279.5747,2761.258	340.10687,440.68176,2542.4756	262.87326,164.19733,2325.548	220.25049,160.53734,2306.1548	
0.0,0.0,0.0	273.9013,191.67627,2639.1062	243.42998,193.02579,2676.6865	210.23195,205.85326,2521.465	273.9013,191.67627,2639.1062	305.253,190.28778,2601.526	298.69742,204.4009,2387.464	278.33966,236.80345,2686.9407	263.11008,280.4186,2759.4854	245.84023,369.9062,2623.767	302.49133,280.2841,2710.065	239.05057,439.2624,2610.5842	325.0941,370.16693,2605.2754	263.11008,280.4186,2759.4854	343.42654,439.2965,2564.3042	259.3467,152.03113,2329.0366	217.48929,150.34906,2319.7131	
0.0,0.0,0.0	270.689,193.68518,2636.299	239.97906,196.26062,2671.5266	206.97302,199.07185,2516.7136	270.689,193.68518,2636.299	302.23077,191.03996,2601.0715	294.67923,194.39594,2370.5203	277.41357,238.04742,2693.485	264.50684,281.46103,2773.5881	246.88911,370.6306,2646.469	303.53543,279.6541,2727.7542	240.19583,438.4372,2626.632	323.60828,369.3844,2613.8884	264.50684,281.46103,2773.5881	343.02634,441.14697,2564.9524	256.60086,140.16125,2336.4211	215.59808,142.09491,2338.9553	
0.0,0.0,0.0	266.89203,195.19595,2635.4473	237.21909,197.82936,2681.5051	204.95096,190.50543,2504.135	266.89203,195.19595,2635.4473	297.62054,192.46886,2589.3894	290.52197,185.29509,2352.574	274.9856,239.12474,2697.2012	263.92203,281.81393,2789.0225	244.8953,370.05847,2652.456	301.92578,280.3441,2728.8877	238.14915,437.6156,2629.2979	319.6857,370.23322,2599.3267	263.92203,281.81393,2789.0225	340.09045,443.99854,2548.3967	254.88458,129.57065,2350.4248	213.40659,132.77278,2345.8225	
0.0,0.0,0.0	263.57166,196.19275,2634.8218	235.38986,198.65427,2693.4912	201.07874,183.09598,2503.2954	263.57166,196.19275,2634.8218	293.0371,193.61911,2576.1523	287.65826,179.17729,2342.0356	273.05307,239.67339,2700.1594	264.1384,281.4838,2803.8438	246.0636,369.15546,2657.7683	300.53928,280.70435,2727.1504	238.87485,436.60858,2629.49	319.27844,370.59015,2601.6394	264.1384,281.4838,2803.8438	340.6715,444.09027,2542.566	254.28755,123.13178,2351.8079	211.36505,125.09546,2353.5544	
0.0,0.0,0.0	261.54086,196.92169,2634.448	234.30911,199.23822,2700.7095	199.35437,177.68611,2496.041	261.54086,196.92169,2634.448	290.17783,194.48563,2568.1865	284.1625,174.55174,2333.4453	271.81213,240.20364,2700.865	264.23486,281.56055,2810.4482	245.54245,368.45007,2650.7158	299.49585,281.2506,2724.1157	238.5964,437.98532,2620.7454	319.57013,371.03934,2601.826	264.23486,281.56055,2810.4482	341.19592,444.90625,2540.3337	254.08691,117.22787,2353.1152	210.91138,117.97561,2359.1484	
0.0,0.0,0.0	260.2139,198.70403,2632.7136	233.10236,201.17143,2700.2913	197.72815,173.71329,2493.503	260.2139,198.70403,2632.7136	288.75394,196.10661,2565.136	280.62466,171.91373,2326.7202	271.1925,241.69283,2701.2522	264.35223,282.78467,2813.7915	244.8969,368.929,2640.3645	299.46103,282.3161,2725.79	238.74033,439.80054,2616.384	321.23257,371.6187,2600.4917	264.35223,282.78467,2813.7915	342.55942,445.79626,2544.5671	252.99942,113.39233,2351.8838	209.7348,113.46467,2357.6953	
0.0,0.0,0.0	259.44907,200.10034,2633.5095	232.60251,202.05939,2703.1714	197.55763,172.3855,2491.2659	259.44907,200.10034,2633.5095	287.75452,198.03485,2563.8477	280.42413,172.63956,2321.3862	269.99362,243.15263,2702.0598	262.88208,283.94623,2816.0298	242.69144,369.48035,2632.061	297.7218,284.2071,2725.1904	237.08063,439.6665,2614.699	320.1088,373.3103,2593.5364	262.88208,283.94623,2816.0298	340.86713,446.4876,2541.9265	252.38876,114.29619,2349.835	210.58835,112.106895,2355.725	
0.0,0.0,0.0	260.30414,200.6659,2629.2869	233.80075,202.20074,2701.9067	198.45844,174.51974,2486.644	260.30414,200.6659,2629.2869	288.31317,199.04387,2556.667	280.50705,177.4438,2322.2092	270.6131,243.81804,2697.9834	263.4697,284.37173,2814.0579	244.9107,370.13275,2626.4304	297.94086,285.29865,2719.302	239.16379,438.90677,2610.7407	322.91644,373.8261,2584.1946	263.4697,284.37173,2814.0579	343.0169,446.13602,2537.8518	250.614,119.12258,2339.8606	209.87952,113.69429,2354.0103	
0.0,0.0,0.0	260.1906,201.35156,2625.2456	233.71805,202.7022,2698.4568	198.13135,177.7527,2487.32	260.1906,201.35156,2625.2456	288.18198,199.92343,2552.0344	280.2571,183.50287,2320.0938	270.56067,244.42397,2695.6013	263.49854,284.7252,2813.715	243.39822,370.20795,2625.1707	297.90182,285.90558,2718.199	238.45337,439.3645,2610.0027	324.18607,374.02042,2579.5671	263.49854,284.7252,2813.715	342.29645,444.75842,2542.7507	248.86969,124.368355,2324.6677	209.33157,118.20097,2346.3157	
0.0,0.0,0.0	257.72736,203.18983,2621.2468	229.93668,205.7149,2683.6968	198.2695,182.29361,2480.7563	257.72736,203.18983,2621.2468	286.87457,200.54152,2558.7969	280.8011,190.99043,2316.7837	269.05917,245.78622,2695.2842	262.07922,286.4776,2810.2295	240.84616,371.12616,2607.912	298.02182,285.72125,2728.4136	236.83957,441.6286,2606.6814	324.7629,373.16055,2584.7305	262.07922,286.4776,2810.2295	342.16736,443.25638,2557.1602	249.67297,130.26306,2307.435	209.16275,124.50052,2333.0557	
0.0,0.0,0.0	255.47272,205.36964,2615.2834	226.04883,210.46318,2658.1035	198.54382,187.9392,2478.8257	255.47272,205.36964,2615.2834	285.87616,200.10654,2572.4634	283.95175,201.30524,2322.908	268.2443,247.63466,2689.5256	261.59555,289.9961,2792.0205	240.64473,374.26328,2571.9844	299.45087,285.21295,2735.5151	238.18048,444.81085,2594.3232	326.70377,371.3203,2572.1047	261.59555,289.9961,2792.0205	343.62442,443.29517,2552.2925	248.6849,142.38428,2291.2405	209.09436,134.60303,2317.1472	
0.0,0.0,0.0	256.81604,211.23175,2608.1968	226.49799,217.34952,2642.347	199.98929,195.1626,2480.5325	256.81604,211.23175,2608.1968	287.93854,204.95163,2574.0466	285.00705,210.15384,2324.4836	270.0681,253.21976,2683.7383	263.6869,296.0314,2781.4548	243.07898,381.21637,2560.2393	301.80862,289.73544,2737.1047	240.99167,446.84442,2602.9272	327.93744,374.85828,2546.9927	263.6869,296.0314,2781.4548	344.8225,449.3338,2544.9946	248.73691,150.24152,2274.241	212.99847,148.38574,2302.2136	
0.0,0.0,0.0	261.7276,215.57698,2603.5745	231.40315,220.05695,2643.0042	203.82309,202.57133,2463.854	261.7276,215.57698,2603.5745	292.98468,210.95921,2564.1448	288.86893,222.29333,2334.0503	273.15387,258.15686,2676.3455	264.97568,300.4925,2774.7717	242.19662,386.44238,2562.4226	303.3327,296.43466,2723.4612	240.25034,443.99326,2601.2517	328.34573,381.9605,2517.5164	264.97568,300.4925,2774.7717	343.53128,452.23938,2532.7214	252.33298,163.04199,2255.975	216.96823,160.82529,2274.072	
0.0,0.0,0.0	266.6769,222.45438,2597.8494	236.13885,223.85745,2638.8706	204.68684,215.02,2459.2397	266.6769,222.45438,2597.8494	298.1949,221.00629,2556.8281	294.85565,235.31944,2347.8953	274.42856,265.14587,2674.4219	263.02225,305.52936,2777.2668	239.95047,391.45,2559.4797	300.8362,305.39084,2724.722	236.79205,444.96954,2609.67	326.63324,391.0208,2525.8499	263.02225,305.52936,2777.2668	339.58765,451.3501,2543.221	258.08813,178.14928,2245.6924	220.66943,174.4612,2260.426	
0.0,0.0,0.0	271.8532,225.2771,2592.4556	241.38116,224.68867,2636.4592	207.34972,231.48625,2462.7446	271.8532,225.2771,2592.4556	303.3776,225.88585,2548.452	302.51712,248.98227,2363.7405	277.15356,268.3042,2668.7732	263.34604,307.72037,2773.51	242.46855,379.0254,2499.9143	301.36594,310.18286,2716.6716	239.5343,442.73163,2603.0095	330.82443,395.6411,2518.0654	263.34604,307.72037,2773.51	342.23862,448.08643,2531.5684	264.4189,197.5703,2235.6868	224.52039,192.79976,2251.0635	
269.4963,184.99069,2519.3804	274.4493,229.8942,2588.7136	243.44904,229.54416,2628.9749	211.31421,248.30493,2486.3738	274.4493,229.8942,2588.7136	306.42908,230.25528,2548.4524	309.51233,261.64722,2377.809	279.23395,273.4508,2659.4724	264.61078,313.7349,2756.1995	243.68622,378.79828,2452.1704	303.2983,315.78406,2704.263	240.32426,445.94696,2587.718	333.13867,403.154,2521.1003	264.61078,313.7349,2756.1995	343.8018,449.44043,2526.2969	272.20886,215.28749,2230.2527	226.051,214.24098,2266.323	
277.72806,186.52686,2526.3943	279.59302,232.16916,2587.6643	247.81271,230.87442,2618.8774	215.72694,260.5762,2493.9158	279.59302,232.16916,2587.6643	312.1494,233.4955,2556.4512	319.73706,269.1006,2407.6855	281.95227,275.94998,2656.7202	264.4545,316.07916,2746.0679	242.62595,373.46243,2438.0005	304.2255,318.96738,2705.4844	239.33493,442.37354,2595.7744	336.47882,401.34402,2476.5715	264.4545,316.07916,2746.0679	342.7997,447.54852,2540.2422	281.52942,232.09898,2238.3076	234.96085,235.85707,2274.601	
283.1158,188.97478,2528.8506	282.8569,235.09366,2585.5771	250.30627,233.3119,2604.72	220.9007,269.64694,2491.1697	282.8569,235.09366,2585.5771	315.89316,236.902,2566.4343	328.53226,275.60126,2431.539	283.25153,279.0282,2652.7622	263.38632,319.29303,2732.432	241.71112,375.12503,2422.7324	304.0536,322.3054,2707.4626	238.42978,443.2259,2590.1194	336.17126,386.8828,2458.8408	263.38632,319.29303,2732.432	341.38806,444.47333,2541.676	293.98187,245.44354,2244.8499	245.95445,251.01111,2275.221	
288.11444,190.95511,2530.089	286.48706,237.00655,2585.449	253.34952,235.176,2590.1296	228.10373,275.03827,2486.337	286.48706,237.00655,2585.449	319.7448,238.84372,2580.7683	336.71042,279.30518,2449.4456	285.3409,280.9877,2651.3728	263.63983,321.59967,2720.3547	244.10414,375.23175,2417.4385	304.9074,324.0728,2714.2385	239.68958,442.12442,2591.132	338.60895,376.57013,2454.967	263.63983,321.59967,2720.3547	342.2773,441.4666,2546.3848	308.77167,252.21375,2245.8313	256.84363,260.14172,2273.6323	
292.505,192.24927,2530.8225	290.13428,238.50352,2585.423	256.7159,237.19525,2574.7122	235.51736,279.7335,2466.5542	290.13428,238.50352,2585.423	323.2769,239.801,2596.134	341.82513,277.0098,2468.4941	288.1303,282.45456,2651.1396	265.4627,323.6886,2709.8564	247.40364,376.0799,2412.0776	306.87717,324.86713,2723.856	241.70813,442.22165,2592.4246	341.52512,370.25394,2457.9663	265.4627,323.6886,2709.8564	343.61697,439.46338,2547.1753	320.56967,254.27612,2253.5654	269.45734,265.1253,2273.7437	
297.01035,192.15152,2530.6333	293.3687,238.6284,2583.073	259.9547,237.32352,2558.97	243.14323,284.20944,2445.1099	293.3687,238.6284,2583.073	326.16492,239.90916,2607.176	348.88892,277.241,2479.4604	290.03043,282.70712,2646.649	266.11414,324.41187,2694.505	247.99387,375.4074,2406.6345	307.34415,325.02032,2725.9448	240.47073,441.22522,2585.8079	341.4939,365.46542,2454.908	266.11414,324.41187,2694.505	342.19186,438.86533,2541.0125	334.06064,250.3347,2257.634	282.56784,264.93076,2274.564	
301.49948,190.48927,2530.6724	297.2196,236.99342,2582.7412	264.02856,236.07875,2547.7332	250.47873,284.95325,2428.8518	297.2196,236.99342,2582.7412	329.52292,237.88364,2617.7493	356.0777,272.96832,2484.598	293.23013,280.99722,2647.2715	268.8723,323.07092,2688.9895	251.79875,373.10706,2417.2595	309.6457,322.74536,2734.614	242.79114,439.47662,2598.3462	345.1329,359.83862,2468.7512	268.8723,323.07092,2688.9895	343.6665,435.85547,2552.3035	340.46277,244.04736,2259.1753	294.30237,261.71835,2270.3708	
305.79425,188.30591,2531.266	300.78638,234.98285,2581.0103	267.60422,233.59651,2543.6196	255.61987,282.98242,2418.9565	300.78638,234.98285,2581.0103	333.02084,236.3296,2618.401	363.8847,265.1304,2477.7666	295.87085,278.9343,2646.004	270.66974,320.7013,2686.6763	252.96307,372.23257,2423.224	311.34738,320.85406,2735.3188	241.79431,437.45215,2600.2676	345.795,357.82892,2466.7842	270.66974,320.7013,2686.6763	343.1992,436.633,2546.06	342.83228,236.10045,2256.1729	303.24356,257.9106,2273.7988	
309.84348,185.38159,2531.5225	304.54987,232.11858,2581.5894	271.8071,231.04178,2535.7258	264.77176,278.52606,2395.4277	304.54987,232.11858,2581.5894	336.14954,233.15779,2627.453	370.4463,255.60945,2475.8135	299.0935,276.02444,2647.2456	273.58752,318.09686,2682.9717	256.65112,370.35355,2424.1562	313.7716,317.51978,2742.832	243.18115,436.55597,2595.178	347.61465,354.6026,2479.5	273.58752,318.09686,2682.9717	344.02145,434.257,2551.638	343.41376,226.03984,2261.0166	312.5605,248.84256,2270.2544	
313.9812,181.6964,2522.6443	307.42,228.24513,2577.697	274.89032,226.65677,2527.6714	274.05505,272.90204,2375.254	307.42,228.24513,2577.697	338.7111,229.77303,2627.7227	378.02136,243.87543,2470.3127	300.64032,271.82965,2646.5618	274.06735,313.26062,2682.82	256.49725,366.94574,2431.8076	313.86377,313.1477,2748.033	240.77011,433.87286,2597.8186	345.9381,351.832,2481.7861	274.06735,313.26062,2682.82	341.5633,432.51358,2551.8552	349.01913,214.49146,2253.389	323.41202,238.49336,2261.2363	
317.8355,177.3926,2527.1096	310.89688,223.63547,2579.2078	279.56067,222.5904,2516.1838	286.3752,263.23157,2350.9668	310.89688,223.63547,2579.2078	340.73816,224.6307,2642.2317	382.7901,231.95831,2475.4932	303.27594,267.1619,2648.4424	276.51825,309.1355,2676.3977	261.08453,365.62985,2435.1836	314.9841,307.82556,2758.9563	242.80316,434.9004,2594.189	348.20288,349.45645,2498.7222	276.51825,309.1355,2676.3977	342.9063,430.43317,2558.2566	358.4732,199.32788,2245.0312	334.47974,222.62273,2255.7273	
321.941,173.76436,2528.8982	314.77127,219.60114,2579.6443	286.48413,220.09413,2495.8445	300.6343,250.68983,2318.9546	314.77127,219.60114,2579.6443	341.2784,219.13916,2663.444	386.30792,229.41231,2516.062	306.69058,263.35547,2646.6423	281.12497,307.0337,2658.2485	264.912,367.17258,2427.649	316.1774,302.94824,2769.0322	244.87811,437.0268,2583.6516	349.9295,347.82904,2503.3032	281.12497,307.0337,2658.2485	343.47943,431.06696,2558.0703	377.1162,186.95996,2318.9788	347.2768,203.6516,2265.313	
326.17816,170.24686,2539.3872	318.90955,216.0679,2586.085	290.8316,216.03983,2499.6528	312.22653,240.51271,2295.9812	318.90955,216.0679,2586.085	345.17136,216.09415,2672.517	389.33136,224.44289,2540.5044	310.1108,259.82556,2651.2954	284.3134,303.2599,2660.6077	264.5485,362.34842,2460.79	318.4532,299.7766,2772.404	243.8266,432.61188,2603.2915	350.6259,347.07126,2516.667	284.3134,303.2599,2660.6077	344.906,433.24744,2553.5505	387.29407,175.69986,2369.597	357.38693,188.64203,2268.8582	
331.75903,165.53229,2544.1855	323.91965,211.45314,2591.4001	295.54068,210.69196,2507.254	324.29276,226.27026,2283.5393	323.91965,211.45314,2591.4001	350.51358,212.16646,2675.5464	394.0591,214.81708,2557.789	314.32056,254.96957,2658.1174	287.49075,297.62927,2670.1516	266.33902,356.70956,2488.6433	322.1958,295.13092,2779.5178	244.8681,429.82837,2614.394	351.7187,342.29495,2537.4004	287.49075,297.62927,2670.1516	346.48267,432.31506,2556.342	395.49112,161.43318,2411.9946	367.6881,170.93204,2276.92	
335.14658,162.79926,2546.5615	327.02127,208.41179,2593.8843	298.36517,207.0892,2511.941	334.69894,215.49683,2272.79	327.02127,208.41179,2593.8843	353.92227,209.65337,2675.8276	398.7049,207.60934,2567.913	316.9759,251.85696,2660.9468	289.50793,294.0482,2674.6482	266.42456,357.00974,2492.987	324.65344,292.31793,2781.3704	243.56152,432.02112,2606.8625	350.51968,342.79553,2541.9695	289.50793,294.0482,2674.6482	345.3008,435.01965,2551.9402	400.9232,151.58244,2433.0093	376.18884,157.24915,2280.6995	
338.77643,160.0509,2547.7097	330.38605,205.80772,2594.9421	302.44525,204.57819,2508.7344	343.25085,207.51624,2266.378	330.38605,205.80772,2594.9421	356.53003,206.95819,2681.15	403.2542,203.69765,2572.9324	319.97485,249.27652,2661.503	292.53555,291.65594,2671.845	269.44373,355.7537,2492.4255	326.89963,289.63406,2784.2825	244.18353,434.0691,2600.3633	350.0457,342.80807,2544.9475	292.53555,291.65594,2671.845	345.5207,435.6258,2549.4329	403.78894,145.90791,2453.97	382.1777,146.7643,2289.1455	
340.93286,158.647,2548.288	332.47693,204.14272,2597.0266	305.81894,203.59921,2503.9348	349.15912,202.78027,2265.672	332.47693,204.14272,2597.0266	357.2899,204.64862,2690.1184	406.28564,200.47366,2572.4504	321.92267,247.54347,2664.3018	295.09146,290.40143,2670.7593	270.41748,355.75446,2498.5376	327.9535,287.28085,2792.3945	244.0022,434.953,2602.0066	348.60446,343.48917,2550.162	295.09146,290.40143,2670.7593	343.91617,435.70523,2558.9048	405.5323,140.79582,2470.9846	385.63333,140.40721,2303.7073	
343.25275,161.22565,2549.585	334.10535,206.3584,2598.3284	307.66205,205.53561,2504.0574	353.25546,201.56793,2265.8372	334.10535,206.3584,2598.3284	358.69702,207.12357,2692.5994	407.7334,200.5105,2577.7073	322.66,249.41219,2666.2026	295.12225,291.75632,2672.6353	264.44482,368.2722,2519.3787	327.7112,288.96313,2795.5186	241.37378,437.9274,2604.8555	347.1854,348.6307,2546.7488	295.12225,291.75632,2672.6353	342.7828,439.59155,2553.6199	406.17297,139.93484,2484.5554	388.38556,136.87717,2307.4114	
344.59915,161.96613,2549.2124	335.0922,207.17116,2598.8682	309.3979,206.61203,2500.7974	356.46384,202.34158,2264.887	335.0922,207.17116,2598.8682	358.91782,207.68962,2696.939	408.80383,201.41693,2579.8262	323.23734,250.0762,2666.991	295.72205,292.50702,2671.1204	263.29968,375.1792,2532.5242	327.4809,289.25705,2799.1072	242.22697,437.4928,2601.6052	347.56107,347.95468,2548.2876	295.72205,292.50702,2671.1204	342.73138,439.11804,2555.2231	408.23898,140.87354,2482.374	390.4993,135.71887,2307.7195	
345.55298,164.13707,2541.7046	334.48822,208.22118,2603.5757	317.25885,212.7538,2486.2004	357.98697,204.99661,2266.4597	334.48822,208.22118,2603.5757	350.2311,204.0796,2720.951	408.91153,202.85474,2581.1968	323.3062,250.51738,2679.3545	301.12808,295.8399,2674.8171	267.0576,381.13605,2553.0005	323.69275,285.43713,2835.4495	246.02316,440.13043,2605.0645	345.81873,344.0547,2568.6873	301.12808,295.8399,2674.8171	340.93518,434.78284,2575.155	409.09033,141.94702,2480.2537	391.97638,137.7079,2307.7156	
346.1112,166.09747,2536.8074	333.67007,209.18317,2607.3608	320.53995,216.56294,2481.0134	360.7898,207.6272,2269.6663	333.67007,209.18317,2607.3608	345.5865,202.48557,2733.7083	406.30524,206.13672,2585.1729	321.48203,250.37213,2690.6587	301.41696,295.96353,2691.6316	261.95822,379.63916,2562.5706	318.1387,282.60764,2856.2815	240.50024,437.96503,2612.0447	344.35126,343.8226,2564.1577	301.41696,295.96353,2691.6316	338.7567,435.67398,2568.3916	409.74066,145.86285,2473.1648	393.34793,139.5265,2307.06	
346.18594,168.79001,2534.2336	333.35938,211.48415,2608.3723	322.25925,220.50443,2477.6394	361.11075,212.60681,2270.175	333.35938,211.48415,2608.3723	343.39993,203.32492,2739.1052	403.85605,210.32742,2587.0056	320.61993,252.09114,2695.109	301.2954,298.00317,2697.1677	262.39792,382.3781,2551.4124	315.61844,282.7917,2866.5232	240.70323,440.27283,2605.0933	347.5431,347.6323,2548.952	301.2954,298.00317,2697.1677	341.05087,439.88928,2558.5686	410.2007,151.44214,2457.807	395.27356,144.51743,2300.5085	
345.754,171.3746,2532.5632	333.65405,214.21661,2608.4785	322.27884,223.81892,2477.0225	359.29196,220.35738,2272.0767	333.65405,214.21661,2608.4785	343.93777,205.5357,2739.9346	401.7528,215.49057,2587.508	321.24738,254.64587,2697.2168	302.10312,300.68607,2700.6648	263.7704,385.51965,2544.406	316.71167,284.7995,2871.2454	241.28333,441.70267,2600.9485	352.61383,351.22656,2537.1438	302.10312,300.68607,2700.6648	344.92996,441.33032,2552.4521	411.39978,157.54642,2446.3545	395.43463,153.07036,2300.2378	
345.02698,175.56316,2532.7356	333.21744,218.6227,2608.7285	320.52994,228.09785,2478.2124	357.87152,228.2924,2274.0405	333.21744,218.6227,2608.7285	344.6959,210.05045,2739.2446	398.57056,222.07321,2588.2612	320.7863,258.8232,2698.2197	300.82065,304.5476,2702.718	261.26807,388.78125,2533.6985	316.9928,288.8173,2872.7039	239.21564,442.57608,2598.9597	352.26038,354.61398,2524.9944	300.82065,304.5476,2702.718	343.90918,443.54468,2549.6484	411.21967,165.85907,2431.8696	395.8083,161.61569,2292.0195	
343.95987,179.67029,2523.1353	333.17313,222.87016,2602.3076	316.64236,231.51405,2479.5142	355.80527,236.8348,2276.292	333.17313,222.87016,2602.3076	348.21414,215.00525,2725.101	396.31415,228.84637,2585.995	321.44382,262.81848,2695.4336	299.88544,307.59402,2707.9421	260.1828,391.26147,2524.7305	320.51404,293.0244,2869.177	240.22385,441.497,2604.6082	356.0886,356.76263,2514.3008	299.88544,307.59402,2707.9421	346.84726,445.38147,2547.6277	412.2623,176.35391,2413.616	394.97632,170.65701,2288.9565	
341.58698,184.52927,2520.1094	331.95633,227.36465,2603.3462	316.05243,237.56332,2480.0278	350.86783,245.85771,2278.774	331.95633,227.36465,2603.3462	346.42166,218.0885,2726.6646	394.52985,235.95859,2579.5557	321.65237,267.10892,2699.6934	302.03268,312.43176,2715.893	266.43015,386.11612,2488.286	321.5256,296.26007,2876.188	243.09528,443.92444,2607.7249	353.45294,356.98132,2515.7063	302.03268,312.43176,2715.893	344.26672,443.13467,2556.8696	412.46048,186.79404,2395.586	393.38528,181.85818,2269.7036	
339.05487,188.09589,2517.7314	330.74002,231.65738,2598.298	311.56015,240.61638,2482.2468	346.21252,255.62747,2284.9946	330.74002,231.65738,2598.298	348.27985,223.46445,2714.3494	391.15475,242.06541,2575.125	321.56943,271.77988,2693.0537	301.13974,316.64777,2712.4956	264.52982,382.44046,2454.2754	324.2796,302.09515,2863.123	239.7934,443.2611,2593.9949	354.8746,360.67773,2487.632	301.13974,316.64777,2712.4956	346.33884,445.73416,2535.2139	409.50018,196.76967,2377.6655	388.7157,192.01373,2256.5127	
336.31268,192.90546,2507.648	328.63315,236.67383,2591.991	306.54834,244.97858,2484.5066	339.35074,265.60135,2295.7615	328.63315,236.67383,2591.991	348.9593,229.03041,2699.4753	388.7923,251.18327,2562.4646	320.3219,276.64093,2688.777	299.03055,320.7602,2715.6387	262.617,379.89062,2446.4338	325.48193,307.24048,2855.4878	239.10318,442.46442,2599.7937	353.5915,361.83047,2481.804	299.03055,320.7602,2715.6387	344.84628,444.3042,2536.095	406.72244,207.42345,2363.7808	382.45145,204.48148,2238.4612	
332.81668,197.60187,2511.0862	325.86957,241.80501,2588.7483	301.48074,248.67552,2488.14	330.93213,273.2539,2309.5256	325.86957,241.80501,2588.7483	348.43362,235.44856,2689.3567	385.77313,258.9978,2548.7136	318.5355,282.54526,2679.2927	296.87866,326.58582,2704.9795	261.28156,382.34296,2423.1206	325.8058,314.931,2834.6948	238.8547,445.4967,2588.8005	352.6579,365.46973,2464.8987	296.87866,326.58582,2704.9795	344.35812,447.42352,2520.5442	401.34842,217.72351,2345.8503	375.13318,215.42763,2228.4924	
328.0665,201.24495,2521.205	322.2211,246.71806,2576.896	293.8275,249.4342,2499.866	319.36758,282.4605,2323.4182	322.2211,246.71806,2576.896	348.96643,244.15959,2653.926	382.7834,266.51736,2532.6262	316.86276,289.87976,2644.0884	295.05557,333.993,2663.509	260.97726,382.69174,2402.6414	327.9056,327.9183,2759.0525	239.83527,445.8935,2572.4812	352.6978,365.68756,2448.2668	295.05557,333.993,2663.509	344.79065,447.81772,2507.0896	393.7053,228.18733,2324.9575	362.97604,227.25116,2223.9016	
324.20422,204.03336,2517.8845	318.08783,250.17242,2567.5742	287.1049,249.73836,2513.9592	309.80026,290.24786,2334.965	318.08783,250.17242,2567.5742	347.80328,250.58873,2621.1892	380.64413,276.0351,2512.2246	312.0257,294.1572,2627.0654	286.9541,337.0583,2651.6545	254.38539,379.1308,2423.6216	325.0155,335.35175,2721.4587	235.14569,440.53204,2589.5415	343.4527,402.9308,2490.6785	286.9541,337.0583,2651.6545	339.57605,444.82208,2520.6497	385.74594,236.9725,2304.42	353.10526,237.75517,2223.616	
319.27097,206.85434,2515.8608	313.77805,253.2526,2564.7668	281.47662,251.85934,2522.0688	295.0144,299.23434,2380.1975	313.77805,253.2526,2564.7668	345.0216,254.6002,2607.4648	376.18936,280.4763,2491.3374	307.9083,297.58813,2621.331	282.27676,340.0977,2650.267	254.16125,380.76437,2426.9785	321.8876,340.00476,2705.5234	236.81735,440.815,2590.4385	347.46658,417.49725,2477.6829	282.27676,340.0977,2650.267	340.2405,443.80753,2532.8906	378.62747,244.78192,2285.682	334.1585,256.16235,2237.8948	
314.27795,208.16339,2514.778	309.68417,254.65584,2565.0146	276.69043,253.66113,2527.707	284.58612,303.27393,2401.4507	309.68417,254.65584,2565.0146	341.7319,255.62202,2602.3223	370.3597,285.63156,2475.6172	305.16464,299.35397,2619.0244	280.30484,342.4305,2648.812	255.21326,380.35666,2427.7854	320.98203,342.06445,2697.2563	238.8023,440.8358,2588.5154	353.13184,419.51514,2440.4846	280.30484,342.4305,2648.812	341.0928,435.9303,2541.6482	367.9475,249.8368,2263.9224	320.6573,265.55438,2237.8616	
306.4662,207.83307,2522.626	303.68225,253.95618,2573.7869	270.29263,253.79944,2544.7375	270.01254,303.58292,2417.4868	303.68225,253.95618,2573.7869	336.32657,254.1094,2602.8362	360.01883,285.55093,2442.6328	301.25104,298.69058,2627.6624	278.43594,342.14435,2662.9214	252.34715,376.39246,2443.3057	319.11673,341.11765,2700.1543	238.4733,436.91992,2606.171	347.3332,389.94107,2445.55	278.43594,342.14435,2662.9214	339.3739,438.79944,2559.456	349.95026,252.16202,2248.8962	303.5547,267.0108,2242.1792	
300.03967,206.16747,2527.0688	298.76166,251.89261,2582.892	265.24115,252.04137,2565.116	259.5664,301.62112,2431.4846	298.76166,251.89261,2582.892	331.82394,251.7459,2600.6682	352.65042,284.37057,2427.1897	297.75665,296.011,2643.5942	276.11874,338.60904,2692.7896	249.66064,371.37057,2462.3157	317.2996,337.6923,2715.8032	238.1169,432.98953,2621.2483	343.9195,407.3225,2494.0896	276.11874,338.60904,2692.7896	341.05417,441.57275,2553.3762	333.06522,252.29213,2238.0652	289.9072,267.32202,2249.3684	
294.31668,203.31602,2528.8047	294.23773,249.16006,2587.5752	260.80338,249.28519,2581.7476	250.77039,297.7827,2444.5225	294.23773,249.16006,2587.5752	327.52182,249.03552,2593.4033	344.67282,283.72092,2415.9556	294.45795,292.8529,2653.411	274.00513,334.62634,2715.458	247.8818,368.70593,2454.465	315.27237,334.2343,2723.0347	238.01376,432.42114,2615.4314	342.4281,408.63928,2468.3203	274.00513,334.62634,2715.458	340.87463,441.15387,2542.9075	320.47504,249.17868,2236.3257	278.21625,264.15027,2268.6033	
289.50067,199.966,2521.6638	291.06268,245.53941,2588.405	257.8283,245.97223,2592.5522	244.9087,291.41962,2451.5156	291.06268,245.53941,2588.405	324.40375,245.1052,2584.2578	337.67508,280.13885,2411.349	292.88074,288.5156,2662.3086	274.12784,329.35443,2738.9106	249.04901,364.47302,2465.972	315.11374,328.9857,2733.5137	240.00359,430.3491,2618.955	341.5393,381.49692,2468.7612	274.12784,329.35443,2738.9106	341.31766,432.99768,2549.055	307.57812,243.84741,2242.236	269.20923,256.71298,2272.3408	
284.95697,196.39175,2526.3384	287.72998,241.91234,2593.154	256.73413,240.58252,2626.315	238.773,283.92944,2454.779	287.72998,241.91234,2593.154	319.5288,243.2766,2559.9932	330.2099,274.36404,2405.2688	290.61456,284.78772,2668.4048	273.74414,323.8081,2765.6833	247.21928,361.1137,2475.6655	313.255,326.8386,2721.6277	239.20654,429.60156,2625.6572	337.62915,370.41925,2451.4968	273.74414,323.8081,2765.6833	339.38638,436.24478,2526.6436	295.97018,238.16237,2245.4514	257.24887,247.3572,2260.4888	
280.71536,191.94498,2528.9875	284.25708,237.45204,2598.667	254.41003,235.21225,2645.8445	233.95181,275.18924,2452.6467	284.25708,237.45204,2598.667	315.2079,239.77467,2551.4895	322.6593,268.96103,2398.1155	287.8303,280.00653,2677.4434	272.76904,317.84464,2786.7761	245.12178,357.46024,2486.3464	310.0427,322.46356,2725.6633	238.06573,428.5703,2621.8423	334.1719,360.13818,2472.3042	272.76904,317.84464,2786.7761	338.08582,433.4768,2542.3777	286.26788,230.72498,2247.6858	247.00793,235.96744,2251.5984	
276.4524,187.00117,2530.3801	280.54144,232.40997,2602.464	251.38576,229.81197,2657.152	227.45264,266.07016,2452.723	280.54144,232.40997,2602.464	310.94882,235.11952,2547.7761	314.7346,263.06763,2390.0334	284.7791,274.76215,2683.924	270.7459,311.98285,2800.8086	243.73175,354.0735,2488.79	307.25598,317.32397,2729.9595	237.28163,429.13312,2617.538	332.80872,355.54285,2476.5618	270.7459,311.98285,2800.8086	337.76022,433.8128,2548.0986	276.06247,222.38261,2251.2976	237.87003,224.99893,2250.201	
272.9146,181.81598,2530.6328	277.3367,227.20076,2603.3943	248.27257,224.77377,2659.7734	223.12296,259.40015,2464.3525	277.3367,227.20076,2603.3943	307.68753,229.7352,2547.0151	306.7411,255.2971,2385.5132	281.97513,269.67014,2685.028	268.31537,307.0614,2803.272	242.58203,352.77737,2485.2288	304.84766,312.2741,2730.0518	236.63066,429.81824,2606.1028	331.70462,353.331,2478.4634	268.31537,307.0614,2803.272	338.00107,434.21872,2547.232	266.59616,211.9115,2257.9192	230.59315,215.84573,2257.9392	
269.60297,177.55214,2548.2488	274.39783,223.13814,2611.9558	245.70581,221.59372,2671.2722	218.90845,251.89342,2468.188	274.39783,223.13814,2611.9558	304.42328,224.75433,2552.6394	298.96774,247.1867,2382.2104	279.87225,266.09845,2687.2188	267.08063,304.6059,2801.1143	243.57501,353.1737,2495.677	303.52582,308.88977,2723.849	237.78146,432.96738,2604.114	331.78714,353.47937,2476.5432	267.08063,304.6059,2801.1143	338.882,435.62555,2540.9275	257.62866,203.10983,2260.23	226.51573,207.71008,2259.3467	
266.3005,174.53745,2558.576	271.8127,220.1942,2616.3997	243.284,219.44243,2676.8528	212.88458,246.1638,2473.6125	271.8127,220.1942,2616.3997	301.69095,220.98155,2555.9465	292.64154,239.60612,2378.5908	278.0572,263.44238,2687.5977	266.01813,302.80283,2798.202	243.65443,353.0945,2501.0532	302.46118,306.1617,2719.3894	237.83365,434.16058,2606.2717	330.19208,351.63702,2488.8997	266.01813,302.80283,2798.202	339.10645,435.35764,2542.592	251.2124,193.88998,2265.8035	218.95627,200.50029,2268.3955	
263.88153,169.43082,2563.254	269.51617,215.30603,2618.9111	240.7835,215.20334,2677.37	209.39325,240.17111,2478.329	269.51617,215.30603,2618.9111	299.56085,215.41339,2560.4517	287.71982,233.48839,2372.3057	276.15964,258.76288,2688.2852	264.34512,298.81357,2795.789	242.87628,348.45364,2514.0693	301.10074,301.2871,2719.5293	237.04799,431.95795,2609.1787	329.22626,348.1132,2497.8154	264.34512,298.81357,2795.789	338.5702,432.76086,2548.1616	245.49156,186.43121,2271.8267	213.48099,193.98595,2277.7842	
261.75064,164.97601,2574.5837	267.1292,210.82649,2623.5698	238.38531,211.44351,2681.2505	206.38135,234.29504,2485.707	267.1292,210.82649,2623.5698	297.1654,210.18173,2565.8892	282.53754,227.24281,2366.6243	273.96695,254.7526,2686.7175	262.27182,295.88968,2787.4976	241.72598,348.72516,2513.4373	299.21503,297.45425,2712.233	236.43887,433.17047,2602.992	327.16724,348.94824,2495.5205	262.27182,295.88968,2787.4976	338.13422,434.87128,2544.6938	239.73189,178.84445,2274.4702	207.86142,187.75867,2284.8835	
258.87485,162.27927,2579.2512	264.65002,208.18428,2627.0923	235.8483,209.25018,2683.5823	202.3546,230.2342,2494.866	264.65002,208.18428,2627.0923	294.7176,207.07153,2570.6023	278.96783,222.89694,2364.3196	271.82532,252.19725,2688.6821	260.39917,293.77057,2787.1309	241.36768,347.79776,2532.0122	297.45596,294.7201,2713.413	236.50021,432.76453,2608.7896	325.38675,348.97052,2508.5603	260.39917,293.77057,2787.1309	338.27673,435.44226,2552.147	235.84122,173.40067,2283.3398	203.8021,183.0195,2298.0056	
257.14426,159.4184,2590.5728	262.88373,205.39725,2631.989	234.627,206.71686,2692.1672	199.8599,227.42207,2503.9395	262.88373,205.39725,2631.989	292.46283,204.0159,2571.8108	276.026,217.97734,2367.6484	270.099,249.74081,2687.9045	258.9789,291.88403,2783.101	241.65005,347.28696,2534.1475	295.58548,292.68146,2704.539	237.2815,433.8487,2607.5361	323.90158,349.33115,2500.8076	258.9789,291.88403,2783.101	337.9324,436.62946,2543.6008	232.63824,169.42198,2292.25	200.94324,178.1262,2312.8958	
255.71774,157.2511,2596.2383	261.27466,203.155,2635.5105	232.94063,204.79974,2694.4915	198.5674,225.04884,2516.4797	261.27466,203.155,2635.5105	290.9059,201.43494,2576.5295	272.73666,214.27917,2368.3198	268.4955,247.66888,2688.4521	257.3209,290.295,2779.88	241.4755,346.76184,2539.3855	294.06995,290.63678,2702.9077	237.11983,434.17358,2610.0798	323.1486,347.93405,2512.1965	257.3209,290.295,2779.88	338.4868,436.1716,2550.0933	229.11882,164.39981,2297.9607	197.68466,174.67133,2328.0366	
254.64493,155.61035,2598.5698	260.13812,201.56046,2636.7122	231.59103,203.48697,2693.5737	196.67981,221.67099,2518.2456	260.13812,201.56046,2636.7122	289.9436,199.54904,2579.8506	269.128,210.3508,2367.6558	267.30756,246.23833,2687.1006	255.93796,289.3189,2774.599	241.07088,347.2532,2538.0132	292.9905,289.22266,2700.379	237.19672,434.9078,2608.3604	322.55457,361.75082,2534.1028	255.93796,289.3189,2774.599	338.95764,437.53644,2550.3367	226.06967,159.30028,2311.537	195.93726,170.28734,2336.0466	
253.28362,154.71227,2599.7847	259.04825,200.71748,2636.2075	229.65071,203.4198,2684.397	196.08737,218.30876,2523.6873	259.04825,200.71748,2636.2075	289.5406,197.91452,2588.018	266.87033,207.29654,2368.364	266.53342,245.49194,2684.401	254.91577,289.4004,2764.1094	241.90515,346.97733,2537.6628	293.03296,287.95712,2701.079	237.4238,435.68344,2602.8364	323.0789,368.2406,2565.1614	254.91577,289.4004,2764.1094	340.33377,438.24707,2551.6262	224.31686,156.25523,2320.6892	193.93663,166.9083,2340.053	
252.65057,152.22299,2591.85	258.14224,198.23763,2631.9004	228.90335,200.52621,2682.3933	195.42441,217.1064,2528.366	258.14224,198.23763,2631.9004	288.52496,195.8595,2581.4075	264.9166,204.82684,2370.1765	265.45294,242.98218,2683.5261	253.84183,286.43942,2768.076	241.79642,342.8903,2555.5662	291.58783,285.62607,2702.2278	237.22984,431.3814,2616.6528	320.57095,370.02594,2579.1094	253.84183,286.43942,2768.076	339.48746,438.9056,2548.4878	222.18405,153.53505,2330.5398	192.64873,165.0184,2349.3516	
