351.49893,123.83535,2456.516	352.96237,173.59195,2471.8945	317.98376,174.78629,2483.885	303.77313,221.43564,2433.6484	352.96237,173.59195,2471.8945	388.28198,172.38597,2459.904	406.86386,225.35316,2461.5554	354.30328,223.09782,2493.5872	333.13788,272.2127,2523.1057	327.7808,371.8365,2433.2263	378.24466,271.28394,2507.4539	330.94272,459.19302,2516.8105	386.2315,371.5351,2415.5613	333.13788,272.2127,2523.1057	389.891,464.20056,2461.7107	393.45694,206.84648,2226.4202	321.77454,193.795,2173.367	
351.7191,123.712875,2451.7095	353.1303,173.62747,2470.3682	318.1486,174.73935,2483.4712	302.91992,221.63373,2436.8281	353.1303,173.62747,2470.3682	388.48514,172.50372,2457.2646	407.16595,225.85529,2455.2764	354.3637,223.12971,2494.255	333.12488,272.07416,2526.6938	327.5151,371.5149,2428.0806	378.1755,271.30887,2509.5898	331.62912,458.50122,2515.4817	386.7477,371.4239,2409.059	333.12488,272.07416,2526.6938	389.4341,463.29703,2464.0193	393.32104,207.89456,2218.0034	322.21014,193.45113,2170.4834	
351.8612,123.957565,2449.8044	353.2882,173.96855,2469.709	318.30603,175.05672,2483.3564	301.27823,222.40137,2449.415	353.2882,173.96855,2469.709	388.65912,172.86829,2456.0615	405.7672,226.48268,2456.1387	354.49667,223.46379,2494.6465	333.24933,272.33154,2528.491	327.21066,371.6546,2423.537	378.27225,271.6245,2510.677	332.43515,458.10022,2515.4854	386.86212,371.67194,2402.595	333.24933,272.33154,2528.491	389.72308,462.4297,2468.0334	392.23184,206.83412,2221.007	316.82318,196.7343,2176.0488	
350.95847,123.44186,2457.8455	352.8746,173.22488,2472.203	317.9686,174.67632,2487.0957	302.5776,222.4342,2440.2139	352.8746,173.22488,2472.203	388.20374,171.75584,2457.31	406.96436,226.30835,2452.5498	354.56076,222.72865,2493.0315	333.75217,271.96756,2523.5808	328.13925,371.4848,2414.8967	378.8602,270.85233,2504.1394	331.89362,458.4793,2505.6316	387.48718,371.12134,2392.362	333.75217,271.96756,2523.5808	390.2505,461.96442,2460.373	390.84637,206.51996,2219.8518	315.75546,198.6207,2168.306	
350.55142,123.47678,2453.873	352.23386,173.31126,2471.9116	317.35266,174.6525,2487.9846	303.36194,222.34367,2436.612	352.23386,173.31126,2471.9116	387.57166,171.95248,2455.8386	405.29852,225.65535,2455.272	353.79315,222.7833,2495.2854	332.91565,271.79163,2529.1494	325.85095,370.94855,2437.532	377.9188,270.87875,2508.169	331.97733,459.0353,2512.8489	385.939,371.05215,2401.7712	332.91565,271.79163,2529.1494	388.21982,461.70853,2468.8457	389.57196,209.20828,2218.9207	315.14944,199.40268,2168.0042	
350.6172,124.21999,2450.8857	352.10352,174.08571,2471.233	317.24457,175.36432,2488.5488	302.52844,221.89844,2428.8083	352.10352,174.08571,2471.233	387.4544,172.78903,2453.917	404.0119,225.11378,2459.6348	353.60355,223.53816,2496.1812	332.7037,272.39493,2532.431	326.7538,371.55695,2435.0212	377.6455,271.62543,2509.828	332.54733,459.42102,2513.113	386.7041,371.69196,2401.6118	332.7037,272.39493,2532.431	388.62146,462.7497,2465.6296	389.16544,210.70213,2221.6401	314.99536,200.14537,2162.8608	
349.98514,124.673515,2458.3914	351.63638,174.26685,2473.5361	316.86404,175.65076,2492.515	303.16498,221.42554,2423.905	351.63638,174.26685,2473.5361	386.94647,172.86153,2454.5574	403.7322,224.72823,2461.3137	353.24277,223.7329,2494.9106	332.43546,272.7684,2528.672	326.91837,372.15387,2428.8604	377.42972,271.9447,2503.8982	332.44586,460.24902,2507.0427	386.4559,372.2987,2401.9238	332.43546,272.7684,2528.672	388.97833,464.83936,2453.4011	388.0885,211.25372,2224.953	315.5239,200.22874,2159.2861	
349.5397,125.35497,2453.1455	351.31274,175.07855,2472.1504	316.50882,176.48006,2490.6707	302.77396,221.42831,2421.4514	351.31274,175.07855,2472.1504	386.6421,173.65587,2453.6301	403.31088,224.42578,2463.659	353.0111,224.48462,2497.2917	332.33826,273.33813,2534.5203	327.56027,372.5647,2439.735	377.22812,272.46933,2510.346	332.00552,460.5348,2516.388	386.6349,372.54376,2414.9817	332.33826,273.33813,2534.5203	389.58212,464.494,2467.285	387.6493,211.37186,2228.511	314.654,200.19028,2163.0908	
348.61984,124.46412,2450.522	350.84695,174.25754,2472.1174	316.0569,175.87173,2490.813	302.745,221.71774,2426.7234	350.84695,174.25754,2472.1174	386.16724,172.61871,2453.4219	402.81885,224.96234,2462.8318	352.85565,223.64397,2498.171	332.506,272.57526,2536.4263	327.98462,371.71576,2438.5022	377.3566,271.44113,2512.0225	331.1259,460.61047,2508.9119	386.16193,371.44852,2411.63	332.506,272.57526,2536.4263	390.34607,463.90076,2460.5288	386.88214,209.69109,2229.6543	313.48944,200.72731,2173.6597	
348.0229,124.245674,2449.2214	350.75836,174.07825,2472.626	315.95953,176.03099,2490.2312	303.6868,221.51651,2430.8643	350.75836,174.07825,2472.626	386.05627,172.09752,2455.0208	402.48688,225.01315,2464.9321	353.2565,223.3933,2500.2715	333.4041,272.43814,2539.4082	327.77243,371.38196,2447.0815	378.19955,270.81387,2516.4258	333.20892,461.06854,2507.6108	386.04675,370.6767,2415.518	333.4041,272.43814,2539.4082	391.4253,462.93964,2464.3015	385.6765,208.8017,2231.0925	313.62238,200.96521,2175.1619	
347.0789,124.81051,2450.0564	349.91806,174.8045,2472.9956	315.16217,177.05138,2491.2366	302.92224,220.76695,2425.427	349.91806,174.8045,2472.9956	385.19046,172.52422,2454.7546	401.5895,224.92659,2466.964	352.8588,224.06631,2501.144	333.469,273.21286,2541.1975	327.49585,372.0797,2441.367	378.20978,271.24118,2517.3875	332.08582,461.10678,2509.186	384.9841,371.11182,2411.9868	333.469,273.21286,2541.1975	390.63812,463.53424,2460.4062	383.79663,210.50748,2231.7273	312.57455,200.84029,2167.8958	
345.36914,125.30771,2441.4797	348.84534,175.51785,2470.854	314.0903,178.14072,2489.1267	302.19925,221.24165,2425.1963	348.84534,175.51785,2470.854	384.11826,172.8559,2452.5813	400.99097,224.65656,2469.0034	352.39368,224.62514,2503.6475	333.66098,273.68103,2548.3672	327.55313,372.23737,2442.1267	378.2491,271.23273,2524.5146	332.2373,460.28915,2517.3267	385.2578,370.80795,2419.1086	333.66098,273.68103,2548.3672	390.44955,462.818,2469.0728	381.99066,211.8596,2230.326	311.70712,201.0158,2164.5242	
343.98322,125.98237,2444.6858	347.88385,175.97012,2472.2607	313.1996,178.93399,2491.2297	298.445,222.82385,2430.5955	347.88385,175.97012,2472.2607	383.10446,172.96042,2453.2917	400.24585,224.77362,2472.9968	351.93234,225.02618,2504.4941	333.71573,274.2556,2549.108	327.38367,372.63165,2430.745	378.2575,271.40158,2524.3472	331.7896,460.62927,2509.54	384.8062,370.93286,2411.133	333.71573,274.2556,2549.108	390.55182,463.35605,2459.8298	379.86646,213.92236,2232.3552	311.01297,201.31427,2170.1724	
341.71408,127.49501,2445.7812	346.27875,177.33253,2473.4634	311.70386,180.6167,2494.0957	296.38525,225.13751,2450.283	346.27875,177.33253,2473.4634	381.43527,173.9931,2452.831	398.77597,224.35278,2472.9907	350.86145,226.26816,2506.713	333.23392,275.50696,2553.429	326.71588,373.5385,2423.4375	377.64987,272.32135,2526.4958	331.19754,459.5619,2517.765	383.4583,371.84125,2413.1274	333.23392,275.50696,2553.429	390.6937,464.60632,2457.1113	375.90454,216.82422,2233.2686	308.43378,204.68452,2187.0806	
339.3489,129.18974,2454.83	344.54672,178.62753,2476.9507	310.1378,182.49991,2498.9016	295.66623,228.0083,2455.1497	344.54672,178.62753,2476.9507	379.57095,174.68588,2454.9998	396.6714,224.60567,2471.9658	349.95428,227.49422,2506.4824	333.16895,277.15677,2550.3423	326.6022,375.17743,2410.7734	377.5536,273.26685,2521.686	331.74533,460.41858,2512.9685	383.71185,372.8916,2399.5854	333.16895,277.15677,2550.3423	390.784,464.44025,2457.1484	372.09775,218.74329,2241.5447	305.00626,207.74947,2190.1484	
336.10336,131.17484,2459.823	342.0773,180.482,2480.0764	307.9649,184.8467,2506.1921	291.91833,231.08391,2458.5378	342.0773,180.482,2480.0764	376.91574,176.02435,2453.9607	393.768,225.7795,2470.9355	348.276,229.22041,2507.8655	332.39096,279.0444,2552.7053	324.72653,376.94214,2410.405	376.58395,274.70758,2518.6038	331.9003,460.59915,2521.7224	381.25916,374.58826,2397.2803	332.39096,279.0444,2552.7053	391.45618,465.0248,2460.9297	368.03934,223.38274,2240.5264	303.28055,209.23865,2191.143	
332.4616,132.57602,2469.8428	339.0688,181.5198,2485.5637	305.22168,186.51399,2513.523	290.43466,233.58621,2472.767	339.0688,181.5198,2485.5637	373.686,176.41199,2457.6045	391.8642,226.6915,2465.9324	346.14786,230.10243,2509.8982	331.23828,280.2737,2552.4797	323.49402,378.21304,2408.0984	375.2606,275.19382,2515.9856	331.89008,461.8649,2519.128	379.75485,375.13043,2389.4626	331.23828,280.2737,2552.4797	391.68198,464.26437,2463.0598	362.16354,225.96262,2237.7666	301.12238,212.6732,2198.3335	
328.99292,133.43285,2474.8503	336.36874,182.23236,2489.9128	302.78717,187.68304,2520.1985	288.47577,234.93414,2474.8665	336.36874,182.23236,2489.9128	370.77728,176.64745,2459.6272	387.76236,227.24054,2458.9421	344.13074,230.65797,2512.7898	330.01962,280.97565,2555.432	321.94528,378.62122,2404.9182	373.82715,275.40048,2515.9016	332.31796,460.79443,2524.561	377.77585,375.3969,2391.0823	330.01962,280.97565,2555.432	392.98187,464.6609,2459.3472	357.773,226.71687,2237.0315	298.28693,214.59482,2198.4502	
325.35175,134.03955,2493.8875	333.59982,182.02872,2498.5088	300.26926,188.34079,2528.066	286.76605,237.35849,2481.0212	333.59982,182.02872,2498.5088	367.72845,175.56549,2468.9517	386.1114,228.22462,2457.907	342.295,230.2455,2512.1	329.15384,281.30902,2544.9846	321.3322,379.39246,2392.9473	372.97415,274.52588,2506.3982	332.19803,462.2402,2510.4731	377.3475,374.79053,2377.3127	329.15384,281.30902,2544.9846	393.8332,462.92126,2455.8171	353.83673,226.82884,2240.8735	294.44254,215.69196,2204.1494	
321.16412,134.10568,2486.8882	330.39783,182.33757,2498.9446	297.23077,189.14899,2529.211	284.0408,237.40686,2483.482	330.39783,182.33757,2498.9446	364.37817,175.35915,2468.6782	386.5847,226.95981,2456.9722	339.9772,230.33372,2516.4265	327.84113,281.33255,2553.659	320.03986,379.44022,2417.2334	371.3467,273.94507,2514.158	331.72333,462.41135,2528.1228	376.23615,373.99872,2400.3528	327.84113,281.33255,2553.659	391.88925,463.10092,2467.0771	350.28946,223.59575,2248.207	289.27338,215.90521,2199.6555	
316.5982,133.9436,2492.423	327.08563,181.73788,2503.7144	294.1292,189.40839,2532.655	280.64417,237.77884,2487.7737	327.08563,181.73788,2503.7144	360.81284,173.88797,2474.7737	384.98132,226.36974,2464.0093	337.85187,229.42513,2519.65	326.9949,280.77646,2554.4775	319.19537,378.77386,2414.4214	370.2932,272.1855,2516.6934	331.96072,462.1098,2522.8594	377.02124,371.69257,2387.3047	326.9949,280.77646,2554.4775	391.72974,459.80597,2466.4177	346.66528,220.47995,2265.066	285.22348,214.2167,2201.1394	
312.46735,132.52257,2503.1514	323.50574,180.06815,2510.5254	290.86176,188.34181,2540.458	277.41226,237.73712,2494.897	323.50574,180.06815,2510.5254	356.9375,171.59483,2480.5928	383.00006,222.93283,2467.9736	335.0014,227.51714,2522.4014	325.02252,279.17004,2553.811	317.69177,377.34033,2421.788	368.08817,269.80057,2514.7437	331.12967,462.20413,2517.775	376.30453,368.90533,2373.9646	325.02252,279.17004,2553.811	391.62033,454.94446,2470.2625	343.36768,216.36157,2272.1714	282.04526,211.57799,2205.7356	
308.81595,131.58041,2517.029	320.3407,178.55899,2518.043	287.92822,187.34752,2547.541	273.28265,236.91194,2498.9739	320.3407,178.55899,2518.043	353.52158,169.56213,2488.545	381.22894,219.49509,2473.4673	332.39825,225.7593,2525.2637	323.08817,277.70624,2551.7346	317.93805,376.1686,2428.5405	366.01224,267.5978,2513.2341	330.65634,462.34558,2514.6025	376.4073,366.77148,2384.3945	323.08817,277.70624,2551.7346	394.77002,442.36313,2436.0974	339.92828,210.35207,2285.6206	276.8505,209.79279,2211.6833	
304.6163,129.59836,2523.9614	316.8507,176.40892,2524.0366	284.69907,185.71593,2553.7917	271.33774,237.08945,2512.9878	316.8507,176.40892,2524.0366	349.76944,166.87985,2494.2815	381.04117,215.20448,2485.728	329.5888,223.33112,2530.0137	321.10394,275.39084,2555.41	318.90424,373.78308,2439.5325	363.75635,264.59073,2516.5715	329.8289,460.68634,2519.7253	378.11655,359.44385,2332.3108	321.10394,275.39084,2555.41	398.79938,427.28677,2427.1243	336.82663,203.98727,2306.335	272.5879,208.96573,2227.153	
301.85715,128.67911,2529.9475	314.57486,175.16165,2527.969	282.49918,184.86462,2555.716	269.0027,235.58817,2525.5151	314.57486,175.16165,2527.969	347.3625,165.2433,2500.222	380.69415,209.50363,2492.8748	327.82785,221.87273,2532.3535	319.90515,274.09634,2554.8481	319.90338,372.47668,2437.1812	362.4687,262.6667,2518.628	330.231,459.17926,2520.467	379.43994,340.71594,2281.5437	319.90515,274.09634,2554.8481	403.7442,409.52826,2426.4504	334.97952,198.46866,2314.9329	271.18655,206.80045,2238.4456	
298.93738,127.374466,2539.4395	311.99982,173.18988,2533.4146	280.06122,183.35703,2559.3518	265.82736,234.03821,2527.7864	311.99982,173.18988,2533.4146	344.59915,162.81238,2507.4773	379.28955,205.8361,2494.9404	325.81497,219.6209,2534.879	318.53568,272.03467,2553.2722	320.34915,370.45465,2443.0947	360.9759,259.8808,2519.4143	329.44867,458.73163,2513.9917	381.48236,323.09546,2238.5095	318.53568,272.03467,2553.2722	407.9439,390.96185,2430.4631	333.6487,193.27808,2325.8125	268.85178,204.06686,2240.9807	
295.66504,126.45473,2543.6895	309.62985,171.84697,2535.946	277.89285,182.69815,2560.5232	264.08282,232.21689,2521.9153	309.62985,171.84697,2535.946	341.98807,160.78339,2511.369	376.1243,203.14682,2507.9895	324.40652,217.9216,2536.499	318.215,270.50082,2553.0942	322.06726,368.8561,2450.2874	360.40527,257.36847,2521.0098	331.0188,457.81537,2514.3093	386.48056,307.47147,2215.9329	318.215,270.50082,2553.0942	413.77457,371.2432,2440.4097	333.46414,189.79385,2328.7327	264.46057,202.4548,2239.1526	
292.87653,125.261024,2546.3127	307.47363,170.48694,2537.891	275.88425,181.87381,2560.9727	262.44138,232.57933,2525.4766	307.47363,170.48694,2537.891	339.6429,158.89107,2514.8096	375.20334,199.5811,2511.0117	323.01108,216.26929,2537.8325	317.68338,268.96872,2552.8381	322.19995,367.28973,2457.5361	359.66434,255.05617,2522.7097	331.83966,457.3329,2509.949	391.27612,292.76443,2201.346	317.68338,268.96872,2552.8381	420.31863,352.75507,2441.0842	332.60974,186.38605,2335.8462	261.27344,201.59612,2246.395	
290.2285,125.5163,2540.2537	306.46448,170.30014,2536.4563	275.0332,182.71216,2553.8555	259.5274,232.62317,2521.3423	306.46448,170.30014,2536.4563	338.32996,157.71667,2519.0571	374.67358,197.03827,2520.6948	323.64316,215.51262,2538.9548	320.0901,268.34705,2552.8218	326.74728,366.5345,2459.8518	361.6721,252.85603,2530.085	334.18573,457.37646,2506.412	398.9702,278.13864,2195.6812	320.0901,268.34705,2552.8218	431.5701,335.96503,2433.5503	330.53003,184.26402,2344.057	256.9272,201.83269,2241.0713	
287.37015,126.807434,2536.162	305.21985,171.23438,2535.6719	274.04678,184.60614,2549.494	259.40222,234.0259,2522.2268	305.21985,171.23438,2535.6719	336.73465,157.71602,2521.8499	374.30783,195.74048,2530.464	323.8699,215.87819,2540.4185	322.00992,268.7523,2554.1865	327.34875,366.99677,2458.893	363.03632,251.89894,2536.1436	333.17075,457.42682,2510.3992	402.95483,266.16177,2186.58	322.00992,268.7523,2554.1865	443.52386,323.69354,2404.0146	329.24875,183.46747,2352.7078	258.4311,201.03566,2247.5056	
284.76495,128.11441,2525.025	303.86444,172.37665,2531.7825	273.00143,186.56876,2546.2139	256.9896,234.61058,2519.5535	303.86444,172.37665,2531.7825	335.08133,158.02185,2517.351	373.58612,195.97456,2534.2788	323.75647,216.5502,2541.9211	323.3306,269.2527,2561.4744	327.57166,367.2874,2464.3408	363.7996,251.42708,2542.6453	332.42023,457.40833,2517.4417	405.42825,254.83627,2184.702	323.3306,269.2527,2561.4744	456.8424,312.7576,2368.9192	328.61945,184.7614,2353.0024	254.57214,202.13885,2242.4067	
282.30038,129.84366,2519.9844	302.5765,173.56583,2530.3284	272.02832,188.54752,2543.8047	254.99231,235.58853,2518.7812	302.5765,173.56583,2530.3284	333.45184,158.42368,2516.852	370.53903,195.72011,2534.1802	323.6242,217.23337,2542.0244	324.54697,269.90732,2562.5142	328.01364,367.81824,2451.7673	364.54892,251.0295,2544.9268	332.3883,457.46317,2512.7373	408.56744,245.11987,2184.9272	324.54697,269.90732,2562.5142	471.26538,301.4852,2322.036	326.91714,186.63985,2350.2598	251.57074,203.91846,2239.981	
279.77997,130.85712,2517.0051	300.99078,174.18,2530.6716	270.67676,189.82022,2540.3682	253.61055,237.10873,2521.4385	300.99078,174.18,2530.6716	331.53802,158.41946,2520.975	368.23526,195.6941,2533.1702	323.00375,217.35982,2544.1694	325.07083,269.98703,2563.9968	327.0205,367.84875,2449.008	364.59567,250.1316,2551.3376	331.94928,457.38107,2511.6052	410.8821,238.21844,2192.223	325.07083,269.98703,2563.9968	485.15894,289.48105,2274.777	326.34378,189.32034,2343.8767	249.52625,206.43324,2242.0981	
277.54095,131.93918,2515.9458	299.2381,175.19516,2530.92	269.13843,191.20824,2541.5989	252.37015,237.75662,2523.2065	299.2381,175.19516,2530.92	329.5928,159.04637,2520.241	366.29608,196.34508,2538.584	321.7962,218.09302,2545.467	324.53378,270.61523,2566.981	325.87592,368.41107,2451.2395	363.76892,250.33627,2553.0474	331.6897,458.0618,2511.716	412.40082,236.20898,2207.0603	324.53378,270.61523,2566.981	500.76434,280.12933,2218.3374	326.56067,192.62793,2341.4587	248.22769,209.16798,2237.8997	
275.87854,133.16159,2517.4365	298.01007,176.2492,2531.8599	268.00055,192.51535,2540.3357	251.81772,238.99326,2526.6177	298.01007,176.2492,2531.8599	328.2212,159.87378,2523.384	365.05756,196.14731,2543.8054	320.93353,218.94066,2546.4314	324.1145,271.4698,2566.5342	326.46835,369.26282,2447.4207	363.1621,250.77814,2555.4717	331.24048,458.82312,2510.084	429.4231,241.04936,2234.7466	324.1145,271.4698,2566.5342	515.70355,269.0822,2165.2524	325.63693,194.75833,2336.3738	246.58044,210.61337,2240.1475	
274.5267,133.58672,2516.1755	296.7882,176.69542,2531.8623	266.8871,193.22081,2539.0916	251.45807,240.4061,2537.8174	296.7882,176.69542,2531.8623	326.8606,160.07538,2524.633	363.65057,196.04758,2552.91	320.08246,219.19289,2546.3281	323.7168,271.72772,2565.5115	326.7027,369.55426,2445.5916	362.5819,250.65392,2556.0764	331.56873,459.60678,2504.6926	440.373,243.87679,2264.7122	323.7168,271.72772,2565.5115	530.28375,256.4617,2103.504	325.00073,195.82721,2335.5159	244.7832,214.06873,2247.0945	
273.66672,134.56844,2517.0369	295.86044,177.5838,2531.6338	265.94812,194.0788,2539.2998	251.56462,241.22256,2541.4067	295.86044,177.5838,2531.6338	325.9545,160.98859,2523.9678	361.8903,197.62039,2553.456	319.11908,220.11081,2545.8396	322.70535,272.657,2565.048	326.3459,370.52844,2445.0823	361.6098,251.6336,2555.0427	332.04886,460.51642,2504.293	445.74216,247.2116,2283.3396	322.70535,272.657,2565.048	538.5472,247.07565,2048.408	325.51297,198.72212,2331.413	245.99454,215.98969,2251.873	
273.08344,135.59903,2516.4707	295.34885,178.41672,2530.605	265.4923,195.07481,2537.503	248.98676,243.32893,2542.2075	295.34885,178.41672,2530.605	325.3686,161.66757,2523.707	359.9415,198.91357,2557.23	318.84103,220.83893,2544.4795	322.70364,273.41687,2562.8557	328.1184,371.26794,2439.8083	361.52148,252.14767,2553.8523	332.86285,461.24063,2500.973	449.11417,248.5328,2294.099	322.70364,273.41687,2562.8557	543.7254,240.3376,2012.532	326.2984,201.14401,2328.5059	246.98679,216.9766,2253.3184	
273.4107,136.28038,2516.178	295.51706,179.17047,2529.7888	265.529,195.70871,2533.9658	249.45071,245.28354,2544.5974	295.51706,179.17047,2529.7888	325.60434,162.57755,2525.6118	360.51825,199.13458,2553.6064	318.84683,221.69185,2544.1562	322.4992,274.32584,2561.25	328.19565,372.3037,2439.5156	361.3713,253.12288,2555.7974	332.96582,461.79407,2504.4214	449.8677,250.7316,2296.3237	322.4992,274.32584,2561.25	545.41956,240.23941,1999.303	327.66077,202.31012,2324.4272	248.31277,216.65308,2260.1746	
274.15717,136.09525,2515.0332	295.6955,179.33682,2528.5503	265.52982,195.62212,2531.675	248.71072,243.67384,2535.2942	295.6955,179.33682,2528.5503	325.93582,163.01125,2525.4255	361.2749,198.32544,2550.7964	318.6692,222.0742,2543.1343	321.87332,274.76822,2559.7576	328.3033,372.77008,2437.1392	360.91956,253.86353,2555.679	332.58807,461.81403,2506.3115	447.83136,250.70433,2283.5112	321.87332,274.76822,2559.7576	546.5457,244.61327,1998.0673	329.09424,203.10396,2317.6157	246.32806,217.2597,2245.2324	
274.41522,135.03937,2506.4902	295.67395,178.86882,2524.907	265.40472,194.88625,2531.9646	249.39108,242.29245,2535.1873	295.67395,178.86882,2524.907	326.11285,162.76163,2517.8494	361.82486,197.74069,2539.406	318.27905,221.82137,2543.623	320.98062,274.30823,2566.9468	327.6698,372.04965,2449.3794	360.19778,253.94798,2557.7314	332.0641,461.61838,2510.9272	444.9197,249.44724,2272.821	320.98062,274.30823,2566.9468	543.65576,252.92848,2017.1501	331.40384,202.95026,2313.05	246.26273,218.3586,2239.9065	
276.22867,134.64272,2502.222	296.65405,178.7733,2522.3098	266.10037,194.22296,2531.179	248.02988,239.89662,2527.6318	296.65405,178.7733,2522.3098	327.42334,163.2146,2513.4407	361.38898,197.25957,2542.219	318.4743,222.1492,2542.8772	320.20038,274.56955,2569.2334	327.05618,372.1977,2449.8604	359.77783,255.0445,2557.6558	332.66293,462.6725,2503.0977	441.5685,250.77988,2257.2444	320.20038,274.56955,2569.2334	537.32697,266.10928,2046.4373	333.15643,201.65887,2315.0693	244.7306,218.04807,2231.094	
278.101,132.602,2500.0513	297.7214,177.18233,2520.5042	266.81122,192.01883,2528.4443	247.72714,237.55505,2525.2996	297.7214,177.18233,2520.5042	328.82697,162.25204,2512.564	360.87103,196.29977,2541.1072	318.65488,221.05087,2540.2808	319.29706,273.6098,2565.2395	326.99948,371.30606,2447.4644	359.31378,254.83546,2554.8752	331.95798,462.8993,2492.3547	437.11496,250.28206,2236.7131	319.29706,273.6098,2565.2395	524.735,276.14523,2086.4421	335.65704,199.80223,2311.8875	245.16211,215.64406,2228.069	
280.69513,131.18817,2498.9873	299.2235,176.24915,2518.7175	267.90665,190.24025,2526.8958	248.88622,236.04297,2526.1558	299.2235,176.24915,2518.7175	330.74442,162.16689,2510.5393	364.70715,196.59412,2546.0715	318.95718,220.70625,2538.188	318.15433,273.30692,2562.9968	326.33493,371.1002,2451.2932	358.71112,255.6292,2552.32	332.07162,462.29303,2498.2195	438.46808,258.96826,2242.3025	318.15433,273.30692,2562.9968	507.98315,288.6855,2134.0708	338.30118,197.71948,2310.1287	245.22707,213.56265,2230.6667	
283.0134,127.9881,2498.3862	300.8973,173.36157,2516.8289	269.21613,186.78862,2520.4385	249.96841,233.68771,2524.017	300.8973,173.36157,2516.8289	332.6695,159.89597,2513.2192	366.58673,199.14209,2550.4822	319.8133,218.24619,2535.4932	318.02704,271.0348,2556.514	327.05167,368.9596,2450.887	358.91635,253.89899,2551.801	333.34692,460.53967,2494.653	427.1201,249.60829,2207.024	318.02704,271.0348,2556.514	491.32364,296.29187,2176.7854	339.92984,197.22192,2314.666	245.54677,210.97519,2228.0715	
285.63156,125.865,2498.1519	302.5081,171.83257,2514.7832	270.5349,184.63089,2518.8027	251.00995,231.35706,2520.5146	302.5081,171.83257,2514.7832	334.58362,158.99326,2510.7637	368.19757,198.73984,2546.7542	320.52512,217.14095,2533.1353	317.67166,269.94083,2554.11	326.8615,367.92908,2458.3196	358.93668,253.63753,2548.8645	332.6139,460.17578,2493.9783	407.9458,239.60712,2181.8943	317.67166,269.94083,2554.11	469.00128,304.80664,2221.2751	341.7189,196.78516,2317.7368	247.80655,206.55965,2229.6804	
288.9156,123.69188,2497.4846	305.01013,169.89175,2512.6528	272.72443,182.08919,2513.3315	252.95659,229.85509,2520.7168	305.01013,169.89175,2512.6528	337.31326,157.68774,2511.974	369.705,196.93707,2543.836	322.18088,215.58363,2530.8838	318.32645,268.45438,2549.5579	328.22342,366.5208,2456.4856	359.89282,252.78676,2548.6716	333.1004,458.7146,2493.9856	397.8016,234.85823,2171.2166	318.32645,268.45438,2549.5579	448.69043,309.68896,2266.907	343.48465,196.33215,2315.0752	249.84912,202.61865,2230.1704	
291.55084,122.088715,2497.1904	307.14563,168.4765,2510.8574	274.66074,180.2407,2511.3047	255.23631,227.14922,2518.3542	307.14563,168.4765,2510.8574	339.6421,156.7081,2510.4102	369.00333,194.87752,2547.4197	323.6977,214.45065,2528.4595	319.11267,267.34906,2546.3533	328.25076,365.5655,2460.8118	360.93396,252.22742,2545.7698	332.97388,458.69934,2487.952	390.78165,236.71164,2163.8433	319.11267,267.34906,2546.3533	432.50165,317.3663,2296.1885	345.0122,195.9787,2313.231	251.12776,200.1145,2224.831	
294.01822,121.36533,2489.5806	309.02475,168.17297,2506.0986	276.31738,179.40158,2509.2068	257.44293,225.6611,2513.7302	309.02475,168.17297,2506.0986	341.81332,156.91646,2502.9905	369.60358,194.26524,2541.2273	324.7835,214.48383,2526.455	319.24808,267.19666,2548.8403	326.7502,365.43472,2466.54	361.3662,252.90074,2544.7827	332.3931,458.1218,2495.589	385.5654,243.47754,2161.3884	319.24808,267.19666,2548.8403	420.09906,328.09595,2323.5613	345.67303,194.39381,2304.4968	255.01184,196.8897,2222.3455	
296.47302,119.466736,2484.782	310.7142,166.70792,2503.668	277.8485,177.39368,2510.0732	258.9733,223.72868,2505.4136	310.7142,166.70792,2503.668	343.7485,155.96736,2497.2627	368.58768,193.23125,2541.6494	325.69275,213.3204,2525.2473	319.25958,265.8548,2551.0078	325.33875,364.07483,2466.0623	361.64496,252.4091,2542.6455	332.9582,456.687,2494.738	383.09933,251.70682,2155.5032	319.25958,265.8548,2551.0078	412.1207,338.9881,2341.5896	346.54333,193.94975,2302.9988	254.09378,194.81448,2209.843	
298.73398,118.33165,2482.3547	312.40347,165.8158,2502.1587	279.34857,175.93594,2509.528	260.45245,222.30405,2502.2224	312.40347,165.8158,2502.1587	345.65366,155.63586,2494.7893	372.70206,193.99495,2537.339	326.5718,212.71263,2524.1	319.22214,265.12286,2550.8506	324.06137,363.39825,2466.5796	361.85022,252.45555,2541.2324	333.04263,456.19757,2492.1943	381.82834,264.85153,2159.3604	319.22214,265.12286,2550.8506	407.49783,353.51953,2356.4033	346.596,194.70712,2301.2222	257.33923,191.61974,2205.6992	
300.5509,118.66963,2481.1887	313.39877,166.42,2501.716	280.26825,175.8995,2513.4407	264.8357,219.64584,2488.175	313.39877,166.42,2501.716	346.84128,156.8512,2489.9915	375.11804,196.00206,2524.229	326.6839,213.56662,2524.3591	318.37112,265.6845,2554.6575	322.6929,363.86456,2468.0925	361.22327,254.03044,2539.347	331.44455,456.25012,2497.4583	379.76004,282.45557,2168.9866	318.37112,265.6845,2554.6575	404.92258,371.72293,2361.008	346.23026,195.0565,2296.4758	259.97726,189.33623,2192.5188	
302.45282,118.75667,2480.592	314.53534,166.76186,2501.6567	281.31116,175.57153,2516.4104	266.63406,220.2252,2489.1294	314.53534,166.76186,2501.6567	348.15372,157.84766,2486.903	377.0424,196.77019,2516.6667	326.88544,214.16003,2524.2085	317.57983,266.02463,2556.3894	322.34467,364.11462,2462.6912	360.61652,255.37265,2537.131	331.7325,455.96432,2498.3938	378.95264,298.8616,2180.1538	317.57983,266.02463,2556.3894	404.70343,388.29218,2360.6646	344.18298,195.79892,2301.6458	262.97308,187.74501,2197.3762	
303.63055,119.55516,2480.7844	315.2658,167.66968,2502.3657	282.18567,176.14204,2522.7927	267.55045,223.52008,2507.0962	315.2658,167.66968,2502.3657	348.89047,159.05782,2481.9387	377.80054,199.4347,2511.88	327.1702,215.17789,2524.1177	317.4575,266.83627,2559.2063	322.50244,364.82257,2461.3396	360.5103,256.86008,2532.533	332.72098,456.5966,2497.3774	378.26175,313.06683,2206.0447	317.4575,266.83627,2559.2063	405.72852,404.49194,2355.8	342.9247,198.78355,2297.2795	266.90115,189.93126,2222.42	
304.6441,120.6915,2480.8508	316.22897,168.81421,2501.4094	283.22256,177.1498,2525.0298	271.17267,225.8606,2520.0532	316.22897,168.81421,2501.4094	349.86465,160.31973,2477.789	378.3689,201.44916,2501.4526	327.94873,216.39229,2522.428	318.08557,267.98206,2558.857	322.133,365.9419,2448.8335	361.12482,258.32748,2528.0361	334.27957,456.56238,2496.6733	377.9569,324.65857,2234.7856	318.08557,267.98206,2558.857	404.1695,411.5559,2378.8884	340.97174,201.20575,2294.7495	268.8448,191.51709,2241.0444	
305.73123,120.81881,2482.4211	316.8591,169.09787,2501.026	284.1716,177.12679,2531.813	272.1074,226.17004,2517.564	316.8591,169.09787,2501.026	350.3614,160.8688,2470.2388	378.37247,203.8107,2493.286	328.15988,216.80447,2520.434	317.99493,268.225,2559.9524	321.23563,366.10626,2443.2627	360.92084,259.268,2519.7322	333.36957,455.47382,2503.3757	376.84662,334.72266,2261.3389	317.99493,268.225,2559.9524	402.45352,420.64758,2391.018	339.41568,202.38983,2293.1567	269.77148,192.1992,2236.0293	
307.02432,121.082375,2483.7124	317.73804,169.57101,2500.6587	285.48148,177.29947,2539.1326	274.2845,227.46725,2515.8184	317.73804,169.57101,2500.6587	351.0027,161.60103,2462.1848	379.3848,206.33636,2485.7053	328.63907,217.38934,2518.8772	318.29544,268.59152,2562.2217	321.3948,366.21436,2435.6643	360.89352,260.3689,2511.9697	333.38467,454.4332,2507.3494	378.1504,347.1401,2306.9146	318.29544,268.59152,2562.2217	403.47083,434.84692,2402.8088	337.54318,202.95445,2293.655	272.54648,192.5021,2235.4724	
308.8227,121.97101,2482.3655	319.14014,170.4447,2498.406	287.2565,177.783,2543.5327	276.1232,227.87254,2511.9531	319.14014,170.4447,2498.406	352.19672,162.83643,2453.2793	379.97092,207.50043,2473.9297	329.48132,218.43832,2515.33	318.78622,269.4497,2561.707	321.85913,366.89783,2425.4385	361.07422,262.045,2502.8013	333.45007,454.84497,2502.519	379.76907,354.93134,2339.6658	318.78622,269.4497,2561.707	403.46106,444.1363,2414.5261	336.1303,203.48294,2290.6006	273.99142,193.72171,2228.978	
310.83975,123.41134,2481.641	320.9632,171.8846,2496.893	289.1126,178.97075,2544.0356	277.84702,227.84924,2509.4832	320.9632,171.8846,2496.893	354.03967,164.5257,2449.7505	382.66376,209.10176,2456.4802	330.95502,219.97575,2513.5962	319.94803,270.87476,2561.0361	323.04288,368.1336,2415.0745	362.19504,263.90457,2499.5625	334.33133,454.58057,2505.7012	381.34882,359.94775,2371.7974	319.94803,270.87476,2561.0361	403.7047,450.72604,2425.3408	336.42392,204.57857,2285.841	277.39734,194.41835,2228.7593	
312.9973,124.80249,2481.7756	322.99426,173.21606,2495.9958	291.32196,180.21544,2546.111	279.1448,229.00996,2513.742	322.99426,173.21606,2495.9958	355.9645,165.92987,2445.8806	383.85565,211.74985,2454.2449	332.9227,221.3286,2512.7532	321.93488,272.12158,2562.2053	324.69843,369.3181,2412.5176	364.04868,265.39883,2496.8157	335.3792,455.27356,2507.6792	382.69528,363.172,2388.6523	321.93488,272.12158,2562.2053	404.21027,455.44574,2425.4275	337.90854,206.8101,2278.1597	279.6954,197.78308,2234.1519	
315.36682,125.36645,2473.355	325.2343,174.13751,2493.101	293.57797,180.64705,2545.3005	282.21283,231.08058,2516.3992	325.2343,174.13751,2493.101	358.24466,167.34955,2440.9016	385.31943,212.93576,2451.6182	334.77542,222.30504,2514.079	323.44247,272.617,2569.119	324.4927,369.61096,2419.7273	365.43906,266.65363,2500.9954	335.19125,455.56555,2513.1968	382.93494,365.1496,2408.9807	323.44247,272.617,2569.119	403.8943,458.19043,2433.131	339.54913,208.86354,2275.267	282.51346,199.7099,2239.0007	
318.31622,124.88269,2476.647	327.28552,173.7201,2493.7803	295.64944,179.73344,2547.4758	283.48752,231.07732,2516.7078	327.28552,173.7201,2493.7803	360.31393,167.44208,2440.0847	386.6598,215.05554,2449.3462	335.9609,222.06198,2513.2383	323.78613,272.245,2567.7363	325.07355,369.18787,2415.7068	365.80115,267.0046,2497.6562	333.43878,455.96442,2506.0142	383.55817,365.981,2409.1208	323.78613,272.245,2567.7363	402.20715,460.03464,2428.673	341.5412,209.14833,2272.69	285.3414,200.88405,2240.887	
321.02643,125.036736,2478.7761	329.5051,173.85971,2494.694	297.81104,179.60373,2548.638	285.79727,230.63864,2521.8528	329.5051,173.85971,2494.694	362.6001,167.86177,2440.7502	387.67844,215.5715,2452.6787	337.7154,222.27649,2513.5476	325.0515,272.37518,2567.6008	327.00354,369.52316,2421.2966	367.1404,267.5018,2497.2014	334.02414,456.7248,2507.8835	386.8212,366.31558,2414.025	325.0515,272.37518,2567.6008	402.95624,460.33054,2436.5698	343.48312,209.21019,2271.2244	287.06363,201.7564,2241.8503	
323.1104,124.57424,2479.345	331.85214,173.31877,2494.5337	300.02048,179.39803,2547.0315	288.81195,229.86133,2527.4365	331.85214,173.31877,2494.5337	365.05246,166.97815,2442.036	389.19635,215.92152,2451.8496	340.46994,221.67892,2512.8044	328.10828,271.9977,2565.3376	329.54718,369.43835,2426.226	370.39075,266.61115,2496.8127	335.3128,457.377,2506.7114	389.38766,365.58292,2419.948	328.10828,271.9977,2565.3376	405.94144,460.19495,2434.2617	345.9798,208.3659,2267.8484	290.41223,202.2216,2245.46	
325.16513,123.57123,2479.622	333.7727,172.30145,2495.0598	301.72034,178.40027,2545.3906	290.8367,229.11613,2526.217	333.7727,172.30145,2495.0598	367.1448,165.95152,2444.729	391.26187,215.73909,2450.9229	342.3302,220.67311,2513.1406	329.78073,271.07465,2564.0706	328.27728,368.688,2434.8315	372.30203,265.56125,2498.3723	334.2609,457.7744,2504.0796	388.2862,364.91168,2424.0378	329.78073,271.07465,2564.0706	404.77512,458.74402,2444.4985	347.70242,207.54807,2268.5503	292.15164,201.4252,2240.2961	
327.21515,123.608696,2472.2742	335.3746,172.76303,2492.9463	303.30292,178.34657,2544.5625	292.21463,228.40912,2527.135	335.3746,172.76303,2492.9463	368.80246,166.94342,2441.33	392.9438,216.36897,2452.4548	343.45715,221.18015,2515.0813	330.4701,271.1016,2570.906	328.0251,368.58246,2448.4458	372.89047,266.3401,2503.5266	333.40915,457.83096,2513.0054	387.59406,365.6865,2431.9788	330.4701,271.1016,2570.906	402.92514,460.18976,2444.8818	349.99652,208.02303,2266.368	291.93268,200.9354,2236.376	
328.85666,122.52837,2476.091	336.555,171.59464,2494.5798	304.49683,176.97336,2546.773	292.61298,226.66072,2522.567	336.555,171.59464,2494.5798	369.98334,165.98602,2442.3867	393.9994,216.9273,2453.7373	344.17514,220.09583,2515.052	330.7365,270.01733,2569.5852	327.77603,367.55652,2449.8792	373.17804,265.55023,2501.4631	333.11148,457.6226,2507.5676	388.07385,365.01416,2426.0986	330.7365,270.01733,2569.5852	402.1803,459.81885,2440.4023	352.2874,207.99483,2266.4758	296.76114,198.32263,2231.2395	
331.33917,122.823006,2477.982	338.58325,171.9885,2494.618	306.29315,177.0803,2544.947	294.21613,224.66206,2523.2678	338.58325,171.9885,2494.618	372.2031,166.687,2444.2888	394.57416,216.83809,2452.8582	345.70718,220.57097,2514.609	331.64734,270.44794,2567.449	329.15683,368.2025,2453.7742	374.34354,266.27213,2501.7507	333.51428,459.34338,2501.2502	389.32797,365.6926,2430.678	331.64734,270.44794,2567.449	402.94766,460.4254,2444.7205	354.04462,206.4484,2264.3706	298.68475,197.0102,2229.3933	
333.37057,122.07455,2478.9397	340.0095,171.20392,2495.238	307.6563,176.01263,2545.4824	294.67786,223.24667,2512.63	340.0095,171.20392,2495.238	373.69238,166.19756,2444.9937	395.54376,216.60269,2456.9333	346.62408,219.8645,2514.5256	332.02945,269.66284,2566.6042	330.0372,367.50446,2459.9792	374.80005,265.85645,2501.0222	332.50226,459.33984,2499.9265	388.84573,365.41528,2430.7283	332.02945,269.66284,2566.6042	402.75992,459.98315,2446.015	355.15527,205.6166,2265.5183	302.6475,195.26369,2224.034	
334.85052,121.372246,2479.9143	341.26318,170.55197,2496.2583	308.76968,175.20396,2545.1392	296.03036,222.05382,2504.3088	341.26318,170.55197,2496.2583	375.05463,165.71417,2447.3774	396.3861,216.91597,2454.9622	347.5993,219.23773,2515.5093	332.6536,268.99356,2566.6628	330.66568,366.8458,2464.098	375.56494,265.32822,2502.8577	333.11832,458.78705,2502.0632	389.61414,364.802,2432.8281	332.6536,268.99356,2566.6628	402.3417,459.6492,2446.2422	355.47842,204.8494,2266.5977	301.45404,193.94568,2218.7593	
335.97766,121.37377,2481.4082	342.21777,170.40288,2497.7068	309.66144,174.90538,2546.0017	296.7878,221.07861,2496.1526	342.21777,170.40288,2497.7068	376.05792,165.72282,2449.4119	397.9268,216.81934,2451.9788	348.31668,219.09267,2517.0015	333.10718,268.76898,2567.8154	330.35468,366.55933,2466.9097	376.07233,265.27084,2504.7769	333.25363,458.6189,2502.8726	389.31628,364.72705,2437.0452	333.10718,268.76898,2567.8154	402.2519,459.8927,2445.36	355.708,204.55133,2269.0984	302.50143,193.00331,2215.842	
336.84784,121.324615,2481.152	342.88773,170.25821,2498.723	310.26566,174.56343,2546.4202	301.18546,221.37079,2488.5747	342.88773,170.25821,2498.723	376.77945,165.78542,2451.0256	398.73566,216.79497,2452.9868	348.71948,218.95345,2518.6794	333.22174,268.4969,2569.7659	330.89145,366.20142,2466.5232	376.22464,265.22922,2507.506	332.17596,458.19025,2503.6306	388.7818,364.6721,2438.487	333.22174,268.4969,2569.7659	402.2516,460.26367,2441.0793	355.9253,204.28366,2272.3704	304.83066,190.65071,2213.2776	
