299.11072,151.05872,2446.8625	292.13754,197.92834,2409.8948	256.06738,189.17987,2356.4697	234.48853,244.7461,2251.087	292.13754,197.92834,2409.8948	326.64307,206.29733,2463.3198	367.40335,254.79562,2462.6453	283.94928,245.92151,2377.7239	253.2078,291.22302,2313.4207	238.90097,392.79388,2310.6482	297.26154,299.13104,2377.6853	214.52005,479.70624,2373.4304	316.38925,398.92474,2340.7278	253.2078,291.22302,2313.4207	326.49835,490.64035,2382.7593	435.46918,238.10725,2391.7117	276.1708,267.329,2080.5894	
298.1187,151.11545,2439.403	291.57266,198.37283,2408.5784	255.55424,190.36194,2351.5396	230.93277,243.897,2251.0398	291.57266,198.37283,2408.5784	325.9246,206.01306,2465.6172	363.1207,255.12617,2480.883	284.1194,246.66956,2382.1611	254.32431,292.61115,2321.426	240.08955,393.59467,2322.158	298.03677,299.3891,2390.0618	216.1279,481.23608,2377.771	316.80847,398.706,2353.6575	254.32431,292.61115,2321.426	327.187,490.2274,2393.1194	427.46002,231.80148,2394.7488	274.93848,263.56528,2084.747	
297.26532,150.0061,2434.663	291.01175,197.9522,2408.4844	254.9899,190.60043,2349.3591	228.35324,244.88847,2250.012	291.01175,197.9522,2408.4844	325.3074,204.95166,2467.6096	358.44662,255.57574,2498.9753	284.215,246.44473,2386.3953	255.22629,292.8776,2328.748	239.76306,393.89517,2321.436	298.7023,298.7213,2399.8643	215.1088,481.30707,2377.4492	316.93185,398.16718,2351.295	255.22629,292.8776,2328.748	327.2643,489.48203,2393.163	418.8542,226.43753,2404.0242	274.08936,259.72467,2080.4797	
295.95367,149.67273,2433.8015	290.08102,197.65845,2409.284	254.1987,190.67944,2347.145	225.65,245.87657,2258.5222	290.08102,197.65845,2409.284	324.159,204.2865,2471.4229	354.56458,255.75838,2514.0115	283.81735,246.2419,2388.5884	255.50705,293.01907,2330.5208	238.5022,394.20862,2315.448	298.69965,298.2476,2405.265	214.5506,483.03384,2364.7244	316.1256,397.76587,2352.5398	255.50705,293.01907,2330.5208	326.42722,490.05826,2386.345	411.5232,222.90547,2414.205	271.21408,254.07997,2085.3777	
293.76984,149.34065,2431.8672	288.8103,197.43591,2409.2363	253.0034,191.04315,2344.4717	222.00967,242.68521,2256.7793	288.8103,197.43591,2409.2363	322.7425,203.49396,2474.001	350.5364,255.82358,2525.5342	283.30145,246.14519,2390.4702	255.87585,293.40063,2332.7517	238.44884,394.4458,2317.6216	298.82944,297.778,2410.6565	213.4317,484.30353,2356.887	315.54346,397.40277,2351.0178	255.87585,293.40063,2332.7517	326.81747,489.68097,2384.6306	404.56622,220.72838,2413.44	268.29306,247.63986,2096.4763	
291.84274,150.04195,2438.9282	287.86548,197.72623,2411.8489	252.34007,191.71921,2343.3135	220.5379,245.06003,2254.9587	287.86548,197.72623,2411.8489	321.42767,203.40129,2480.3843	347.37613,255.93939,2534.8071	283.34314,246.41678,2390.2178	257.0612,294.09927,2327.362	238.8876,395.34314,2311.082	299.67346,297.8291,2409.8113	213.5361,485.9532,2346.3154	315.96857,397.72815,2344.8853	257.0612,294.09927,2327.362	327.59235,489.8562,2381.2458	397.557,216.46584,2430.3752	269.8811,240.40538,2107.6565	
291.24368,149.48248,2442.456	287.80945,197.03224,2415.3596	252.91911,191.14626,2340.7576	217.67538,244.46329,2249.5303	287.80945,197.03224,2415.3596	320.60907,202.56552,2489.9617	345.18,256.42206,2544.4507	283.84094,245.68994,2393.3486	258.51776,293.58237,2326.442	238.72256,394.153,2316.1255	300.28888,296.8575,2416.2334	214.29198,484.8487,2351.296	314.84744,396.69934,2352.5225	258.51776,293.58237,2326.442	327.65436,488.51727,2387.8857	392.0807,214.86273,2439.0098	271.19556,233.50343,2126.8345	
290.5656,149.83536,2445.1782	287.50735,197.27815,2416.8	252.83615,191.47372,2339.9048	218.0225,245.44705,2243.772	287.50735,197.27815,2416.8	320.0403,202.72461,2493.6953	342.61774,257.7944,2549.2378	283.80478,245.9279,2394.4736	258.9168,293.9351,2325.9233	238.1319,394.38992,2314.946	300.34097,296.99216,2418.371	213.12408,484.1209,2356.0547	313.29886,397.20135,2344.2168	258.9168,293.9351,2325.9233	326.97144,488.6669,2383.8806	386.56433,215.4324,2447.333	273.50095,228.73538,2138.1025	
289.73807,149.92673,2447.0396	286.9763,197.4396,2417.4053	252.58374,191.72922,2337.7302	220.27641,245.32439,2229.895	286.9763,197.4396,2417.4053	319.17407,202.78558,2497.0803	341.36072,258.15814,2549.1326	283.55225,246.10097,2395.0854	259.12564,294.24948,2324.855	238.0141,394.5926,2315.4082	300.17313,297.0496,2420.6763	213.03804,483.65063,2361.1162	312.652,397.24683,2346.8552	259.12564,294.24948,2324.855	326.73993,488.65015,2385.7896	382.58084,216.2952,2445.0198	277.6106,225.61053,2142.5254	
289.57513,150.81747,2448.4727	287.08038,198.24954,2418.0571	253.71321,192.25992,2331.0173	223.88188,244.76305,2216.9595	287.08038,198.24954,2418.0571	318.12885,203.82294,2505.097	339.47827,257.5282,2551.583	283.7586,246.88866,2394.6753	260.0202,295.08163,2318.8765	238.69675,395.45392,2312.3484	299.84222,297.8315,2423.7104	212.98155,484.87592,2354.8828	312.10678,397.93658,2351.1233	260.0202,295.08163,2318.8765	326.87686,489.78232,2384.3105	380.12283,216.9578,2442.196	283.56335,222.80319,2144.7534	
291.2352,149.89325,2448.0977	287.89383,197.57986,2420.4443	256.12872,191.116,2324.1099	230.84787,242.77698,2193.4153	287.89383,197.57986,2420.4443	317.2272,203.54889,2516.7788	337.52707,259.29047,2549.1895	284.0903,246.1701,2398.895	260.8452,294.19254,2319.297	238.55342,394.09714,2316.0112	298.66693,297.02087,2435.3943	212.9286,482.77838,2362.9583	311.00235,396.58173,2363.2742	260.8452,294.19254,2319.297	325.91846,488.4845,2392.1306	376.70166,217.97716,2440.9875	293.26132,221.36409,2134.6575	
292.55914,151.01508,2455.4485	288.93723,198.32771,2425.8804	259.58463,191.14603,2318.6062	240.9274,238.75635,2160.6758	288.93723,198.32771,2425.8804	315.8038,204.90115,2533.1545	336.80276,259.33932,2550.5386	284.87796,246.7438,2402.1116	262.76624,294.52173,2313.6404	240.17953,395.10336,2303.356	297.75696,297.64847,2443.0452	214.93474,484.30362,2351.0168	310.93384,396.9093,2363.5176	262.76624,294.52173,2313.6404	326.2287,489.20258,2388.56	374.406,218.83763,2424.8848	307.03427,219.27496,2122.9084	
293.84885,150.75583,2443.0935	289.83548,198.62794,2420.5327	262.58084,191.82861,2303.8271	252.57121,235.40565,2135.7827	289.83548,198.62794,2420.5327	314.58282,204.80177,2537.2383	335.21838,259.73837,2552.171	285.48062,247.23381,2402.8313	264.47452,295.46033,2314.9087	240.44171,395.25696,2310.0405	296.69907,297.59897,2455.351	214.90656,484.95007,2351.8057	310.95963,396.2522,2369.5476	264.47452,295.46033,2314.9087	326.208,488.1875,2395.7546	370.91455,220.30777,2410.4028	320.5895,215.63808,2107.043	
295.7951,152.34296,2452.9949	291.94473,199.87798,2431.776	269.56573,193.36844,2301.518	267.3052,230.56627,2111.9429	291.94473,199.87798,2431.776	312.04813,205.72559,2562.0337	333.11697,261.1639,2552.0437	287.6998,248.31357,2416.0752	269.65158,296.7868,2321.3718	244.3576,396.3642,2311.0642	296.27103,297.94077,2479.3772	218.98117,485.8047,2354.653	311.4414,395.50537,2387.2236	269.65158,296.7868,2321.3718	326.65463,487.29938,2408.8333	368.40308,223.34837,2408.0247	337.36,213.84511,2085.8628	
297.05576,153.47893,2457.9912	292.72974,200.92213,2435.8079	274.05832,194.68275,2296.609	285.01337,226.64409,2103.581	292.72974,200.92213,2435.8079	309.3825,206.48694,2575.0068	328.4757,264.61768,2549.791	288.74753,249.32162,2420.9478	273.33728,298.11932,2322.4756	242.94617,397.108,2295.9663	295.33075,298.5052,2489.6997	217.88977,485.54132,2350.6853	311.15305,395.4115,2375.534	273.33728,298.11932,2322.4756	326.46024,487.69443,2396.8162	365.09543,225.52614,2414.1694	356.1208,210.81232,2071.9915	
298.5461,153.65895,2460.8923	293.3339,201.03362,2436.637	277.66864,194.72119,2291.527	303.7528,222.81375,2108.281	293.3339,201.03362,2436.637	307.2382,206.63644,2581.7468	326.71576,264.47803,2544.647	289.14014,249.40135,2421.5737	275.30054,298.28674,2319.5278	241.70874,396.72748,2288.2358	293.81784,298.45633,2493.4932	215.73276,484.54865,2347.245	310.86313,394.88742,2368.6436	275.30054,298.28674,2319.5278	325.71567,487.6906,2388.478	362.1799,223.91794,2407.0806	376.5992,211.06236,2048.4563	
299.34036,154.99013,2453.099	293.0055,201.86113,2430.5198	283.85077,196.2203,2279.195	316.86093,220.06477,2115.883	293.0055,201.86113,2430.5198	301.08707,206.84073,2581.8445	324.96744,269.8529,2555.492	288.10574,250.31287,2417.7556	277.2823,299.77402,2313.0603	241.86633,398.11743,2279.368	288.59332,298.82022,2496.9226	216.4185,484.87256,2348.001	307.01886,394.7586,2367.5962	277.2823,299.77402,2313.0603	321.61008,487.20264,2391.2305	356.59344,227.43727,2414.474	391.87006,211.35121,2031.6074	
299.90018,156.3214,2449.2683	292.6044,202.7095,2426.548	288.37766,197.57935,2272.2502	325.6666,222.11559,2135.7324	292.6044,202.7095,2426.548	296.32574,207.22623,2580.846	326.11917,269.4524,2570.9841	286.91553,251.1673,2414.4048	278.21494,300.9914,2309.6553	240.70575,398.7208,2276.7698	283.90405,299.3037,2494.8677	214.99919,483.93372,2354.613	308.03357,393.71844,2366.3835	278.21494,300.9914,2309.6553	322.30914,486.4921,2388.1177	353.9196,229.26228,2407.2805	400.55945,212.41019,2026.3364	
301.45627,156.46236,2440.4805	293.51752,202.8255,2421.15	291.7364,198.50879,2265.2356	328.96426,220.70633,2142.2678	293.51752,202.8255,2421.15	295.08316,206.61987,2577.0642	324.79825,270.99884,2550.933	287.20776,251.33258,2412.0835	279.29718,301.60254,2309.9346	240.56161,398.63528,2280.7563	282.28778,298.91302,2496.0996	215.24352,482.71756,2365.1143	310.9779,391.83786,2369.7603	279.29718,301.60254,2309.9346	324.97897,485.1897,2385.6714	353.62726,228.60648,2398.5989	405.22144,212.08113,2036.7804	
301.83624,156.1944,2428.6746	294.548,203.41492,2420.2993	290.65863,200.62807,2263.912	327.4218,219.61778,2129.627	294.548,203.41492,2420.2993	297.96524,205.86348,2576.6865	326.0874,269.00494,2538.5442	288.35898,251.90215,2420.3633	279.40353,302.66803,2326.699	239.16048,397.86295,2303.6165	284.73074,298.2757,2514.1555	214.62012,483.00653,2377.7234	315.05038,389.81195,2381.7078	279.40353,302.66803,2326.699	328.40198,482.07935,2403.8577	357.27048,227.27917,2387.2307	403.55472,210.20285,2050.5981	
303.17865,155.35583,2421.329	296.12018,203.1842,2420.4114	286.11578,201.07259,2268.8337	322.8439,222.30745,2114.8455	296.12018,203.1842,2420.4114	304.94537,205.0469,2571.989	328.40768,265.17377,2536.9106	289.74814,251.5533,2428.1963	277.0395,302.158,2343.9636	235.99646,396.68512,2313.2776	289.32993,297.25375,2527.9988	211.1555,483.847,2371.429	317.30725,388.3056,2375.361	277.0395,302.158,2343.9636	330.85413,480.4468,2400.673	360.75623,225.7834,2375.9355	396.91428,207.86751,2074.4006	
303.26193,154.5875,2425.572	296.78134,202.31818,2424.2002	281.15836,199.30739,2280.1782	311.89322,226.19151,2106.3035	296.78134,202.31818,2424.2002	310.65207,204.99127,2568.2222	332.09927,262.81125,2530.5952	290.51834,250.6734,2431.0676	274.6803,300.56006,2350.9812	235.09402,396.26733,2302.4001	293.23904,297.0766,2524.889	209.95898,484.0562,2359.1497	316.63693,388.93762,2356.1023	274.6803,300.56006,2350.9812	330.381,481.49756,2384.0515	366.15903,226.67691,2359.4133	385.34125,211.12224,2078.5815	
303.05368,154.28195,2428.61	297.1046,202.60947,2427.2678	277.1891,199.10033,2291.1045	297.25137,231.02188,2106.4163	297.1046,202.60947,2427.2678	314.90442,205.7458,2563.4312	339.9319,258.98486,2508.295	291.2907,250.9873,2433.0386	273.49054,300.435,2357.1309	236.31885,397.17258,2301.3066	296.73947,297.9216,2520.4878	211.16019,484.90735,2358.754	316.42236,390.9173,2347.1577	273.49054,300.435,2357.1309	330.7662,482.45508,2385.1433	374.1801,224.60924,2332.463	368.58475,211.04024,2093.597	
302.57532,155.64948,2423.6663	297.04086,204.31538,2422.5332	272.25687,200.59235,2300.3103	284.29663,235.80678,2119.466	297.04086,204.31538,2422.5332	319.44412,207.6808,2544.756	347.86038,255.37537,2485.7292	291.44843,252.81479,2428.6973	270.96368,301.90222,2361.0996	233.71683,398.81235,2298.9675	299.92746,300.28406,2508.623	209.88187,486.70172,2358.1492	316.66302,394.66095,2333.9182	270.96368,301.90222,2361.0996	330.9691,485.83746,2378.3284	383.89346,222.68779,2304.7988	354.67218,214.02159,2119.9675	
302.00366,155.91641,2418.7952	296.34833,204.84227,2416.6252	267.45483,200.74907,2310.4932	267.4095,241.43228,2141.045	296.34833,204.84227,2416.6252	322.81073,208.59108,2522.7573	356.28433,253.2612,2459.598	290.6735,253.4542,2422.8691	267.73203,302.02866,2365.2266	231.39143,399.3242,2298.5957	301.43713,301.61465,2492.9995	208.96881,487.83868,2356.1577	315.84518,397.62952,2326.5415	267.73203,302.02866,2365.2266	329.78455,488.66437,2374.267	393.53894,221.48038,2275.4902	337.29993,219.04399,2129.7957	
302.70856,156.5397,2416.5522	296.3804,205.32426,2413.3455	264.39215,200.4134,2324.4944	247.31004,243.77966,2168.5122	296.3804,205.32426,2413.3455	326.09686,209.88637,2502.1965	363.523,249.52364,2431.7373	290.0089,253.93034,2418.214	264.5198,301.63223,2369.6877	230.72876,399.9084,2293.942	301.98074,303.01938,2476.4778	208.64311,487.65417,2358.0195	316.19608,400.3319,2320.806	264.5198,301.63223,2369.6877	327.77264,492.27783,2365.2224	405.53,221.17299,2248.4612	316.4776,225.59714,2148.3875	
302.28564,157.40106,2415.3367	295.5528,206.15291,2410.804	261.637,200.70445,2334.6707	236.78513,246.5832,2202.72	295.5528,206.15291,2410.804	327.39206,211.26779,2486.9373	371.23642,245.05202,2397.6462	288.6105,254.73459,2415.4229	261.49268,301.78705,2374.5251	229.73166,400.83188,2287.0598	301.15088,304.425,2465.5583	209.15262,488.1726,2357.5112	315.54785,402.62354,2322.1406	261.49268,301.78705,2374.5251	325.86844,494.56067,2367.0889	418.61124,221.27792,2215.7263	300.8415,233.43835,2170.269	
302.49026,159.41357,2407.2183	295.068,208.07857,2404.742	259.60867,202.44255,2342.6787	227.19305,250.13329,2233.3586	295.068,208.07857,2404.742	328.74304,213.431,2466.8052	376.93027,240.45093,2370.5493	287.60043,256.6305,2413.2227	259.05978,303.03198,2384.4824	229.21289,402.45752,2287.9243	300.67102,306.5979,2458.9243	209.70493,489.3761,2362.0928	316.61685,405.08282,2319.963	259.05978,303.03198,2384.4824	325.93137,496.70847,2368.2358	430.0766,221.824,2191.1846	291.17923,238.0976,2198.4185	
302.3779,162.7757,2403.6423	294.33994,210.98718,2402.2239	258.09396,204.81483,2349.1846	220.01752,251.66798,2244.3281	294.33994,210.98718,2402.2239	329.01993,216.89287,2455.2632	378.8357,239.72441,2345.9253	286.18152,259.4623,2411.0737	256.5182,305.23196,2388.1658	228.44958,405.2546,2274.7937	299.08878,309.87286,2451.6814	209.60587,490.9234,2359.5732	315.83722,408.8241,2318.5125	256.5182,305.23196,2388.1658	324.7818,500.5987,2365.9229	437.1347,222.50815,2178.155	285.71426,239.86423,2221.5244	
303.15793,163.97226,2401.326	293.90012,212.03394,2399.3916	257.4007,204.94916,2349.888	217.32503,251.09714,2245.2317	293.90012,212.03394,2399.3916	328.9239,218.83229,2448.8953	379.00598,239.6065,2331.0273	284.55313,260.33023,2408.5518	253.52487,305.27847,2388.0496	227.3608,405.903,2269.23	296.50177,311.17035,2447.3743	207.40729,490.0522,2362.0088	315.15192,410.05255,2325.2634	253.52487,305.27847,2388.0496	323.89255,502.1446,2368.459	440.3975,222.10114,2172.682	282.62607,239.75871,2225.0037	
303.9784,164.11505,2408.5784	294.17548,212.01466,2402.1987	257.9201,204.26776,2349.921	218.63167,249.82764,2236.0842	294.17548,212.01466,2402.1987	328.88647,219.43158,2454.4766	376.67123,239.6771,2331.5022	284.1341,260.17877,2408.0303	252.41571,304.7898,2382.4866	228.95045,406.2339,2269.5872	295.30917,311.3453,2445.237	209.57114,491.78113,2355.2607	317.10123,409.60828,2330.684	252.41571,304.7898,2382.4866	325.57642,501.81854,2371.7036	437.86395,222.4582,2176.5366	282.24088,235.17511,2215.705	
305.19852,163.0852,2411.6533	294.96396,210.87778,2403.6506	259.39786,202.53378,2343.5405	225.24086,248.36852,2210.4697	294.96396,210.87778,2403.6506	328.7946,218.81464,2463.7607	374.2881,240.81284,2363.1738	284.2136,258.90298,2407.0933	252.05002,303.29752,2374.3767	231.15158,405.5047,2267.212	294.30402,310.18124,2446.695	210.65912,490.48108,2355.4177	317.45575,407.98065,2341.2446	252.05002,303.29752,2374.3767	325.46475,499.27112,2386.489	430.20984,221.95593,2196.7153	288.11316,228.56729,2198.3345	
307.14313,161.84435,2421.1545	296.395,209.2799,2408.6387	262.3383,200.23071,2335.9575	234.4928,241.38953,2169.615	296.395,209.2799,2408.6387	328.45654,217.799,2481.3198	372.41586,242.07605,2385.4854	284.96625,257.09497,2407.0425	252.78056,301.35126,2361.6106	234.1767,404.3363,2263.1375	293.52167,308.46606,2449.282	212.07156,489.35193,2350.0063	317.79477,405.74707,2351.5232	252.78056,301.35126,2361.6106	325.42328,497.76968,2388.7288	421.2516,221.82446,2214.4248	299.63815,219.95598,2170.0532	
308.4625,160.9656,2426.4636	297.82776,207.91168,2411.9746	266.2359,198.58871,2322.8962	246.04465,234.80644,2128.7864	297.82776,207.91168,2411.9746	327.16925,216.57054,2501.053	369.18134,245.851,2433.6597	286.1224,255.61617,2406.6182	254.9267,300.14975,2347.4082	237.57706,403.64633,2262.6597	292.95023,306.7688,2455.1152	213.35483,489.01102,2344.4465	317.93463,403.5394,2359.206	254.9267,300.14975,2347.4082	325.0353,495.5266,2395.0527	408.66272,221.56128,2247.6294	312.39343,211.99394,2146.4573	
308.9117,159.95393,2429.4749	299.27356,207.08073,2412.2476	271.36987,198.14651,2304.8557	261.90143,226.86902,2091.7737	299.27356,207.08073,2412.2476	324.7986,215.25337,2519.6394	362.13306,247.59885,2472.5562	288.34064,254.95334,2402.4443	259.9679,300.54623,2327.592	241.91934,404.2517,2261.1328	293.74994,305.7488,2457.6902	215.97388,491.60223,2328.362	319.03134,402.32217,2360.1458	259.9679,300.54623,2327.592	326.45312,494.9475,2390.6013	394.1114,221.1348,2288.524	330.22318,204.83525,2119.7793	
309.28964,159.62328,2437.8418	300.04932,206.34332,2418.4382	274.89838,197.5827,2299.5093	281.46057,220.13597,2077.124	300.04932,206.34332,2418.4382	322.8426,214.28271,2537.3672	358.00146,243.93182,2519.3657	289.80197,254.22086,2405.4177	263.87726,300.37445,2321.121	241.87158,403.07477,2267.2517	294.10825,304.7347,2463.6733	214.75662,488.25372,2343.8716	318.8922,401.14075,2368.1663	263.87726,300.37445,2321.121	326.22006,494.309,2391.7935	380.4223,220.23897,2326.3853	351.0359,197.87059,2094.0046	
310.12613,160.16461,2435.071	300.4972,207.43738,2419.0498	283.4997,201.25327,2282.1155	303.55927,215.35503,2085.882	300.4972,207.43738,2419.0498	315.6734,212.9589,2555.9841	351.31638,244.50339,2494.7283	291.7716,255.60149,2410.912	272.22107,303.86246,2319.7454	246.9419,405.5274,2269.3013	293.0336,304.30588,2485.8035	218.4963,490.1905,2345.9426	317.10242,399.93896,2388.554	272.22107,303.86246,2319.7454	324.17966,493.43683,2402.7002	378.2533,209.88306,2321.2715	374.44223,192.87909,2065.9753	
310.30615,160.91315,2432.4792	299.95145,208.00932,2415.7825	293.2104,203.76733,2269.202	322.08868,208.93434,2101.5247	299.95145,208.00932,2415.7825	305.9213,211.76598,2562.363	342.76385,248.52559,2490.0164	291.29184,256.27728,2409.2205	277.87906,306.0124,2313.2295	244.74966,405.4853,2266.2637	286.95303,303.69183,2492.0874	215.20715,490.96216,2336.5986	312.27618,398.39825,2374.6072	277.87906,306.0124,2313.2295	319.51382,492.54883,2388.0076	374.39975,208.69576,2340.17	393.476,190.32272,2040.3525	
309.94186,162.11578,2432.113	299.17752,208.62589,2412.805	300.9053,205.96423,2264.123	335.60162,204.71631,2112.4858	299.17752,208.62589,2412.805	297.65033,210.97856,2561.4868	336.94653,251.44662,2494.4077	290.38907,256.946,2406.5996	281.88885,307.68054,2311.6118	243.46117,405.10492,2270.7935	281.2453,303.50583,2489.1768	212.64873,490.73578,2336.4634	312.42383,396.04614,2366.2815	281.88885,307.68054,2311.6118	319.9984,490.79028,2377.3135	370.42212,208.52461,2359.3997	406.50824,189.98975,2026.0056	
309.93854,163.47272,2423.322	298.2421,210.30585,2406.1497	306.08505,209.85683,2259.2227	340.77515,204.22528,2109.7673	298.2421,210.30585,2406.1497	291.30185,210.70317,2553.0767	332.57193,259.19586,2518.1882	289.10144,258.66922,2404.7227	283.79398,310.46725,2316.2632	241.1916,405.6798,2281.6104	276.37457,303.9489,2490.3281	210.27435,491.7038,2341.8208	312.39508,394.35263,2365.397	283.79398,310.46725,2316.2632	320.7923,488.06268,2385.107	363.41965,214.81793,2380.0815	411.19678,190.6586,2037.3436	
310.41885,163.36043,2427.6174	299.18674,209.81857,2417.6355	300.28818,208.51666,2265.9219	339.37006,208.11864,2105.0771	299.18674,209.81857,2417.6355	298.21536,210.96674,2569.349	332.1649,256.2394,2508.501	288.7167,257.63675,2418.5317	278.08255,308.3404,2330.0613	234.25464,402.83832,2290.288	278.41406,302.70673,2508.7947	204.67911,488.182,2355.4448	318.4809,390.2382,2377.9712	278.08255,308.3404,2330.0613	327.24072,483.06,2401.1743	367.4664,212.49472,2381.8098	408.30887,189.91393,2059.5706	
311.40094,161.88895,2421.7559	300.61563,208.69592,2419.4568	293.4718,206.67462,2269.9956	329.11066,215.42851,2097.4685	300.61563,208.69592,2419.4568	306.9282,210.48201,2568.918	338.53482,253.78537,2501.2764	290.07074,256.3668,2426.582	274.61392,306.23,2343.7122	235.83607,402.84308,2289.8472	284.2065,301.46335,2523.7024	205.79092,487.0581,2360.9038	322.1903,388.07953,2363.3225	274.61392,306.23,2343.7122	330.5239,479.01944,2406.376	374.47467,210.55833,2366.5571	396.35162,192.23509,2086.715	
311.631,161.77692,2418.2993	302.16028,209.19322,2416.9612	285.32266,205.61844,2282.6643	313.17017,224.12997,2099.2388	302.16028,209.19322,2416.9612	317.22525,212.39165,2551.258	344.44437,251.21013,2498.5996	292.4151,257.06674,2425.754	272.15207,305.79462,2353.0234	235.91711,403.6327,2284.4172	292.64246,303.47208,2516.0698	206.73526,488.67157,2353.6375	324.10645,391.36224,2337.6787	272.15207,305.79462,2353.0234	332.27316,481.84857,2391.5183	380.8891,211.31517,2350.5996	378.2486,196.383,2112.362	
311.21188,162.76909,2416.0815	302.0165,210.55818,2417.167	279.41672,206.01643,2293.9663	297.17038,232.57349,2113.0403	302.0165,210.55818,2417.167	322.42426,214.65941,2540.3677	354.21545,248.97195,2482.3608	292.28912,258.42096,2426.793	269.05685,306.2382,2363.4937	234.70609,404.7481,2283.9214	295.43088,305.59222,2509.3442	206.19577,489.57758,2355.6519	319.27896,397.37753,2335.0767	269.05685,306.2382,2363.4937	327.86902,487.5937,2390.7742	391.60068,212.43718,2327.0898	362.9579,204.94437,2135.4868	
310.58792,164.34978,2415.5059	301.51144,212.16016,2414.8225	273.27948,206.50113,2313.385	276.11148,239.86891,2131.8792	301.51144,212.16016,2414.8225	327.46716,217.36293,2516.26	364.67813,244.28328,2447.3774	291.7134,260.05298,2424.6045	264.9045,306.6938,2373.2478	233.67682,406.17563,2277.297	298.2464,308.38556,2495.5251	205.50656,488.78625,2363.1697	319.8741,402.46518,2325.4526	264.9045,306.6938,2373.2478	328.32632,494.0287,2373.3865	407.13943,212.36978,2285.2102	341.43427,210.54163,2150.6023	
310.43994,166.92578,2415.2178	301.2304,214.49028,2410.4558	269.50046,207.87053,2326.9414	259.1849,246.17883,2160.9294	301.2304,214.49028,2410.4558	330.8353,220.66667,2493.9702	373.13785,242.52219,2416.754	291.34692,262.5024,2417.6133	262.5792,308.37195,2374.9934	234.72849,409.02237,2262.1594	299.70224,312.01544,2474.548	206.59503,490.95605,2354.6584	319.37646,408.50525,2316.3699	262.5792,308.37195,2374.9934	327.49112,500.44025,2363.6833	422.22025,215.41,2255.6748	326.0536,222.6869,2178.0645	
310.58704,168.95189,2417.0747	300.79163,216.16124,2410.9177	266.7972,208.85182,2344.6958	246.85242,249.71883,2190.1191	300.79163,216.16124,2410.9177	332.96844,223.07985,2477.1396	378.59125,238.87405,2385.273	290.83115,264.19998,2414.9797	260.57593,309.37112,2379.507	234.55841,410.4997,2261.2693	300.5786,314.69666,2458.5764	207.25174,491.4834,2360.2825	319.27667,412.8358,2317.646	260.57593,309.37112,2379.507	327.20898,503.63345,2372.019	434.0466,216.99973,2232.7715	313.78574,229.12239,2198.5479	
311.0982,170.27719,2417.0786	299.9223,217.6243,2411.278	265.31747,209.21666,2348.5928	240.68488,252.03821,2204.142	299.9223,217.6243,2411.278	332.77353,225.60587,2473.9634	381.18704,233.79866,2361.26	288.45282,265.26086,2416.932	256.4182,309.2378,2385.3098	231.92288,410.56543,2262.0725	297.03064,316.00815,2459.8616	204.72891,491.67444,2360.3696	315.65405,414.39197,2338.034	256.4182,309.2378,2385.3098	322.08298,504.1956,2394.4788	441.456,218.48381,2221.516	306.60678,232.4134,2211.2363	
311.73288,169.26953,2423.4832	300.24664,216.45287,2410.8616	265.57297,207.14764,2348.1577	241.45578,249.6098,2190.543	300.24664,216.45287,2410.8616	333.16238,225.28632,2473.5654	381.02963,233.10587,2358.1704	288.15057,264.03198,2410.9272	255.16782,307.60828,2373.5107	234.78113,410.1698,2249.0488	296.30298,315.48627,2448.475	207.02722,492.52075,2342.7368	318.11017,413.7044,2335.264	255.16782,307.60828,2373.5107	326.03513,505.1128,2380.1738	441.6289,218.69576,2221.0586	307.55356,228.24667,2208.2612	
312.09222,167.95465,2434.6226	300.79028,214.48924,2416.7651	267.78635,204.68108,2340.3164	246.37308,244.65231,2167.738	300.79028,214.48924,2416.7651	331.77023,223.69592,2493.2139	378.63055,235.46155,2374.5046	288.3363,261.90265,2411.3738	255.61688,305.5226,2359.9158	237.17892,408.84454,2250.5588	295.27686,313.3839,2452.049	208.30453,491.35706,2341.409	317.62338,411.1578,2353.5352	255.61688,305.5226,2359.9158	325.72018,501.24393,2403.3677	435.35922,217.0964,2234.1416	312.28802,221.3778,2195.751	
312.5191,165.91919,2440.7922	301.66898,212.29091,2419.4465	271.12982,202.3144,2327.141	253.86053,238.65799,2136.46	301.66898,212.29091,2419.4465	329.96353,221.53413,2511.752	372.7493,239.76646,2404.249	289.28543,259.6774,2409.4082	257.905,303.7438,2343.6587	239.58649,407.38342,2254.519	294.83405,311.00836,2455.081	210.14313,491.37506,2335.62	318.0313,408.35828,2361.5786	257.905,303.7438,2343.6587	326.382,499.46512,2401.828	421.6289,213.86914,2257.7007	319.62717,213.55379,2176.3545	
312.65662,165.67987,2452.9932	303.03152,211.55092,2423.5505	275.70123,201.17824,2316.4133	267.67084,228.76305,2099.901	303.03152,211.55092,2423.5505	328.04776,221.04535,2530.6877	366.68964,244.42212,2445.2761	291.0829,258.87888,2405.2222	261.84586,303.34894,2322.3027	242.65456,407.23334,2252.6716	295.15433,310.32947,2451.4849	212.13992,492.25604,2326.4404	318.78952,407.68454,2362.4714	261.84586,303.34894,2322.3027	326.94046,499.77225,2395.218	409.55347,217.73871,2294.9375	334.13568,205.69147,2155.7544	
312.35486,165.46194,2450.1401	303.52078,211.42908,2421.1597	278.91055,201.54575,2302.326	285.83597,220.26526,2081.2244	303.52078,211.42908,2421.1597	325.82822,220.38762,2539.9934	358.4548,246.90776,2483.277	292.42728,259.0113,2401.2688	265.72516,304.43698,2310.0046	243.52515,407.56332,2258.2024	295.6742,310.16806,2452.7512	212.49118,492.2149,2331.8	318.9544,407.37347,2373.669	265.72516,304.43698,2310.0046	327.61053,500.3158,2395.6846	395.56195,217.57712,2337.0662	353.31024,197.46194,2133.7986	
312.14426,165.88104,2440.5906	302.93732,212.19458,2418.5134	283.00916,203.9626,2285.8086	305.59088,214.10677,2088.769	302.93732,212.19458,2418.5134	320.7923,219.57018,2551.2183	352.15872,246.62642,2517.1423	292.19702,259.97318,2404.046	268.6305,306.74155,2309.225	243.63828,409.22675,2261.2715	293.1968,309.81567,2469.9316	211.48047,492.1468,2341.087	315.98764,406.41565,2390.1868	268.6305,306.74155,2309.225	324.23074,498.87024,2411.5552	380.66858,217.90623,2368.284	374.11102,189.58119,2112.6975	
311.76093,167.43532,2428.3044	301.65833,214.10786,2417.3552	289.81512,209.4194,2272.2805	324.89215,207.54877,2104.5208	301.65833,214.10786,2417.3552	312.16052,218.26544,2562.43	345.29117,248.60844,2508.3135	291.42252,261.98257,2413.1885	273.23605,310.8867,2319.8862	245.13577,412.5299,2264.8315	288.50165,309.2208,2498.1572	213.38435,493.32513,2355.629	313.69052,404.00366,2399.5813	273.23605,310.8867,2319.8862	321.65497,495.8316,2423.6638	376.7729,210.45859,2376.0403	395.05426,184.55777,2082.715	
311.7385,168.1571,2421.206	299.54892,214.59142,2410.6926	299.9715,213.45157,2265.0388	337.9119,202.57135,2121.2478	299.54892,214.59142,2410.6926	299.1745,215.60138,2556.3464	337.30594,255.06583,2513.8608	288.2919,262.3522,2411.148	276.4392,313.02246,2324.124	242.8385,413.3305,2255.5972	277.59708,307.37234,2499.0825	211.23468,493.33868,2352.4998	310.74774,399.9057,2372.582	276.4392,313.02246,2324.124	318.46182,492.23022,2401.6873	370.07294,211.556,2402.725	409.0339,183.0781,2063.7078	
312.15323,168.24747,2417.6826	298.57532,214.40913,2406.3071	306.1785,215.39685,2261.9622	345.12872,201.77461,2116.8425	298.57532,214.40913,2406.3071	291.8327,213.5332,2550.652	333.708,257.4953,2516.6433	286.51157,262.06873,2408.1836	277.91025,313.6661,2325.7856	239.97148,412.37955,2257.771	271.25565,305.91315,2494.3345	210.11847,492.8208,2355.521	313.7083,392.45053,2355.9502	277.91025,313.6661,2325.7856	320.9215,484.90857,2390.2964	367.2701,212.07504,2407.7898	416.241,184.56555,2061.1235	
312.1643,167.73984,2417.3022	298.56454,213.70546,2410.1733	304.03262,214.7688,2259.9282	342.81525,207.29886,2108.5415	298.56454,213.70546,2410.1733	293.7382,212.7669,2560.418	331.0332,261.2447,2520.037	286.3672,261.20093,2415.5386	276.40518,312.6585,2333.024	235.72026,409.66132,2271.7236	272.19543,304.60556,2508.7837	206.18282,491.8175,2358.0981	319.27496,387.513,2365.554	276.40518,312.6585,2333.024	327.5089,479.51318,2400.469	364.51376,214.45581,2415.2139	411.75012,186.03806,2078.2866	
311.75034,165.50156,2408.371	299.1047,212.20514,2409.7793	298.39664,213.10513,2256.7527	334.19122,215.61432,2099.0874	299.1047,212.20514,2409.7793	299.72824,211.41263,2562.806	330.70966,261.59763,2517.406	287.55542,259.66647,2423.087	274.82513,310.8216,2344.6726	234.96829,407.7605,2280.9832	277.34464,302.70276,2528.1165	206.3681,489.82346,2368.2458	322.4633,384.9414,2364.2195	274.82513,310.8216,2344.6726	331.05612,476.80634,2400.742	366.77277,216.26642,2410.7944	401.20468,192.40994,2106.345	
311.6489,164.94034,2410.8394	300.10028,212.42291,2411.5352	290.78232,210.9627,2263.5266	318.95648,224.60336,2097.638	300.10028,212.42291,2411.5352	308.34058,213.71425,2559.5437	333.87585,257.27835,2508.4382	289.12964,260.05154,2423.273	271.9489,310.006,2344.8914	234.21613,408.21216,2270.2651	284.12976,304.6347,2525.1301	203.9721,490.42407,2355.5786	323.73865,388.6134,2336.8816	271.9489,310.006,2344.8914	332.1834,480.89545,2378.1858	373.08704,216.19743,2384.7148	384.52258,200.24481,2129.2666	
311.42035,164.90463,2405.06	300.9461,212.72856,2408.6223	283.6486,209.81604,2272.352	300.1885,233.99074,2110.135	300.9461,212.72856,2408.6223	316.39114,215.32916,2544.8926	342.92606,252.94226,2478.8035	290.5471,260.5179,2421.8794	269.4492,309.41302,2352.8428	234.17894,408.16193,2278.2202	290.36652,306.26715,2517.4302	204.98016,490.69275,2362.2349	323.41656,394.09674,2329.23	269.4492,309.41302,2352.8428	333.43552,486.14606,2372.6455	383.878,213.651,2352.724	365.5944,207.16583,2141.2874	
310.93063,165.90836,2402.5474	301.6943,214.01816,2401.5156	276.34216,209.35138,2290.996	279.93073,241.54799,2132.3215	301.6943,214.01816,2401.5156	324.81567,218.27429,2512.0352	355.61758,246.95052,2445.8098	291.9786,262.1445,2412.9824	266.9034,309.7889,2357.593	234.0708,409.4797,2272.8376	296.9769,309.84088,2491.3054	205.5927,492.08038,2358.8445	323.78973,401.12445,2308.563	266.9034,309.7889,2357.593	333.1926,493.13586,2357.7097	399.52365,210.57277,2310.2305	346.76672,216.07095,2158.1436	
311.56482,166.69919,2402.142	302.65137,215.06158,2399.8264	272.70016,209.47327,2307.2234	264.93533,247.05357,2157.2947	302.65137,215.06158,2399.8264	330.37698,220.23466,2492.4294	368.20047,242.43594,2409.1335	293.10425,263.27194,2410.8757	266.00287,310.0453,2367.35	235.8753,410.4152,2267.6333	300.5081,311.9956,2476.5	207.38403,491.08157,2364.8567	321.55594,407.22382,2317.266	266.00287,310.0453,2367.35	330.59686,498.68802,2367.33	415.921,209.35579,2265.6575	332.66708,222.442,2183.8254	
311.38242,169.65707,2408.9856	302.81015,217.63078,2401.514	270.6494,211.44826,2317.628	252.7411,250.75922,2175.8179	302.81015,217.63078,2401.514	332.79993,223.39597,2485.4	376.0443,236.75748,2379.3533	293.3776,265.88828,2409.6338	265.08585,312.26544,2368.362	236.54758,413.34637,2250.8088	302.17325,315.31555,2467.1453	208.38196,492.30835,2360.0022	320.2988,412.74298,2321.6096	265.08585,312.26544,2368.362	328.15527,504.59824,2367.6116	429.43787,210.14528,2233.63	321.1532,228.90324,2198.1755	
311.38083,170.8164,2411.419	302.73053,218.44933,2400.7712	268.86298,211.76541,2327.5278	248.87158,251.69566,2178.7126	302.73053,218.44933,2400.7712	334.59277,224.73747,2474.0146	378.2031,231.52643,2355.852	293.34442,266.78427,2406.3357	263.83765,312.7609,2368.2878	235.57312,414.0727,2251.0403	303.44934,316.95566,2455.5125	207.49161,492.59436,2362.4885	321.50955,415.54678,2321.552	263.83765,312.7609,2368.2878	327.0138,506.93954,2371.4143	436.2597,211.93362,2217.4995	317.287,228.5799,2204.709	
311.3433,171.32745,2412.5618	302.69702,218.71483,2407.697	270.92435,212.49629,2318.39	247.8436,249.83354,2164.4202	302.69702,218.71483,2407.697	332.19696,224.48856,2497.0042	378.1158,231.99211,2352.6904	293.06873,266.80603,2415.645	264.334,313.09268,2369.7693	236.66501,414.49463,2257.4387	301.84012,316.00626,2477.4167	208.9331,494.07053,2363.0215	318.66412,414.56696,2358.6807	264.334,313.09268,2369.7693	325.56934,504.91046,2405.4927	436.34802,212.63377,2209.3452	316.1416,226.0816,2194.862	
312.4221,168.9197,2413.694	304.0313,216.49539,2407.1284	272.8856,209.89027,2312.3738	254.07172,246.18806,2140.7234	304.0313,216.49539,2407.1284	332.81784,222.60019,2501.883	373.67282,235.40242,2363.2844	294.06256,264.5768,2413.2117	265.4115,310.84888,2362.5532	237.04333,412.2201,2256.7544	302.01785,313.91217,2476.0366	208.70255,494.36548,2348.1711	320.66644,411.72586,2341.7979	265.4115,310.84888,2362.5532	327.23987,501.97144,2394.4648	429.39105,212.08888,2217.463	321.4277,219.9864,2176.365	
312.5381,166.74997,2421.3674	304.7048,214.01003,2410.0073	275.9132,207.32193,2303.4548	263.93353,239.37964,2114.4856	304.7048,214.01003,2410.0073	331.05832,220.13174,2516.5598	368.49872,238.5404,2391.6863	295.03613,262.16425,2411.211	267.82394,308.94867,2348.1865	240.34076,410.97363,2250.8318	302.0198,311.5236,2476.6426	210.20663,493.11758,2340.6848	320.323,409.3152,2353.6787	267.82394,308.94867,2348.1865	326.56836,500.96478,2393.0571	417.9618,213.37714,2237.3147	331.31848,213.11055,2152.642	
311.93915,165.09149,2418.276	304.93677,212.56677,2407.363	279.9507,206.41727,2286.424	278.33557,230.34216,2085.9614	304.93677,212.56677,2407.363	327.53247,218.12796,2528.302	361.44736,243.40211,2430.4353	295.72778,260.8916,2406.757	271.11368,308.62616,2332.9473	242.41968,410.78906,2244.9937	301.0052,309.81903,2479.355	211.52277,492.02856,2339.6265	318.8658,407.52148,2359.8838	271.11368,308.62616,2332.9473	325.15848,498.88095,2400.1265	400.7,210.71959,2282.2495	346.0615,204.83212,2128.0513	
311.79205,164.42035,2416.1248	304.50632,211.97392,2406.2324	282.42108,206.1619,2275.7825	296.19882,221.09015,2069.086	304.50632,211.97392,2406.2324	324.3201,217.18817,2536.6824	353.34775,248.95457,2459.946	295.49734,260.37476,2404.6016	272.88492,308.68872,2324.6345	241.56564,410.05847,2248.6921	299.20923,308.9842,2481.307	209.98532,491.0326,2342.7249	318.16708,406.3232,2362.2346	272.88492,308.68872,2324.6345	324.55902,497.91367,2400.2644	388.88602,210.47269,2308.5315	365.05594,196.53862,2100.2798	
311.5166,164.52092,2416.0505	303.893,212.32788,2405.2659	285.96082,207.1732,2265.2803	315.3262,211.8765,2077.1343	303.893,212.32788,2405.2659	319.85272,216.91556,2545.2515	344.57794,255.70618,2491.4526	295.0475,260.78625,2403.2227	274.97168,309.82196,2316.7878	242.27625,411.10492,2243.9978	296.6405,308.86588,2485.571	211.17014,492.0127,2340.218	316.7776,405.65463,2359.7214	274.97168,309.82196,2316.7878	323.78418,496.4482,2404.2249	374.9793,211.97783,2347.1104	385.46628,188.24413,2075.6265	
311.02814,165.59961,2408.2483	302.096,213.2173,2400.3064	293.95786,210.20357,2251.698	331.97562,203.54146,2093.3733	302.096,213.2173,2400.3064	309.28522,215.87962,2548.9148	339.49173,253.72618,2491.6123	292.94308,261.69675,2400.6667	278.185,312.19238,2309.5667	243.15608,412.99695,2239.7092	288.98926,308.2799,2492.4875	211.88315,493.13156,2340.1228	312.0678,404.0982,2360.4224	278.185,312.19238,2309.5667	319.20938,495.06036,2403.735	371.0504,207.33093,2362.6436	402.89676,183.28029,2045.1056	
311.09564,166.39864,2403.3596	300.89465,214.35905,2393.5999	302.60648,213.56926,2244.9236	340.46198,201.25648,2104.8594	300.89465,214.35905,2393.5999	299.38303,215.05646,2542.2761	330.16324,262.6818,2528.749	291.41342,262.89923,2395.3242	282.21667,314.71017,2306.4924	243.16658,413.87625,2242.6987	281.69467,308.27225,2487.6047	212.29892,493.55457,2345.4817	312.89752,400.7746,2348.9524	282.21667,314.71017,2306.4924	319.1012,493.12616,2385.8367	360.959,217.47498,2395.2078	410.72815,181.46529,2030.8213	
310.8306,165.95395,2401.9065	299.25687,213.02853,2385.8074	306.49664,212.66092,2237.6572	342.00467,203.46683,2096.5034	299.25687,213.02853,2385.8074	292.86365,213.35315,2533.9575	325.71918,266.96506,2538.4622	288.944,261.59787,2383.6624	281.9977,313.75317,2293.9744	238.14679,410.9,2240.3518	275.4674,307.00433,2469.0603	207.58946,491.50653,2339.7073	313.5502,397.06152,2330.5813	281.9977,313.75317,2293.9744	319.52597,490.13156,2368.1218	356.22113,221.54224,2406.8384	411.32724,183.52765,2044.7303	
311.11002,164.4472,2400.8955	298.03345,211.33641,2382.3616	305.398,210.34743,2231.348	337.24118,209.82024,2088.7585	298.03345,211.33641,2382.3616	291.54688,212.2075,2533.3752	327.7401,264.37024,2519.7703	287.09372,259.86237,2377.045	279.50006,311.8356,2282.5398	235.2257,407.89545,2251.4578	272.9559,305.61023,2460.9167	205.5394,489.99377,2342.681	316.08395,393.72815,2332.9878	279.50006,311.8356,2282.5398	322.83484,485.8772,2376.8486	360.73898,218.26497,2399.692	404.55237,185.71022,2064.994	
311.1747,161.66302,2400.1682	299.00684,209.10518,2389.1968	293.96814,206.01785,2241.779	326.1922,219.3664,2085.2021	299.00684,209.10518,2389.1968	303.45987,211.83368,2536.6145	331.53217,257.26434,2498.262	287.5793,257.33215,2388.1938	272.22437,307.55072,2296.745	232.0925,404.04968,2276.0508	279.774,303.791,2477.6367	203.95995,486.66248,2362.803	321.8093,391.0054,2344.0654	272.22437,307.55072,2296.745	327.9348,481.53073,2397.526	371.93106,215.66632,2386.4126	392.7849,191.69267,2075.2734	
310.70392,161.1868,2399.2803	299.8667,209.26566,2390.456	285.29828,204.36984,2253.0796	305.4132,231.53473,2090.855	299.8667,209.26566,2390.456	312.85165,213.62933,2527.8325	342.30627,251.71391,2476.3867	288.8512,257.56076,2390.5784	268.40762,306.4395,2307.3313	234.9443,405.53558,2274.1265	286.63055,305.302,2474.07	205.77747,488.1988,2358.9421	322.92892,395.51837,2326.4287	268.40762,306.4395,2307.3313	330.07446,486.33087,2381.5317	382.26657,211.3475,2351.8198	368.42828,202.18161,2105.4893	
310.69882,160.90448,2399.7485	300.8503,209.15129,2390.6758	277.73062,202.80731,2274.3647	284.6571,239.89052,2117.5454	300.8503,209.15129,2390.6758	321.82477,214.9066,2506.9868	353.52933,245.69888,2444.9158	290.38812,257.56873,2390.8018	265.46356,305.14868,2319.9883	235.78323,405.4416,2277.7295	293.55692,306.76544,2461.8672	206.17267,487.08765,2366.5771	323.859,400.4098,2316.4875	265.46356,305.14868,2319.9883	332.54828,491.12274,2373.2656	396.00687,207.47354,2315.2864	347.8345,210.481,2130.1138	
311.49118,161.13324,2399.1858	301.77307,209.38885,2387.6506	272.42935,202.03897,2297.6033	268.5255,244.48293,2147.8457	301.77307,209.38885,2387.6506	328.9839,216.2045,2477.698	366.32956,238.70795,2409.1296	291.55676,257.93845,2386.465	263.40982,304.43036,2330.971	236.65771,405.81216,2272.7766	298.45297,308.5485,2439.5881	207.078,487.8114,2360.8633	323.19592,405.4874,2304.998	263.40982,304.43036,2330.971	330.86087,496.62036,2361.783	413.01306,203.79865,2272.5027	333.24738,216.71893,2149.39	
310.8339,163.62703,2406.969	301.6714,211.41312,2388.0342	268.90033,203.42908,2315.876	255.11551,248.2307,2175.0505	301.6714,211.41312,2388.0342	332.52008,218.9288,2460.1924	377.45172,230.88045,2373.3176	291.67316,260.0221,2382.3252	262.04944,305.96417,2333.9841	237.70413,408.39673,2263.4302	300.51437,311.66284,2419.2483	207.64613,490.56445,2351.2222	321.1179,410.97736,2304.7698	262.04944,305.96417,2333.9841	327.9264,501.94632,2362.3425	430.1975,201.53937,2231.9875	320.48215,223.54327,2171.3103	
310.97397,165.9253,2411.5051	301.50854,213.18008,2390.7505	266.91406,204.74689,2330.8857	248.66058,251.05183,2191.7603	301.50854,213.18008,2390.7505	334.41284,221.20126,2450.6152	381.8604,225.05772,2344.091	291.1173,261.663,2384.2517	259.96512,306.91248,2342.298	237.37302,409.71854,2264.0386	300.76505,313.80658,2413.2078	206.8876,489.48456,2363.0276	320.1035,413.7644,2318.368	259.96512,306.91248,2342.298	325.71146,504.51785,2373.9167	439.87555,202.29149,2209.476	313.93036,226.0291,2190.0068	
311.2637,166.34576,2412.235	301.23453,213.27667,2391.6582	265.72726,204.46591,2338.699	249.1412,251.68173,2196.315	301.23453,213.27667,2391.6582	335.20337,221.70569,2444.6174	381.1701,222.7438,2333.7002	290.44168,261.65686,2385.0571	258.2408,306.38342,2346.9382	236.97485,409.4245,2264.0764	300.37866,314.12515,2409.9739	206.94302,490.445,2357.4744	320.74557,414.00916,2325.382	258.2408,306.38342,2346.9382	325.0976,505.12088,2376.974	441.10623,203.3388,2205.6628	314.16663,225.58092,2193.623	
311.09845,165.32536,2413.5347	300.5516,212.40472,2392.2961	265.07532,203.02032,2336.466	252.1272,249.2022,2177.1543	300.5516,212.40472,2392.2961	334.4098,221.3611,2448.1262	377.6279,228.72318,2347.8132	289.17017,260.63718,2384.6843	256.24915,304.9641,2343.6985	236.82921,408.55045,2257.9978	298.58813,313.27628,2410.4465	206.52808,489.88385,2350.7498	319.5139,412.91083,2333.079	256.24915,304.9641,2343.6985	323.81293,503.4499,2386.8687	434.2972,206.86879,2212.6897	317.35034,222.95258,2180.4534	
311.61078,163.96173,2413.5322	301.15707,210.91273,2393.5322	268.3685,201.25212,2315.2754	260.2168,244.38602,2150.5054	301.15707,210.91273,2393.5322	331.86945,219.96164,2471.789	374.03934,235.65875,2382.135	289.27737,258.99567,2385.399	257.02185,303.54193,2329.6958	240.50674,407.887,2253.434	296.81464,311.12167,2424.8354	208.67445,490.54028,2337.1816	318.70618,409.54688,2358.219	257.02185,303.54193,2329.6958	324.47278,500.33932,2403.0886	421.08276,208.86554,2224.7974	325.94855,217.09225,2164.0576	
311.68115,162.90485,2422.5725	302.02808,210.05473,2399.288	273.3105,200.60303,2298.5173	270.98935,239.3992,2125.2766	302.02808,210.05473,2399.288	328.43063,218.74449,2500.0588	368.1694,241.95093,2421.2786	290.92978,258.15442,2385.1912	261.76917,303.68085,2309.9478	245.40714,408.4776,2247.3335	296.7283,309.81305,2432.2407	212.78333,491.5916,2328.5837	321.82666,407.27576,2356.5662	261.76917,303.68085,2309.9478	325.42792,498.24142,2401.6897	405.30844,211.17792,2255.5154	336.95798,210.99426,2138.6738	
311.33365,161.80093,2419.0925	303.11163,209.24129,2397.1409	277.90878,200.76436,2280.0308	287.1157,230.80217,2097.6992	303.11163,209.24129,2397.1409	325.96664,216.92853,2514.251	358.08502,248.51367,2451.3772	293.21265,257.64334,2383.6392	267.59756,304.5285,2299.855	247.21988,408.2378,2253.9504	297.90543,308.54602,2440.42	214.47513,490.54254,2338.1184	322.4997,405.8553,2363.4473	267.59756,304.5285,2299.855	326.84448,496.70584,2407.585	390.6878,210.59718,2286.2407	354.09164,202.93011,2114.966	
311.35397,161.34866,2424.857	301.8581,208.59021,2402.9963	284.92032,201.2485,2267.2732	306.02417,223.35725,2093.8533	301.8581,208.59021,2402.9963	316.98486,215.14691,2538.7195	350.2365,247.99304,2465.0042	292.61993,256.99725,2388.4688	272.30618,305.07928,2290.6633	247.41519,408.03192,2249.258	293.48813,306.8521,2457.219	213.81544,489.38568,2337.7458	317.0774,403.8252,2372.1272	272.30618,305.07928,2290.6633	320.72946,494.24524,2417.6497	380.64172,204.7779,2309.52	374.03772,196.06577,2090.946	
310.52118,163.3202,2419.9824	300.51263,210.52846,2400.0745	293.0573,205.4567,2253.767	324.84283,213.43498,2103.6187	300.51263,210.52846,2400.0745	307.11124,215.01741,2546.3818	341.9256,248.15019,2486.5066	291.60895,259.09253,2389.057	277.4473,308.865,2288.7966	248.13629,410.66095,2250.0422	287.4238,307.40305,2467.282	214.48972,491.67694,2339.6426	316.37415,402.11554,2362.9387	277.4473,308.865,2288.7966	318.3868,491.9436,2415.8547	372.46326,203.89503,2334.228	394.37378,189.69429,2064.0317	
310.30576,164.63052,2416.5833	299.30856,211.39227,2392.2087	303.3122,208.89113,2247.6648	339.45938,204.64468,2111.0867	299.30856,211.39227,2392.2087	295.7612,213.6084,2536.7527	335.84485,250.12405,2502.824	289.92987,260.04645,2383.06	282.15872,311.34973,2285.5056	247.28983,411.61978,2245.1877	278.91974,306.96487,2462.3171	213.6589,492.1897,2337.9514	314.05054,399.21423,2344.3047	282.15872,311.34973,2285.5056	316.33786,489.53116,2399.3167	366.70627,203.92946,2365.845	408.63416,185.76213,2039.1528	
309.98343,166.04277,2416.0354	298.51938,212.34113,2387.8684	309.32538,211.15717,2245.9854	347.51218,200.83182,2111.8452	298.51938,212.34113,2387.8684	288.9255,213.39227,2529.7515	332.44263,256.7399,2524.8892	288.57483,260.9826,2377.3882	284.0515,312.93463,2283.633	244.51077,411.40924,2246.1736	273.40744,307.3708,2450.1829	210.59476,491.98218,2337.9084	317.0055,395.81036,2335.0376	284.0515,312.93463,2283.633	319.55795,486.51715,2390.3494	359.0396,208.11671,2394.0955	416.79398,183.20375,2038.9761	
310.11533,165.19737,2416.4275	297.75125,211.46675,2386.8674	310.87222,210.6826,2244.2075	347.37534,202.9025,2109.2617	297.75125,211.46675,2386.8674	286.11026,212.16245,2529.5273	330.78088,262.9033,2541.4834	287.5762,260.0829,2376.0195	284.12256,312.27237,2281.5632	241.93073,409.06995,2254.6616	270.95844,306.2311,2448.78	208.62161,490.6781,2340.6045	318.88983,392.50482,2341.3972	284.12256,312.27237,2281.5632	323.90854,482.7265,2398.122	356.29294,213.58849,2415.684	415.13483,181.89409,2059.1677	
309.14166,164.64398,2415.135	297.1132,210.90012,2389.0464	307.64938,209.61319,2241.0637	340.73608,208.6995,2105.2073	297.1132,210.90012,2389.0464	287.80615,212.03693,2537.029	332.99008,260.10907,2523.6863	287.04358,259.49258,2379.3442	282.26746,311.49594,2281.6133	238.67825,407.07385,2263.627	271.90067,305.68582,2457.671	207.08871,489.57367,2346.5583	321.44025,390.80023,2351.1377	282.26746,311.49594,2281.6133	326.09415,480.8955,2406.6387	362.7373,211.4392,2406.257	406.89108,184.50551,2083.379	
309.5341,163.71988,2414.1353	299.41318,210.44963,2398.2993	296.06055,207.76515,2252.2517	330.44894,216.41377,2101.2976	299.41318,210.44963,2398.2993	302.38095,212.82593,2544.347	339.04938,252.3662,2502.2393	290.32202,258.96997,2396.1829	278.35898,309.8529,2300.0955	235.7551,404.43167,2288.6873	283.8549,305.4713,2488.0374	205.98581,487.98895,2363.9817	325.32584,390.78864,2360.2874	278.35898,309.8529,2300.0955	330.32425,479.81097,2421.0405	374.7839,208.11664,2375.2668	395.0883,188.317,2099.3547	
309.58212,162.70871,2414.2852	300.93912,210.18353,2403.4321	285.8119,206.0489,2271.8286	314.76846,226.29863,2110.1106	300.93912,210.18353,2403.4321	314.49573,213.88889,2535.0356	349.74014,244.48204,2470.714	292.08423,258.62576,2404.3948	273.235,307.9428,2322.069	233.43399,404.00726,2290.4917	292.56842,306.17676,2488.6458	203.46323,487.1228,2367.5662	325.02203,396.25385,2344.0315	273.235,307.9428,2322.069	332.53912,487.14267,2392.8118	384.6151,201.00822,2332.2668	378.0133,194.71481,2119.3303	
309.62097,161.82603,2414.0093	301.48645,209.78493,2404.1863	277.8076,204.48495,2292.4717	296.9878,234.09756,2127.9192	301.48645,209.78493,2404.1863	323.06244,214.61421,2515.901	359.96182,237.49174,2436.351	292.72452,258.2272,2406.3665	269.3125,306.23328,2340.365	234.09247,404.06158,2291.98	297.83698,306.9111,2476.7283	204.0271,487.4662,2366.9602	323.4287,400.72644,2329.3323	269.3125,306.23328,2340.365	330.0103,492.005,2379.5305	398.93835,197.25015,2289.0208	361.06738,202.60387,2136.494	
310.29526,162.0282,2415.0417	302.28165,210.0374,2403.185	272.3469,203.84602,2319.4946	280.56592,241.57646,2157.3647	302.28165,210.0374,2403.185	330.20163,215.81206,2486.8755	369.9392,229.40077,2393.4736	293.31522,258.45483,2406.435	266.17096,305.1333,2359.023	235.34863,404.12286,2298.2732	301.82535,308.28375,2460.3472	204.78757,488.11,2367.3408	322.6308,404.95224,2319.6257	266.17096,305.1333,2359.023	329.01697,495.96835,2373.9622	415.42606,193.56203,2247.761	344.3874,210.6271,2152.2422	
310.71332,163.30971,2414.9592	302.44214,210.94193,2401.3386	269.04474,204.23352,2337.2668	267.27652,245.26712,2181.674	302.44214,210.94193,2401.3386	334.10364,217.30167,2465.4104	376.088,220.44096,2356.7478	293.46887,259.40933,2403.885	264.75397,305.4103,2368.5708	237.21753,405.59015,2287.9092	303.66302,310.06482,2444.292	206.84421,489.86884,2358.0547	321.23807,408.7738,2318.645	264.75397,305.4103,2368.5708	327.43875,500.1797,2370.0884	428.8511,192.63176,2216.0098	331.05258,216.06714,2164.2302	
311.25803,164.34143,2415.444	302.66217,212.0111,2401.9297	267.51126,204.97083,2349.7192	259.96857,247.0782,2195.4836	302.66217,212.0111,2401.9297	336.31747,218.7518,2454.1401	379.15125,215.86165,2338.782	293.5522,260.4472,2404.06	263.66513,305.93802,2375.3245	238.04831,406.65897,2287.3499	304.7248,311.58466,2437.0564	206.92712,491.5047,2352.4966	321.22134,411.12384,2328.2659	263.66513,305.93802,2375.3245	326.10712,502.00238,2380.9902	435.509,193.87234,2198.5781	323.63275,219.47223,2173.1965	
311.75122,165.15701,2424.1643	302.95468,212.06929,2403.652	267.25922,204.48647,2353.0542	259.3834,247.86627,2194.1868	302.95468,212.06929,2403.652	337.1783,219.33946,2454.25	380.57108,219.7281,2343.9585	293.70862,260.48038,2399.3462	263.08652,305.815,2364.9695	238.42833,407.41867,2274.1394	305.24283,312.23544,2425.111	206.75789,493.12378,2336.134	322.35263,412.35913,2323.5076	263.08652,305.815,2364.9695	325.44107,503.1759,2378.1985	434.43927,196.16379,2186.4834	322.3277,218.77892,2169.4521	
312.502,163.7573,2428.3542	303.22244,210.45451,2408.0164	269.32703,202.06866,2338.8528	264.77014,245.33894,2176.5605	303.22244,210.45451,2408.0164	335.22513,218.37209,2477.18	380.99838,226.25243,2360.6792	293.30115,258.6477,2399.859	262.60474,303.85144,2349.972	238.7943,405.95605,2271.6345	303.3094,310.37405,2433.431	206.8273,491.60565,2334.2004	320.24274,409.74158,2351.6975	262.60474,303.85144,2349.972	323.1341,500.6209,2398.7458	427.06555,197.06097,2191.5798	328.5516,214.95947,2163.2646	
312.52618,163.14632,2438.6028	303.79697,209.68106,2411.8574	273.07834,200.55078,2321.818	272.8568,240.95442,2155.383	303.79697,209.68106,2411.8574	332.30453,218.15417,2501.8967	376.32892,230.03714,2394.7131	293.6718,257.7015,2396.5815	264.39285,303.08862,2326.8262	241.90369,405.91116,2264.9546	301.5897,309.4421,2435.7852	209.39246,492.25528,2324.0068	320.37283,408.48743,2349.7236	264.39285,303.08862,2326.8262	323.44592,498.83142,2401.3877	413.51318,199.03099,2221.7122	337.95563,210.51659,2149.0518	
313.28625,162.02853,2442.882	305.39355,208.43298,2412.891	278.34485,199.1768,2304.7532	286.1669,234.74274,2130.9956	305.39355,208.43298,2412.891	330.12183,216.89508,2521.029	368.7535,236.24023,2428.3416	295.63965,256.473,2394.2253	268.9252,302.4362,2310.422	245.7781,404.86526,2268.452	301.6426,307.94858,2440.697	212.73209,490.14032,2332.1257	321.90945,406.33643,2361.1038	268.9252,302.4362,2310.422	325.50626,497.7391,2401.7527	398.553,203.56445,2251.9136	352.57272,204.47603,2132.5571	
313.36087,160.62314,2436.204	306.1598,207.52277,2410.008	283.52597,199.39467,2285.445	301.96997,226.16335,2111.984	306.1598,207.52277,2410.008	326.5689,214.85193,2534.571	360.09705,239.80945,2442.929	297.4114,255.8405,2394.222	274.43463,303.10916,2303.3467	248.04724,404.58746,2270.615	301.79532,306.3866,2453.525	215.07535,489.15503,2338.3079	321.5138,404.3926,2370.7153	274.43463,303.10916,2303.3467	326.6272,496.0422,2406.3901	390.5942,200.9484,2273.203	369.8899,197.35555,2110.5354	
313.42377,161.85738,2426.1597	306.4502,209.27116,2406.4531	287.2685,202.27684,2271.2024	318.64224,217.78865,2112.2024	306.4502,209.27116,2406.4531	323.59048,215.52112,2541.7039	360.23734,258.8897,2425.26	298.2282,257.79703,2394.1304	278.0152,306.12543,2300.9116	247.33185,406.59558,2267.4587	301.0449,307.47864,2462.7036	213.44,489.92352,2340.4807	321.25052,405.17358,2365.9634	278.0152,306.12543,2300.9116	325.48032,496.76755,2403.8542	397.04135,231.5934,2216.2327	388.37943,192.46317,2083.7761	
313.0458,163.72244,2428.6033	305.71378,211.20624,2414.3804	293.61493,206.0153,2268.2878	335.9697,207.57639,2120.7288	305.71378,211.20624,2414.3804	316.43198,215.80481,2560.473	345.07828,265.29755,2456.4412	297.818,259.64398,2406.0166	282.03186,309.05887,2308.8433	247.86569,408.3838,2270.2402	297.14264,307.82617,2486.4624	214.30762,489.7627,2353.8552	318.27313,404.33426,2381.9956	282.03186,309.05887,2308.8433	321.3131,495.96014,2415.3374	381.87985,252.06447,2230.6125	407.60846,189.4094,2054.9863	
312.87033,165.09187,2429.0195	304.21207,212.46173,2413.9883	303.4438,209.55353,2265.629	346.81265,200.28506,2125.069	304.21207,212.46173,2413.9883	304.8914,215.03316,2562.3477	327.0245,268.66086,2472.7239	296.0624,260.8749,2407.8086	286.75943,311.62204,2310.1758	248.23816,409.94354,2259.1362	288.90063,307.60538,2493.082	214.02359,490.7939,2346.402	314.4773,402.25336,2365.0334	286.75943,311.62204,2310.1758	317.4478,493.52777,2406.3726	362.13132,268.21106,2239.695	419.6225,187.70435,2037.7388	
312.11047,165.40364,2430.5051	302.28952,211.9192,2408.5525	310.34744,210.25015,2264.1418	352.49594,198.43889,2123.7214	302.28952,211.9192,2408.5525	295.1432,213.39944,2552.9631	312.26334,269.8735,2477.5032	293.14392,260.26672,2399.7559	287.97626,311.62546,2304.6204	244.35191,408.09415,2252.5725	280.1678,306.49957,2477.298	210.28514,489.93378,2336.3972	312.37418,399.16907,2348.0596	287.97626,311.62546,2304.6204	317.4088,491.71442,2384.2524	345.12067,280.70398,2244.6218	425.29373,185.73401,2042.7102	
311.53894,164.88907,2430.0195	300.24014,210.71689,2403.6052	312.62137,209.69849,2260.907	353.9068,200.58846,2116.432	300.24014,210.71689,2403.6052	289.2466,211.62114,2546.3035	302.53833,269.90375,2483.7168	290.3329,259.01624,2392.8994	286.76135,310.69833,2298.4175	241.94154,406.6726,2253.0474	274.3484,305.00137,2465.9697	207.21176,487.91806,2338.561	314.62708,394.3529,2347.1538	286.76135,310.69833,2298.4175	319.97556,487.15167,2382.2212	333.00525,290.43506,2256.3403	424.99387,184.59335,2059.2053	
309.94394,162.9885,2430.4407	297.59805,208.3473,2404.5999	310.14502,207.31784,2259.5383	348.98416,204.98604,2112.2092	297.59805,208.3473,2404.5999	286.4788,209.25963,2549.6614	296.82465,268.47623,2498.275	287.01062,256.47696,2393.5557	282.82556,308.0638,2296.7854	237.8274,403.23145,2264.407	270.276,302.25104,2468.2375	204.56024,485.96442,2342.7458	314.4162,389.6065,2359.086	282.82556,308.0638,2296.7854	322.21118,482.79697,2385.8923	324.84976,296.9812,2280.1091	418.47577,187.21924,2083.8677	
307.93213,161.3516,2438.1433	295.90826,206.70024,2414.6262	301.99658,204.02515,2263.4006	337.57663,212.09799,2108.6897	295.90826,206.70024,2414.6262	290.53763,209.06001,2565.8518	298.67773,268.5489,2523.9546	285.39462,254.63638,2403.5881	277.5672,305.25244,2301.0576	235.648,401.4016,2271.6685	272.20572,300.94208,2484.0425	203.93506,484.93713,2347.4895	318.96588,385.94858,2364.5737	277.5672,305.25244,2301.0576	326.94843,477.46838,2403.594	324.67737,303.56958,2317.3923	405.1107,191.08484,2112.012	
305.06122,160.7355,2450.1138	294.6246,206.55748,2427.7039	290.30225,201.92123,2278.1116	324.16153,219.23224,2115.4373	294.6246,206.55748,2427.7039	298.44522,210.65553,2577.2961	304.93222,270.29587,2543.3035	284.83105,254.37497,2417.5662	271.54517,303.60956,2315.0938	234.30399,401.36407,2278.113	278.1129,301.65576,2499.7632	203.79257,484.67648,2356.3228	321.6221,387.34033,2359.6636	271.54517,303.60956,2315.0938	331.26956,477.59195,2408.684	329.26495,310.75363,2349.7317	389.26523,194.50539,2138.6584	
303.37363,159.51288,2446.8657	294.71872,206.58705,2427.7102	281.7011,201.13873,2285.701	301.97412,230.29063,2132.275	294.71872,206.58705,2427.7102	306.2976,211.4332,2569.7195	317.90503,253.3091,2521.551	286.1318,254.62305,2420.0776	269.13617,303.2829,2326.7202	236.7063,403.01532,2270.376	285.27158,302.66504,2498.17	206.98889,485.44263,2356.7654	323.34576,390.64594,2340.3237	269.13617,303.2829,2326.7202	333.00812,480.81906,2395.17	352.56012,269.06433,2305.877	361.47153,201.83542,2160.1804	
300.91806,159.5806,2454.1287	294.37445,206.7507,2431.234	273.4058,200.48169,2305.519	284.47876,236.08385,2155.2742	294.37445,206.7507,2431.234	313.28125,212.40326,2556.9487	330.82025,252.09619,2487.713	287.26544,254.93216,2420.7393	267.13516,302.94226,2334.392	236.17792,403.46118,2263.9236	292.26312,304.08807,2486.0972	207.46422,485.278,2356.9492	323.56586,395.50452,2323.5154	267.13516,302.94226,2334.392	332.93384,486.26526,2378.368	370.6898,250.8331,2273.6995	345.27692,205.63364,2181.9807	
300.02316,159.81273,2451.1375	292.93893,206.89392,2423.8938	265.18347,199.58499,2324.3662	266.81177,242.18901,2182.2983	292.93893,206.89392,2423.8938	318.50494,213.62628,2523.4214	341.4322,248.35223,2443.0947	285.67847,255.16034,2407.3555	261.53604,302.23383,2331.7805	231.79074,403.73535,2249.0676	294.29022,305.86554,2449.8538	203.151,485.11627,2347.3167	319.19904,401.3319,2303.8052	261.53604,302.23383,2331.7805	328.91583,493.188,2355.26	385.4635,236.684,2239.125	327.34366,209.6839,2201.567	
297.92123,161.07292,2456.599	291.1145,207.80704,2424.0417	259.35294,200.22313,2344.4768	251.29713,245.07547,2214.4348	291.1145,207.80704,2424.0417	320.85727,214.9089,2503.6067	350.8741,245.99336,2409.9473	283.6129,256.0209,2404.608	257.00574,302.50027,2338.4949	231.54385,404.77527,2257.4153	294.24374,307.4439,2431.8533	204.69351,486.19165,2356.8718	317.26077,404.95264,2318.39	257.00574,302.50027,2338.4949	326.25085,496.92014,2364.9026	398.00635,229.11606,2216.972	310.9704,214.0174,2224.8547	
296.43588,161.88943,2460.283	289.628,208.39464,2426.057	255.9697,200.68538,2355.5596	238.40727,247.3836,2244.482	289.628,208.39464,2426.057	321.3854,215.6685,2496.5542	357.22528,241.49812,2385.1274	281.83783,256.5398,2406.5876	253.79366,302.6372,2345.717	231.69725,405.51447,2257.8467	293.36127,308.20682,2428.5198	206.73659,487.3799,2358.0022	316.35037,406.23608,2331.17	253.79366,302.6372,2345.717	325.38217,497.91006,2376.0486	407.28128,223.19795,2207.6694	298.17596,216.8422,2234.1409	
295.2044,162.0192,2461.606	288.176,208.47995,2427.5283	253.43332,200.7329,2363.4912	229.15627,250.12729,2277.7678	288.176,208.47995,2427.5283	321.13284,215.82878,2491.5654	359.8589,235.6256,2366.2214	280.12936,256.5745,2409.0737	250.97806,302.35785,2352.6072	230.97308,405.38687,2263.9746	292.28214,308.36966,2428.631	206.01126,488.60812,2355.4382	316.23804,406.36368,2335.909	250.97806,302.35785,2352.6072	325.23596,498.39774,2376.7717	413.09656,217.0882,2199.121	288.21344,220.4186,2245.4739	
293.45828,162.08887,2462.7373	286.51556,208.25693,2427.9673	251.12624,200.58493,2368.2034	223.14615,250.84122,2290.8276	286.51556,208.25693,2427.9673	320.20456,215.5603,2487.7312	361.34586,218.29036,2342.3643	278.49023,256.351,2409.6272	248.8507,302.0454,2355.5986	230.58327,405.3794,2259.8647	291.20087,308.228,2426.9756	206.89294,488.87183,2352.9233	316.4532,406.1051,2329.491	248.8507,302.0454,2355.5986	325.42044,497.6494,2375.8254	419.03912,200.1013,2195.9885	282.7983,222.9865,2251.8064	
291.89676,160.78833,2463.2961	285.2759,206.83846,2428.5781	249.53024,199.29349,2371.1362	221.43074,251.06133,2295.0803	285.2759,206.83846,2428.5781	319.36966,214.03473,2486.02	360.25082,220.0333,2340.1772	277.5114,254.93723,2409.1318	247.83163,300.6851,2355.271	231.0968,404.23907,2259.4668	290.79083,306.86356,2424.1	207.70212,487.80896,2353.0413	316.8545,404.58832,2332.7349	247.83163,300.6851,2355.271	326.39532,497.06265,2370.9023	416.011,199.60239,2189.8105	281.0143,222.9059,2254.2568	
289.36667,159.03485,2463.5762	283.24442,205.45914,2428.6694	247.23862,198.23813,2372.3467	221.4492,250.0529,2293.0398	283.24442,205.45914,2428.6694	317.61804,212.3528,2484.9922	359.06055,226.496,2348.071	276.06314,253.60294,2407.5198	246.75232,299.62524,2352.5627	231.18326,403.36847,2260.7437	290.14212,305.49185,2420.1775	207.9601,487.79333,2349.7722	315.36252,403.5517,2333.196	246.75232,299.62524,2352.5627	326.77496,495.5195,2373.6077	410.08093,200.34528,2189.0674	280.06683,223.00005,2250.0188	
287.75177,158.1184,2464.7258	281.8627,204.52316,2428.959	245.71259,197.50421,2373.2434	219.65143,248.93745,2288.0266	281.8627,204.52316,2428.959	316.39157,211.22734,2484.6746	355.25613,231.064,2354.0295	275.0926,252.67865,2406.0532	246.06027,298.88574,2349.6729	232.08878,402.70828,2267.326	289.71124,304.5543,2416.622	208.12616,487.53656,2351.5725	314.7835,402.722,2334.5366	246.06027,298.88574,2349.6729	327.0864,494.15833,2377.899	403.1709,199.1664,2198.9773	278.0531,221.9196,2241.1248	
286.1343,154.84283,2464.318	280.51898,201.72665,2431.8982	244.45798,194.84479,2374.0806	219.4209,248.76714,2283.5269	280.51898,201.72665,2431.8982	314.9051,208.2889,2489.7158	351.47778,235.90938,2361.029	274.17828,249.83603,2408.1628	245.61755,296.16052,2349.6687	232.27185,399.69818,2277.1892	289.17023,301.56705,2419.1863	208.414,485.87164,2351.965	313.6233,399.54285,2344.4465	245.61755,296.16052,2349.6687	327.24738,490.7931,2385.3806	394.00024,198.38425,2207.7334	276.86407,221.42722,2234.7822	
284.48663,153.91827,2464.1191	279.19662,201.022,2433.018	243.20203,194.4082,2373.0613	217.55206,246.67012,2278.7817	279.19662,201.022,2433.018	313.45984,207.31767,2492.9749	346.9544,242.33179,2372.0305	273.403,249.15054,2408.5608	245.436,295.7403,2348.0503	233.87068,399.34863,2281.4082	288.888,300.71747,2420.1567	209.22885,486.80786,2346.0037	313.13504,398.6975,2345.2593	245.436,295.7403,2348.0503	327.335,490.10303,2384.296	383.13168,198.74948,2223.1091	276.18442,221.11569,2226.1326	
283.2351,153.87733,2466.0269	278.24615,200.96407,2434.5662	242.55159,194.37735,2370.353	216.44675,246.0033,2275.4136	278.24615,200.96407,2434.5662	312.10617,207.21225,2498.7793	342.40048,246.32951,2391.5408	272.80536,249.07256,2408.9243	245.3586,295.81274,2344.6545	234.47177,399.56873,2280.8853	288.43817,300.5431,2421.9104	208.9012,487.12985,2343.394	312.54657,398.43414,2349.2712	245.3586,295.81274,2344.6545	327.32132,490.30127,2382.7905	372.7926,199.1153,2243.4443	275.5367,220.96268,2223.6726	
281.78156,154.26314,2466.5078	277.54266,201.31062,2435.8103	242.11214,194.93979,2367.8027	215.19302,246.8178,2272.2537	277.54266,201.31062,2435.8103	311.04852,207.33537,2503.8179	337.5677,249.46277,2410.8064	272.8143,249.40173,2407.9033	246.23624,296.44348,2339.0928	234.65079,400.1789,2281.6558	288.97928,300.7242,2420.9	209.56468,488.35333,2341.0164	313.29187,398.73163,2341.8892	246.23624,296.44348,2339.0928	327.83157,490.0535,2382.1143	363.7746,201.54924,2258.4392	273.9418,221.97466,2221.3274	
280.235,153.89638,2472.731	276.46204,200.84949,2439.6995	241.27783,194.59094,2368.8137	213.80545,247.83727,2276.1536	276.46204,200.84949,2439.6995	309.65942,206.7546,2510.5852	333.59436,252.64412,2426.927	272.27975,248.84412,2409.767	246.39354,296.00433,2337.2073	234.11813,399.47974,2286.3918	288.83087,300.01596,2422.4622	208.64441,487.4847,2345.0237	312.49,398.07962,2344.9424	246.39354,296.00433,2337.2073	327.6231,489.04724,2386.4246	355.57205,203.93497,2278.4194	271.20923,222.45102,2214.117	
279.17133,153.10095,2467.578	275.349,200.42651,2440.6304	240.20154,194.45566,2368.5144	212.73615,247.33432,2275.5645	275.349,200.42651,2440.6304	308.479,206.05463,2512.7463	329.01358,256.46356,2435.968	271.3613,248.49406,2413.5154	245.76932,295.82404,2343.0364	233.84824,399.05112,2292.9846	288.0287,299.41855,2429.7644	208.22652,486.60522,2352.5789	311.56967,397.24072,2347.1772	245.76932,295.82404,2343.0364	326.59583,487.12494,2396.3726	347.3526,205.0371,2295.5515	269.66055,222.95656,2205.0874	
278.0454,152.57085,2473.6345	275.4501,199.94527,2445.9854	240.57361,194.80452,2370.844	211.7113,246.97958,2270.3506	275.4501,199.94527,2445.9854	308.24765,204.77957,2521.1267	325.1787,257.08438,2454.0183	272.8299,247.9741,2419.1677	248.85449,295.82654,2347.1433	237.04791,399.01788,2293.6382	290.65747,298.2864,2437.557	211.90158,487.22906,2349.9153	314.99548,395.607,2347.7808	248.85449,295.82654,2347.1433	329.64548,485.89642,2394.4456	340.98883,204.98883,2314.741	268.86798,223.27274,2194.248	
276.832,152.71268,2476.7053	274.80884,200.06636,2447.9216	240.08139,195.22556,2370.9282	210.91269,246.53769,2269.6873	274.80884,200.06636,2447.9216	307.41837,204.61195,2524.915	320.5928,258.37323,2457.0237	272.72125,248.08994,2421.1787	249.41916,296.16202,2348.139	234.52408,399.28278,2284.302	290.95187,298.1716,2440.7327	209.1543,486.83762,2346.5037	312.25763,396.10565,2346.8171	249.41916,296.16202,2348.139	327.36435,487.34268,2385.8508	336.02017,205.84966,2327.346	268.02368,222.3971,2192.0674	
275.73352,152.27548,2478.8027	274.1852,199.76161,2449.945	239.58177,195.18607,2371.4978	211.1228,248.60126,2268.8455	274.1852,199.76161,2449.945	306.6414,204.05322,2528.3923	317.83975,259.55466,2464.5217	272.51443,247.77586,2423.8125	249.74478,296.00897,2350.5054	233.97913,398.89142,2287.929	291.05692,297.6326,2444.8545	209.35344,487.1792,2345.9941	311.79947,395.53848,2343.002	249.74478,296.00897,2350.5054	326.92886,486.17154,2387.911	333.5291,206.4624,2333.8582	267.43805,222.01358,2194.1355	
275.36017,152.33536,2471.265	273.52045,200.09262,2448.4673	239.06941,195.74529,2367.9722	211.63847,250.61569,2274.4111	273.52045,200.09262,2448.4673	305.77838,204.16322,2528.9624	315.17056,260.19592,2462.2651	271.91733,248.21819,2425.4731	249.37491,296.63327,2354.0674	233.35385,399.51306,2286.7544	290.36618,297.87167,2450.8906	209.32787,487.4796,2348.1523	310.67526,395.63556,2344.5657	249.37491,296.63327,2354.0674	326.187,485.92883,2391.2107	330.7605,206.32957,2340.2039	267.05096,221.87549,2195.7202	
274.28296,153.2168,2476.1968	272.90216,200.93468,2449.829	238.63564,196.62502,2367.627	213.27028,251.8821,2276.717	272.90216,200.93468,2449.829	304.9438,204.96451,2532.0312	312.6744,259.92245,2461.65	271.66675,249.00198,2424.83	249.59416,297.50296,2350.3948	233.62024,400.76764,2277.34	290.37695,298.61554,2449.2673	209.41382,488.75085,2340.534	311.39868,396.32477,2340.3108	249.59416,297.50296,2350.3948	327.16833,487.2956,2382.6326	328.16028,207.63785,2348.1748	266.82986,221.76424,2191.825	
273.4276,153.49467,2478.0613	272.30673,201.05666,2449.9548	238.22784,196.71364,2365.9783	214.55553,253.6381,2279.8618	272.30673,201.05666,2449.9548	304.12683,205.11182,2533.9314	312.36148,260.3677,2461.8384	271.2569,249.10432,2423.9946	249.48172,297.64957,2347.529	233.19708,400.86646,2279.187	290.0328,298.7126,2448.5398	208.56909,488.18036,2345.2473	311.17862,396.44098,2341.719	249.48172,297.64957,2347.529	326.4305,487.69458,2382.1125	327.63162,210.26666,2346.7148	266.64603,221.69406,2191.7688	
273.33133,152.53468,2478.5112	272.08527,200.01013,2452.4072	238.08542,195.66983,2367.93	213.75134,253.74635,2282.9055	272.08527,200.01013,2452.4072	303.82074,204.06137,2536.8845	312.31934,260.7119,2461.4114	271.0002,248.02403,2427.3677	249.25562,296.50668,2351.525	233.1776,399.59277,2281.6423	289.67468,297.54895,2453.1313	208.66377,486.11127,2352.362	310.7035,395.05267,2350.5317	249.25562,296.50668,2351.525	326.90256,485.99646,2389.5986	327.34836,211.84888,2344.7366	264.00684,222.21858,2183.2249	
273.4803,152.6737,2470.578	272.02924,200.67155,2449.7664	238.0561,196.47415,2364.6257	215.00983,254.55211,2284.9385	272.02924,200.67155,2449.7664	303.72028,204.587,2534.907	310.18765,261.36218,2460.2012	270.799,248.80513,2427.5251	248.96844,297.4065,2354.079	233.33537,400.6127,2279.0432	289.2657,298.23364,2456.4888	209.2735,487.17206,2350.7961	310.1842,395.6485,2354.5999	248.96844,297.4065,2354.079	327.046,487.41443,2384.664	325.9669,212.26886,2342.846	264.00674,221.82571,2183.4866	
273.2241,153.43181,2475.387	272.05493,201.1471,2451.3125	238.20892,196.94603,2365.3264	215.44473,255.43343,2289.974	272.05493,201.1471,2451.3125	303.60693,205.06342,2537.2986	310.39548,260.54495,2456.1174	271.00754,249.23215,2427.871	249.42819,297.84912,2352.715	234.061,401.18573,2277.2336	289.5876,298.6434,2456.1443	209.7102,488.16284,2346.3303	310.7486,396.0235,2348.5027	249.42819,297.84912,2352.715	328.16895,487.4496,2382.4622	325.9329,210.43149,2337.5105	262.47998,221.96011,2178.957	
273.42575,153.11035,2476.932	272.2699,201.03877,2452.5703	238.35379,196.77444,2367.4153	214.58424,254.78526,2285.5042	272.2699,201.03877,2452.5703	303.90988,205.01692,2537.7253	309.10663,260.11282,2457.061	271.21658,249.0748,2428.0938	249.56699,297.62097,2352.402	233.32239,400.75098,2280.088	289.85806,298.53775,2454.8323	209.37263,488.43015,2344.9023	310.53384,396.09598,2348.863	249.56699,297.62097,2352.402	328.32385,488.22906,2376.4307	325.51566,208.11388,2340.6653	262.7339,221.72568,2178.8025	
272.67462,152.93085,2478.587	272.00317,200.62413,2453.137	237.99176,196.71878,2368.5193	213.57114,254.29567,2289.751	272.00317,200.62413,2453.137	303.74646,204.26904,2537.7546	309.1619,258.8436,2457.0188	271.43738,248.6531,2428.9043	250.251,297.3844,2353.7778	233.79877,400.45428,2280.2026	290.61508,297.9048,2455.5654	209.9313,487.72644,2347.733	311.5143,395.36298,2349.4905	250.251,297.3844,2353.7778	328.53702,487.02744,2381.8718	325.81418,207.35002,2340.7559	261.81784,222.40042,2175.9438	
272.74783,152.88956,2471.5505	272.07324,201.02466,2450.7253	237.97635,197.4029,2366.384	213.54022,254.41592,2293.8628	272.07324,201.02466,2450.7253	303.90134,204.40546,2535.0667	309.78534,259.1307,2459.0068	271.51697,249.16765,2429.37	250.3407,298.06818,2357.2896	232.87738,400.83066,2284.2922	290.71063,298.2569,2458.7402	209.5481,488.31317,2350.3577	309.9887,395.94733,2352.1033	250.3407,298.06818,2357.2896	328.17346,487.21417,2385.0962	324.62445,207.83499,2350.3447	261.21338,222.47926,2174.4387	
272.97235,152.50963,2475.7593	272.11163,200.4306,2451.914	237.9455,196.61446,2368.4285	213.25739,253.98962,2292.941	272.11163,200.4306,2451.914	304.02774,203.99545,2535.3997	309.03915,260.80316,2459.5115	271.52844,248.49535,2428.338	250.23883,297.2639,2354.5505	232.45625,400.17572,2278.246	290.7822,297.73138,2454.973	209.37907,487.9541,2344.5254	310.16232,395.5476,2348.0576	250.23883,297.2639,2354.5505	328.3782,487.4234,2377.4773	324.39658,209.8557,2348.7063	261.08853,222.68466,2174.3516	
273.18088,152.28915,2477.387	271.88763,200.10808,2451.6768	237.64148,195.92204,2369.054	213.66747,254.14717,2293.4841	271.88763,200.10808,2451.6768	303.9008,204.02115,2534.2996	310.6632,260.9282,2460.7607	270.84146,248.1467,2427.0786	248.98918,296.68396,2352.7864	231.88115,399.7027,2278.701	289.71613,297.63443,2452.1746	207.75632,487.16675,2345.0012	309.4696,395.4794,2348.5466	248.98918,296.68396,2352.7864	326.74435,487.1645,2380.7927	323.84036,209.30177,2341.4597	260.96075,222.96416,2170.3115	
273.53516,152.50023,2478.1504	272.06107,200.13568,2451.8972	237.83868,195.70929,2369.3254	214.25159,253.8477,2293.7566	272.06107,200.13568,2451.8972	304.05356,204.27365,2534.469	310.66803,260.0324,2464.395	270.7882,248.1421,2426.251	248.69086,296.5411,2350.9443	233.10495,399.7894,2278.749	289.44244,297.7817,2450.2651	208.83768,487.04327,2346.143	310.13272,395.50098,2347.4148	248.69086,296.5411,2350.9443	327.25717,487.0885,2381.0562	323.4376,208.56505,2335.708	260.89035,223.02467,2170.1243	
273.87704,153.31818,2472.965	272.17694,201.11919,2448.265	237.68542,196.80423,2367.637	213.3182,252.96103,2291.8845	272.17694,201.11919,2448.265	304.4691,205.159,2528.8928	311.60422,259.23016,2466.1948	270.78537,249.22932,2423.4927	248.40738,297.72455,2350.2244	232.88315,400.95966,2281.1692	289.4921,298.91763,2447.2166	209.52469,488.68573,2346.411	310.32245,396.77222,2349.3035	248.40738,297.72455,2350.2244	328.1067,489.2117,2374.114	325.29626,210.58603,2335.6936	261.2161,223.53194,2167.2356	
274.3432,153.42026,2467.89	272.3722,201.24573,2446.235	237.86356,196.99289,2365.475	215.1121,254.52612,2290.9314	272.3722,201.24573,2446.235	304.6751,205.22675,2526.995	313.48984,259.23895,2474.5903	270.78058,249.44649,2423.8882	248.22934,297.98145,2352.9724	232.73901,401.0625,2285.303	289.25952,299.0848,2450.11	208.70685,488.58472,2349.5842	310.68365,396.67114,2354.2947	248.22934,297.98145,2352.9724	327.3336,488.508,2384.1033	326.62473,212.05208,2340.9756	262.6637,223.97572,2168.251	
275.08325,153.34377,2466.389	272.7087,200.9762,2444.6953	238.05643,196.56949,2365.2969	215.86224,254.55888,2289.9775	272.7087,200.9762,2444.6953	305.18094,205.10568,2524.0938	314.7799,258.89108,2479.2932	270.7665,249.20741,2422.8552	247.7612,297.62738,2353.261	233.10144,400.88568,2282.5166	288.9966,298.97787,2448.7693	207.51791,487.6283,2349.4001	310.92892,396.5064,2349.7688	247.7612,297.62738,2353.261	327.11655,488.56635,2379.9983	328.43536,213.63039,2340.9243	264.68066,225.95839,2171.0913	
276.2932,153.24608,2467.139	273.3917,200.7789,2444.0825	238.65463,195.81635,2366.2185	215.9848,254.07146,2289.5103	273.3917,200.7789,2444.0825	305.98376,205.43503,2521.9465	315.88907,259.0476,2484.157	270.70154,248.96193,2421.0767	246.8237,297.0034,2351.2349	232.36353,400.3263,2281.8354	288.28604,299.09464,2444.9067	207.71744,487.60034,2347.4507	310.29886,396.76605,2347.9768	246.8237,297.0034,2351.2349	326.73178,488.9747,2377.2856	329.5825,214.38217,2342.547	266.40817,228.50468,2172.6829	
276.93857,152.3414,2466.1167	273.7935,199.91959,2442.7207	239.1232,194.71228,2364.3428	217.17612,251.73126,2280.746	273.7935,199.91959,2442.7207	306.30804,204.8031,2521.0986	316.79333,260.96243,2488.5735	270.76437,248.1182,2420.2046	246.58322,296.0233,2350.553	232.79822,399.279,2285.6267	287.96014,298.3746,2444.824	208.8265,487.34174,2346.78	310.9852,395.75134,2349.6873	246.58322,296.0233,2350.553	326.75403,487.61383,2382.2312	330.15445,214.74588,2339.6333	270.25174,229.4144,2177.498	
277.66022,152.70853,2464.9878	274.01102,200.31912,2440.9048	239.38144,194.7367,2362.3975	217.73102,250.55905,2275.3767	274.01102,200.31912,2440.9048	306.48242,205.55365,2519.412	317.47223,261.94873,2487.292	270.54504,248.51057,2417.3848	245.9031,296.2274,2346.6482	232.5621,399.6382,2284.1902	287.30228,299.01562,2441.0813	208.7654,488.15817,2343.1162	310.90424,396.43756,2343.9822	245.9031,296.2274,2346.6482	326.12738,488.38782,2378.283	329.3528,214.44896,2342.4932	274.68558,231.61841,2187.1387	
277.69598,153.55762,2465.0195	274.21353,201.0393,2438.793	239.54768,195.34935,2360.538	219.8134,248.72351,2267.7136	274.21353,201.0393,2438.793	306.72388,206.37546,2517.0479	317.22928,262.34012,2485.1646	270.69678,249.24948,2414.0183	245.95258,296.9682,2342.1807	233.18742,400.3413,2287.8433	287.44424,299.89313,2436.3066	208.84581,489.92554,2337.7524	311.75327,397.3413,2344.0884	245.95258,296.9682,2342.1807	327.35233,489.03616,2379.7866	328.2643,214.04713,2338.9946	280.3348,233.72054,2193.9958	
278.25256,153.16667,2463.958	274.5334,200.73145,2437.3457	239.81201,194.81573,2359.8037	222.25832,248.95816,2260.8667	274.5334,200.73145,2437.3457	307.11362,206.28236,2514.8877	316.40936,264.08542,2479.5767	270.64624,248.94696,2412.7388	245.47665,296.51077,2341.4954	232.74191,399.72546,2291.7087	287.06915,299.73834,2434.7683	207.82944,488.51108,2344.8477	311.23407,397.2055,2349.4778	245.47665,296.51077,2341.4954	327.22067,488.9584,2382.5398	326.52448,214.88132,2330.8699	285.58826,236.86707,2203.7021	
280.362,153.87912,2464.9163	276.14496,201.315,2437.7712	241.74138,195.14633,2358.196	226.69269,248.43556,2257.9197	276.14496,201.315,2437.7712	308.3735,207.09369,2517.3464	314.7171,264.60214,2477.7788	271.95044,249.51114,2413.4526	246.65387,296.94183,2341.2693	234.31946,400.14844,2293.228	287.8616,300.36642,2436.9988	210.63968,489.71008,2343.1494	311.9882,397.72302,2355.9158	246.65387,296.94183,2341.2693	328.76468,489.98907,2381.4265	324.76248,215.4724,2329.66	292.03116,238.62267,2218.869	
281.91846,153.3388,2464.413	277.38486,200.82307,2438.4138	243.18835,194.3761,2357.7727	231.54564,248.06207,2251.9487	277.38486,200.82307,2438.4138	309.3919,206.85727,2519.055	315.24713,264.1352,2472.1604	272.7834,248.9822,2414.7979	247.19968,296.20398,2342.6826	233.80188,399.2677,2293.3394	288.15173,299.9061,2439.6812	209.46579,487.9064,2348.1658	311.5779,397.35974,2355.6494	247.19968,296.20398,2342.6826	327.75314,489.2732,2385.0688	323.10538,213.75574,2317.0564	298.42493,240.00047,2237.1606	
282.50052,153.05856,2464.1628	277.9017,200.64998,2437.9011	244.02458,194.19243,2354.6243	236.37376,247.63661,2244.4744	277.9017,200.64998,2437.9011	309.5408,206.68094,2521.178	316.8412,267.02762,2485.1228	273.4173,248.83197,2414.4211	248.15361,296.13547,2340.849	234.7085,399.20282,2293.2278	288.6868,299.71017,2441.0332	210.31775,488.3487,2344.794	311.9646,397.18472,2353.5852	248.15361,296.13547,2340.849	328.33102,489.19855,2382.6738	321.1035,218.8671,2314.3872	303.8631,241.61726,2256.385	
282.9545,152.73611,2463.5452	278.23712,200.13553,2436.4019	244.46313,193.4802,2352.375	239.77744,247.04057,2239.2373	278.23712,200.13553,2436.4019	309.75916,206.3471,2520.4287	315.50687,267.47406,2490.7573	273.65045,248.31349,2412.0232	248.32628,295.55145,2337.1128	233.69571,398.45508,2293.1455	288.75824,299.3194,2438.1763	209.40607,487.89746,2343.088	311.6327,397.04733,2346.5176	248.32628,295.55145,2337.1128	328.01868,488.888,2379.2568	321.17496,230.41779,2273.4277	307.44858,242.82637,2261.309	
283.46786,153.60611,2463.2253	279.17813,200.93436,2436.2014	245.68292,194.41866,2350.05	245.11871,246.7398,2237.618	279.17813,200.93436,2436.2014	310.38528,207.00494,2522.3528	314.89136,268.26587,2498.2446	274.79672,249.15497,2412.4324	249.87164,296.5539,2336.846	236.1261,399.51276,2294.7249	289.91583,300.04095,2440.4807	210.44508,487.29153,2352.1426	312.85446,397.65424,2352.6497	249.87164,296.5539,2336.846	328.42328,489.50092,2384.4192	321.47357,244.41437,2252.3254	312.57498,240.54588,2271.8015	
282.99133,154.0705,2465.0688	279.41193,201.21786,2435.7249	246.0987,194.87158,2347.9768	246.98709,246.34941,2231.8242	279.41193,201.21786,2435.7249	310.40836,207.1228,2523.473	313.94962,268.45636,2503.9578	275.5512,249.45676,2410.655	251.26726,297.07336,2332.8115	236.00116,399.8615,2293.7878	291.07092,300.2748,2438.359	209.3508,488.3045,2345.2595	313.342,398.17273,2350.1948	251.26726,297.07336,2332.8115	328.7766,490.07385,2382.4478	320.99576,257.70367,2242.3396	314.48987,240.03645,2272.343	
283.2008,154.6012,2472.4832	280.00238,201.19217,2439.3481	247.17612,194.54202,2348.968	249.32227,246.15907,2227.912	280.00238,201.19217,2439.3481	310.48306,207.36714,2529.7283	313.26898,268.60342,2513.974	276.27066,249.28728,2411.3506	252.35968,296.74954,2328.9868	235.63254,399.27118,2294.0579	291.6467,300.1965,2437.7192	208.909,488.03387,2343.3987	312.79584,398.3731,2350.7852	252.35968,296.74954,2328.9868	328.04446,490.00128,2385.2463	320.45563,270.10297,2246.8928	316.79373,240.70206,2277.445	
285.28897,152.90799,2469.1987	281.15607,200.10043,2438.9465	248.35558,193.28531,2348.7493	250.76114,246.18423,2226.452	281.15607,200.10043,2438.9465	311.617,206.42944,2529.1438	316.11023,268.53638,2515.2021	277.09235,248.19437,2411.8865	252.86719,295.51352,2330.5874	235.42752,397.43375,2302.7266	292.11307,299.1629,2439.0654	208.2725,486.68347,2345.7554	312.71463,397.34204,2354.5996	252.86719,295.51352,2330.5874	328.18454,488.57385,2390.845	320.80304,254.6975,2251.3604	318.21118,240.19366,2277.8076	
285.66754,152.95578,2466.0576	281.78046,200.3348,2438.3318	249.27997,193.70963,2345.9524	251.81732,245.94058,2224.2183	281.78046,200.3348,2438.3318	311.90817,206.47627,2530.7112	317.46973,268.58755,2520.9766	277.81253,248.50357,2413.3315	253.91179,295.99207,2332.7673	236.68115,398.1122,2300.421	292.70874,299.29272,2443.8953	209.62158,486.80872,2347.9827	312.7835,397.4411,2354.7898	253.91179,295.99207,2332.7673	328.07214,488.31525,2393.9841	317.50793,246.28374,2275.7522	319.62943,241.79703,2278.9358	
285.4241,153.34784,2465.9883	281.3316,200.5026,2435.4724	248.54256,193.54282,2345.113	252.92467,246.46011,2225.1206	281.3316,200.5026,2435.4724	311.77463,206.9644,2525.8318	317.93503,269.936,2529.3826	277.08698,248.6479,2408.1128	252.66434,295.95544,2326.4058	234.04816,398.21008,2292.7935	291.92892,299.7574,2435.1006	206.92577,486.7574,2343.1938	311.5602,398.4359,2342.168	252.66434,295.95544,2326.4058	326.93817,490.086,2378.9753	312.4089,244.47723,2292.7449	321.00046,243.69843,2279.7837	
285.98175,153.17892,2465.4495	281.47623,200.41283,2434.1497	248.6977,193.05124,2344.102	254.17519,246.45744,2227.0688	281.47623,200.41283,2434.1497	311.91608,207.24919,2524.1973	318.4001,270.7688,2545.0977	276.71173,248.5207,2406.0708	251.72556,295.56754,2323.8384	234.48354,397.8319,2296.0703	291.04846,299.86398,2432.1455	207.02689,486.32092,2345.3784	311.58234,398.32703,2349.0684	251.72556,295.56754,2323.8384	326.6539,490.56927,2379.3389	308.51013,245.98659,2310.2979	322.18518,243.53473,2282.7378	
286.11697,153.92667,2465.16	281.72375,200.99016,2432.7654	249.16217,193.37027,2341.482	254.9852,246.5936,2225.527	281.72375,200.99016,2432.7654	311.93015,208.05887,2524.0488	318.77957,271.42816,2573.6533	276.71246,249.09235,2403.982	251.57758,296.0396,2320.2983	235.50223,398.52063,2294.919	290.67807,300.57626,2430.0986	207.81638,486.4978,2347.331	312.09854,398.9272,2349.3425	251.57758,296.0396,2320.2983	327.25885,490.82385,2382.145	307.5976,252.56221,2337.9753	322.77014,244.51207,2289.1611	
286.4423,153.4313,2464.0403	281.62372,200.56473,2431.5059	248.99467,192.75429,2340.7585	255.36224,246.79245,2223.7827	281.62372,200.56473,2431.5059	311.90488,207.81316,2522.2532	316.96002,267.99057,2559.988	276.3753,248.65436,2402.3198	250.93681,295.47644,2318.5588	234.72797,397.75397,2297.5476	290.15686,300.2671,2427.7087	208.06508,486.2002,2348.362	312.0957,398.5561,2349.3123	250.93681,295.47644,2318.5588	326.95898,490.32837,2383.552	305.7681,260.09702,2298.2085	322.95367,246.37036,2292.8674	
