286.78003,133.13849,2543.503	274.44257,186.08476,2602.6404	241.96608,184.4584,2595.784	224.11256,233.80956,2600.9238	274.44257,186.08476,2602.6404	306.74838,187.70258,2609.4968	320.5504,237.45035,2664.1892	272.57336,228.10225,2609.844	252.0611,269.0817,2613.0845	239.97699,362.28708,2531.5288	289.3114,270.69272,2621.0107	228.35901,438.56946,2643.53	302.4865,359.45636,2526.0327	252.0611,269.0817,2613.0845	308.12878,438.15918,2580.28	312.72256,253.82803,2398.7778	260.09036,242.20244,2372.7285	
286.54025,133.02333,2543.5347	274.6621,186.26627,2602.41	242.23901,184.53044,2595.5696	225.7692,234.06,2588.4348	274.6621,186.26627,2602.41	306.9152,187.99301,2609.2502	320.55917,237.88333,2665.5813	272.64752,228.27882,2609.7397	252.20319,269.19464,2613.1538	239.96664,362.5491,2531.184	289.03018,270.91486,2620.9854	228.54227,438.63257,2643.0625	302.4534,359.27213,2525.299	252.20319,269.19464,2613.1538	308.14526,438.0844,2579.4495	313.25693,254.00328,2394.3418	264.1093,244.5529,2367.846	
286.54645,132.92853,2544.783	274.78073,186.37796,2602.3862	242.36496,184.57144,2595.6006	225.75763,234.46606,2592.9868	274.78073,186.37796,2602.3862	307.0279,188.17508,2609.1719	320.50827,238.42705,2667.2622	272.66995,228.37897,2609.3223	252.2696,269.26135,2612.4038	239.8761,362.6327,2531.2688	288.81735,271.05057,2620.1128	228.685,438.7901,2642.8796	302.45908,359.18152,2524.5566	252.2696,269.26135,2612.4038	308.06726,438.17026,2578.529	310.98395,252.59845,2390.3445	262.61514,244.6169,2363.2432	
286.54382,132.84267,2545.6858	274.6,186.30853,2603.8923	242.12173,184.70874,2596.8164	225.84325,235.41542,2594.7444	274.6,186.30853,2603.8923	306.9022,187.89964,2610.9683	320.29526,238.91864,2683.233	272.74768,228.45615,2609.287	252.69327,269.66162,2610.6946	239.92783,362.81775,2532.5386	289.05728,271.1957,2618.6692	228.68848,439.0197,2642.8684	302.49023,359.38116,2523.3066	252.69327,269.66162,2610.6946	308.18246,438.72577,2578.966	309.40466,250.76076,2381.1892	261.05634,243.93896,2370.6936	
285.9126,131.80145,2555.338	273.5075,185.69469,2609.4243	241.8086,184.51279,2599.3123	225.19531,236.57152,2607.786	273.5075,185.69469,2609.4243	304.96173,186.86746,2619.5364	316.68515,236.29695,2670.6409	272.21246,227.97415,2611.9465	252.70337,269.68182,2608.6387	239.81844,363.0243,2530.5818	289.05536,270.66003,2620.2988	228.70776,439.42096,2640.1987	302.5118,359.21634,2523.7273	252.70337,269.68182,2608.6387	308.4676,438.6294,2580.383	313.33273,249.28151,2388.3118	258.64294,240.45659,2373.1226	
283.2794,129.69772,2569.195	273.7494,185.82593,2608.2886	241.70569,184.62827,2599.8923	223.54726,235.16005,2614.1338	273.7494,185.82593,2608.2886	305.58743,187.0159,2616.6848	317.62207,236.6417,2671.362	272.41895,227.82347,2611.2322	253.0342,269.20435,2609.4282	239.56328,362.43002,2529.8064	289.08337,270.2466,2618.9233	228.66046,439.2928,2639.7222	302.4371,359.17477,2522.3445	253.0342,269.20435,2609.4282	308.64124,438.91064,2579.0188	311.0465,244.4196,2394.7751	256.12854,237.6549,2378.3926	
281.8805,128.51266,2579.737	273.56882,185.6355,2608.8425	241.68446,184.39397,2601.8496	222.39575,233.73917,2618.9888	273.56882,185.6355,2608.8425	305.28268,186.87039,2615.8354	315.875,234.25208,2666.126	272.1499,227.42516,2611.744	252.92819,268.55417,2610.7275	239.55109,362.18008,2527.6323	288.48688,269.68826,2618.563	228.42422,439.58224,2637.7668	299.85968,354.3789,2527.7974	252.92819,268.55417,2610.7275	308.4441,438.83725,2577.7778	309.93762,241.88109,2389.2092	254.75311,234.35173,2378.7886	
279.7812,127.35297,2584.908	272.37674,184.43112,2614.218	240.81151,183.05692,2604.8335	219.38245,227.20137,2604.7935	272.37674,184.43112,2614.218	303.71613,185.7955,2623.6025	314.61212,233.10492,2666.665	270.86847,224.26984,2610.086	252.92212,263.66934,2601.077	239.65163,360.39438,2526.6099	285.7273,264.79834,2610.8308	228.31409,439.97086,2640.596	299.35217,353.12903,2522.7732	252.92212,263.66934,2601.077	308.30774,437.90692,2575.4158	307.38718,240.16298,2395.1135	258.82126,232.64601,2366.0193	
275.47556,125.0907,2617.5623	270.01517,182.69467,2616.3245	239.74548,182.05739,2606.5042	217.90591,224.83463,2596.0933	270.01517,182.69467,2616.3245	300.0585,183.32721,2626.1448	314.25073,232.33995,2665.0637	269.43622,222.52357,2610.3962	251.69453,262.34305,2598.918	239.58002,359.38678,2526.0125	285.9417,262.7237,2610.018	228.0299,440.94464,2640.8376	300.26083,353.2166,2522.1326	251.69453,262.34305,2598.918	308.16934,436.20886,2576.4946	310.21335,233.13765,2401.3513	254.1633,228.79536,2366.0361	
272.10208,124.55925,2628.3958	268.45236,181.37871,2617.973	239.77496,181.08047,2607.2542	216.89322,222.84576,2595.822	268.45236,181.37871,2617.973	296.8959,181.67451,2628.6917	311.6342,227.15634,2684.1196	268.362,221.40855,2611.148	251.11784,261.66718,2597.9346	239.72592,358.0098,2523.0388	285.34048,261.6293,2610.7114	227.07684,439.4499,2636.5295	299.04544,351.11334,2530.2197	251.11784,261.66718,2597.9346	307.94513,435.4666,2578.6772	306.51407,231.88954,2411.4246	245.60529,226.73824,2377.3975	
268.16226,124.52977,2637.5913	267.0154,180.2492,2618.1377	238.82787,180.27628,2609.866	215.64555,222.72083,2593.4424	267.0154,180.2492,2618.1377	295.0254,180.2223,2626.4094	310.87448,224.70526,2693.1245	267.2978,220.63425,2612.9895	249.92548,261.35638,2602.674	239.39067,357.5774,2521.2642	285.16724,261.0018,2613.0085	224.94614,437.037,2623.3665	298.35406,349.46344,2537.8132	249.92548,261.35638,2602.674	307.8848,434.2328,2580.6833	304.2279,228.08768,2411.036	249.27919,219.9073,2377.1228	
263.85696,125.463356,2651.7212	262.90942,179.1672,2637.5745	232.3677,179.71085,2637.4617	210.89418,224.53459,2597.182	262.90942,179.1672,2637.5745	293.44855,178.62361,2637.6873	306.28897,225.78671,2700.8613	263.2904,219.9435,2621.1326	243.60435,261.59415,2604.6174	239.14627,356.6176,2528.2358	283.7469,260.875,2604.764	225.00652,437.3111,2631.5505	297.89694,349.81647,2539.2576	243.60435,261.59415,2604.6174	307.6468,434.30566,2573.8127	301.0823,221.6626,2423.6936	242.64883,221.74925,2370.0886	
259.23468,125.89783,2667.1946	259.1359,178.20828,2645.2961	228.68924,180.16344,2644.1707	205.82361,227.6309,2612.967	259.1359,178.20828,2645.2961	289.55667,176.25479,2646.4216	306.649,222.39035,2706.4758	261.4123,219.38498,2624.8972	244.7182,262.4493,2603.8064	238.68192,357.72586,2527.167	282.7204,259.96472,2605.1902	222.30066,437.0243,2632.5344	297.5841,348.6931,2541.7615	244.7182,262.4493,2603.8064	307.4914,432.9986,2575.1782	301.14407,215.19116,2424.7808	237.65741,221.71083,2377.9539	
255.45786,125.47613,2680.0906	257.26447,177.70468,2630.231	225.83698,180.02657,2641.922	204.72868,227.89676,2606.158	257.26447,177.70468,2630.231	288.97256,175.36206,2618.5398	306.53354,219.30115,2692.693	259.0224,219.14737,2607.4646	243.2272,262.41165,2591.1106	238.27652,357.4403,2531.714	278.4829,260.22314,2578.286	222.60657,436.90363,2638.226	296.53955,348.98764,2543.1575	243.2272,262.41165,2591.1106	307.36926,433.02234,2571.1108	299.94077,215.79279,2436.7007	233.52989,219.21255,2361.4785	
250.01447,127.85228,2703.495	253.08176,177.38007,2628.7258	223.9262,180.2968,2636.6553	204.05006,229.34364,2610.3518	253.08176,177.38007,2628.7258	282.41376,174.4457,2620.7964	303.00677,217.63664,2661.7769	256.1234,219.00278,2606.0615	241.43845,262.97946,2588.1409	237.66959,357.25256,2528.8103	277.06387,259.72614,2578.6536	221.1661,437.35162,2636.9937	295.062,349.03503,2549.9792	241.43845,262.97946,2588.1409	306.40894,431.7207,2575.6995	296.74988,210.63118,2431.7021	229.65308,216.71033,2359.7817	
243.39447,130.75818,2714.227	252.27255,175.43506,2619.1292	223.07838,176.96167,2622.8823	199.27982,223.79028,2600.384	252.27255,175.43506,2619.1292	281.5505,173.90407,2615.376	298.08954,218.16525,2680.6047	253.78488,218.20303,2600.3972	234.55316,262.58966,2584.2952	235.47977,355.55576,2529.095	276.1275,260.59155,2579.0354	220.3805,436.6125,2637.5295	293.9524,350.5238,2551.0798	234.55316,262.58966,2584.2952	306.01254,432.8308,2578.1208	295.89444,212.48929,2427.9148	226.59401,211.73549,2369.4705	
240.50204,132.02571,2726.4758	246.39075,176.02414,2606.4207	221.82156,178.7334,2616.5095	196.28221,226.64862,2567.6123	246.39075,176.02414,2606.4207	271.15088,173.29384,2596.3318	297.1856,216.01958,2691.0742	250.08932,218.65608,2594.9307	233.89424,263.59448,2591.5356	232.74496,355.4642,2536.8665	273.87265,259.7279,2575.3457	219.8316,436.20578,2647.9724	292.8555,350.97067,2545.4636	233.89424,263.59448,2591.5356	305.99738,433.95587,2570.3418	291.554,206.43806,2420.0715	221.54758,210.23705,2361.8281	
237.62885,134.00421,2739.02	247.52509,176.96762,2612.4102	220.88548,178.5693,2615.8699	194.84082,225.99165,2564.791	247.52509,176.96762,2612.4102	274.23532,175.3617,2608.9504	294.92804,216.50182,2693.9436	249.49283,219.49828,2598.7727	232.30746,263.54886,2587.5981	228.46414,356.50635,2548.5938	270.69174,261.40442,2582.6724	219.0683,435.76132,2651.7483	292.7662,351.94598,2542.9666	232.30746,263.54886,2587.5981	306.2358,434.3902,2567.3198	291.06976,206.54738,2443.7969	219.52686,208.47964,2354.617	
233.50586,135.92145,2750.146	247.51169,177.43646,2616.1445	220.22916,178.43987,2616.5002	191.1868,226.1252,2564.3342	247.51169,177.43646,2616.1445	274.80164,176.43279,2615.7888	293.7066,216.62079,2695.3652	248.6801,219.88158,2602.4238	230.83438,263.4683,2588.9485	224.21512,357.64636,2557.3071	268.891,262.08484,2588.4578	218.54056,437.62842,2650.059	291.1186,351.83957,2542.4277	230.83438,263.4683,2588.9485	306.5901,434.04883,2565.4292	289.2659,206.30376,2450.4773	217.52466,205.97488,2362.3435	
229.48064,137.11034,2763.6213	244.92978,177.6335,2617.1655	217.50821,178.60603,2616.6348	188.01073,221.06833,2627.3745	244.92978,177.6335,2617.1655	272.34024,176.66135,2617.6963	287.45734,215.15479,2703.8782	246.13509,219.77405,2605.7036	229.42107,262.9341,2593.8977	223.77391,352.6873,2564.7375	265.27625,261.64,2594.5857	218.86691,436.91193,2650.1157	288.5968,351.23782,2527.554	229.42107,262.9341,2593.8977	306.56055,434.27655,2561.5803	289.36453,203.71176,2458.8982	213.55112,202.64137,2351.5544	
226.71185,137.61966,2769.1406	240.53381,176.62526,2612.0298	215.1193,178.14346,2613.9128	185.55827,219.01503,2635.7964	240.53381,176.62526,2612.0298	265.985,175.10484,2610.1467	284.5572,214.9162,2706.3396	242.84383,219.46233,2606.9348	226.3905,263.5428,2603.225	222.74838,354.44977,2565.387	263.95526,261.3904,2600.4546	218.503,437.68372,2653.7588	287.79025,349.9723,2529.739	226.3905,263.5428,2603.225	307.1252,433.7471,2546.3438	287.47333,201.28702,2471.2393	212.07404,199.4568,2359.9119	
223.87671,137.82288,2775.4966	231.12183,184.65614,2624.3943	211.82544,187.19652,2614.2844	186.23521,227.69202,2644.1401	231.12183,184.65614,2624.3943	250.27013,182.13527,2634.5042	280.17474,204.74835,2716.6194	236.73276,223.57248,2615.5017	223.27943,265.57455,2596.646	220.71365,355.39737,2562.6997	261.33905,259.95563,2616.5723	218.75302,439.24756,2642.9053	286.54782,347.2774,2534.243	223.27943,265.57455,2596.646	308.54892,433.1377,2534.3743	283.9622,189.32895,2469.8997	209.29779,207.92757,2363.4377	
220.37692,136.5668,2788.371	228.29057,185.04984,2633.8213	206.71725,188.60965,2630.5208	185.69678,227.05098,2634.1313	228.29057,185.04984,2633.8213	249.8099,181.49895,2637.1218	278.06024,205.40047,2742.1975	234.4972,223.52954,2621.3196	221.9878,265.56293,2605.9702	220.44562,356.11133,2573.862	259.49786,259.2001,2611.6655	218.78665,439.38342,2654.2957	285.51666,345.2305,2519.288	221.9878,265.56293,2605.9702	309.88974,432.83163,2504.4329	283.28363,189.55789,2481.4207	208.36206,206.85898,2359.5137	
218.84901,136.17822,2795.7544	227.68892,185.65718,2640.2805	204.71916,189.37805,2639.7324	182.26477,224.12096,2635.218	227.68892,185.65718,2640.2805	250.64912,181.93784,2640.8286	274.5262,205.83455,2768.0183	233.46451,223.98651,2625.3567	221.83713,265.59637,2610.0208	219.93216,356.41333,2577.818	256.76962,259.9127,2610.845	218.35867,438.89886,2662.4626	284.75186,343.9264,2513.2642	221.83713,265.59637,2610.0208	310.22855,431.6558,2479.9846	282.26956,193.72533,2495.2102	202.05392,205.18973,2373.133	
217.87415,136.46552,2799.708	227.57135,186.99158,2648.9207	203.81064,190.84459,2652.1077	177.30249,225.02121,2602.46	227.57135,186.99158,2648.9207	251.38928,183.12929,2645.7336	271.89737,211.20914,2775.0286	232.84924,224.5986,2630.8499	221.26967,265.40497,2615.017	219.78064,356.9197,2589.41	255.15967,260.04208,2610.541	218.15247,437.32407,2676.208	282.51096,341.3418,2508.3137	221.26967,265.40497,2615.017	309.501,427.8194,2443.4426	279.9351,195.21513,2493.3777	202.89185,201.50104,2354.3386	
215.39699,138.21161,2800.8577	226.96986,192.93474,2650.8152	202.95767,197.12898,2655.2021	172.3717,231.2541,2565.847	226.96986,192.93474,2650.8152	251.06166,188.72658,2646.4282	270.7424,205.79097,2779.4883	232.12912,227.7663,2631.8955	220.16425,266.0213,2616.0696	219.24762,357.14865,2595.6423	254.60269,260.1763,2609.882	218.46176,438.0079,2674.0854	281.24713,339.2713,2506.2444	220.16425,266.0213,2616.0696	309.60712,425.87067,2425.5618	279.70392,190.48058,2513.173	203.85995,205.83833,2366.0261	
215.30945,138.13116,2804.1294	224.49127,191.60542,2660.9985	198.90768,196.30127,2657.6934	172.90976,232.70407,2547.4192	224.49127,191.60542,2660.9985	250.01138,186.92122,2664.3037	268.2756,203.51788,2781.5044	230.46722,227.06319,2636.7427	218.67293,266.52563,2610.2166	219.24799,357.21613,2591.0027	254.40428,259.83893,2614.757	218.06216,437.2147,2676.3213	280.59885,337.6181,2511.3066	218.67293,266.52563,2610.2166	310.79776,423.6281,2414.2927	275.54294,188.32101,2525.4485	203.25192,204.99869,2356.0068	
215.36945,138.36987,2806.5732	222.70563,191.44664,2659.6755	196.89372,196.44858,2653.7705	173.03798,234.19318,2554.5278	222.70563,191.44664,2659.6755	248.40317,186.46687,2665.5806	265.58157,196.87094,2795.486	229.29901,227.05717,2636.5264	217.80801,266.9426,2609.2783	218.53717,357.58502,2592.9336	254.1534,259.666,2617.476	217.86263,437.23788,2678.809	280.01584,336.40836,2515.1885	217.80801,266.9426,2609.2783	311.9392,421.383,2399.5789	275.68015,188.42575,2527.2444	202.0556,205.7263,2371.8225	
214.36124,139.44672,2808.3174	220.65788,193.4191,2658.1802	195.69138,197.90852,2646.1663	176.18468,233.58755,2550.58	220.65788,193.4191,2658.1802	245.39972,188.97006,2670.194	265.79282,198.7618,2801.7737	227.1235,228.1748,2640.0757	216.67651,266.69193,2613.8706	217.74463,357.33524,2599.886	250.57562,260.1493,2630.0718	216.76526,436.2771,2693.1877	279.45535,335.2931,2508.5657	216.67651,266.69193,2613.8706	314.34082,420.42963,2377.169	273.55804,190.89432,2541.9814	199.34845,206.19197,2372.2673	
211.42563,140.58461,2815.536	220.7349,195.0202,2659.845	194.89609,198.87411,2647.8762	174.59381,234.39404,2543.9163	220.7349,195.0202,2659.845	246.3422,191.20082,2671.8137	265.23868,199.63411,2810.037	226.21729,230.71857,2642.0935	215.06784,269.60687,2616.68	218.40326,359.1986,2616.46	248.38263,264.2086,2632.0042	216.58057,433.3252,2693.4995	278.9369,338.177,2502.4343	215.06784,269.60687,2616.68	315.13492,424.16025,2368.9426	273.76648,190.37515,2549.1064	200.7867,207.3432,2374.8083	
209.42679,141.24518,2820.164	220.33813,195.37212,2661.8567	194.62965,199.16728,2648.5986	173.37584,234.85315,2539.3303	220.33813,195.37212,2661.8567	245.79181,191.61456,2675.1147	265.02304,200.73517,2816.432	225.75647,230.56883,2642.8352	214.61263,268.9679,2615.3218	217.36526,358.50415,2619.012	247.78674,263.60123,2632.3057	215.97409,433.87415,2701.967	278.78128,336.5256,2498.1965	214.61263,268.9679,2615.3218	316.21393,422.42728,2359.835	272.17212,186.5805,2548.1213	202.00095,203.34967,2365.086	
208.047,141.56822,2820.6562	220.58206,194.81673,2668.0178	194.9409,198.2516,2651.8982	172.49965,233.79977,2534.5198	220.58206,194.81673,2668.0178	245.91522,191.4231,2684.1375	262.9155,201.22313,2813.675	225.7315,230.24515,2646.4275	213.55507,268.89008,2614.0215	216.84615,358.30115,2619.2603	248.23343,263.64435,2635.6528	213.60136,440.0844,2697.2144	278.805,335.8329,2494.4644	213.55507,268.89008,2614.0215	316.93765,421.28735,2353.972	271.81058,190.88533,2564.8936	201.12512,201.87447,2364.3726	
207.05219,141.78702,2825.231	221.5476,192.42125,2681.977	195.85762,194.92847,2657.8342	171.34277,229.63512,2538.8	221.5476,192.42125,2681.977	246.77919,189.95877,2706.1199	261.1293,204.30849,2808.0566	226.16048,228.92494,2655.515	212.93185,268.38873,2612.4316	216.5347,357.17194,2612.4329	248.57521,263.96616,2645.6738	214.19809,438.9541,2691.063	278.25745,335.04395,2492.976	212.93185,268.38873,2612.4316	317.5183,420.7445,2355.6597	270.3297,189.62816,2554.0908	203.63895,199.01572,2388.2605	
207.4032,142.03305,2827.5266	222.19986,192.74536,2698.673	196.11633,193.3918,2659.2493	172.56859,228.44662,2536.8955	222.19986,192.74536,2698.673	247.53227,192.11755,2738.097	259.99066,206.36388,2811.0308	225.13882,228.7076,2673.749	212.0937,266.40952,2624.8152	211.86429,355.90607,2585.8042	243.88434,264.30273,2672.8347	213.78416,435.60577,2692.888	279.49878,335.65668,2488.5728	212.0937,266.40952,2624.8152	319.15115,422.0655,2350.8528	269.4314,191.82541,2583.274	203.25992,196.86383,2383.2788	
207.67299,142.36682,2829.9358	220.00847,193.89996,2696.6865	195.58133,195.24243,2657.5593	170.73512,229.46967,2532.437	220.00847,193.89996,2696.6865	243.73691,192.59587,2735.8137	259.59882,206.38597,2807.0984	224.29422,230.07372,2671.4978	211.82939,268.61087,2619.5933	212.89972,359.0148,2594.535	245.15724,265.2948,2673.025	214.28394,435.9711,2693.4421	279.85852,332.49088,2488.0989	211.82939,268.61087,2619.5933	318.7704,417.82626,2345.3003	270.06912,188.7073,2589.0234	203.34836,202.58511,2382.1687	
207.21268,144.79767,2842.5945	218.96762,195.11206,2701.3635	196.28735,195.21959,2631.175	170.38945,228.4104,2492.0215	218.96762,195.11206,2701.3635	240.49918,195.00998,2771.552	258.42627,204.80685,2850.1182	221.64536,235.46114,2701.026	201.74199,278.08524,2630.3828	202.8855,367.87738,2608.262	245.75958,273.67032,2770.9937	202.69855,443.3706,2718.0264	290.8939,323.43887,2478.7732	201.74199,278.08524,2630.3828	330.19067,408.22687,2333.8223	264.1694,188.06268,2632.1638	204.4474,198.96988,2348.4795	
205.90808,147.91919,2856.4736	220.04565,196.20728,2710.0876	195.81674,196.79938,2637.7148	169.53319,230.53679,2495.3936	220.04565,196.20728,2710.0876	243.01419,195.64598,2782.4604	256.13043,202.03748,2854.0574	223.1984,234.65874,2710.5615	204.7433,275.52344,2645.831	202.52908,371.41327,2605.888	246.94177,270.78406,2776.2397	200.8025,447.17853,2717.6963	291.4499,317.73828,2482.4275	204.7433,275.52344,2645.831	330.63086,403.10474,2341.0457	265.32733,186.03403,2628.2449	206.00827,200.01266,2353.6987	
205.84882,151.0466,2870.494	219.381,195.91762,2713.853	194.68518,197.05888,2651.0425	167.8955,231.16418,2503.6982	219.381,195.91762,2713.853	242.95953,194.82799,2776.6636	255.76868,201.13846,2854.8364	223.64499,233.65404,2707.8477	208.43819,273.89236,2651.8477	205.48401,371.0548,2605.1838	246.70953,269.30887,2751.837	204.10806,450.99615,2698.637	288.37933,317.80316,2485.943	208.43819,273.89236,2651.8477	326.74722,400.31802,2348.1475	267.98456,184.70218,2643.4248	207.2408,199.51743,2361.2449	
205.61667,151.36957,2875.7722	219.11856,193.18118,2740.2908	195.86517,192.89116,2676.6445	169.72467,225.88423,2517.266	219.11856,193.18118,2740.2908	241.3163,193.45805,2803.937	254.5234,206.2289,2840.3467	223.39684,231.73483,2713.4849	211.14513,272.18365,2641.4004	210.49324,367.56885,2608.2637	243.82507,269.96924,2731.9575	209.1375,449.12762,2717.4387	283.7495,323.76303,2492.4026	211.14513,272.18365,2641.4004	322.22745,406.12964,2351.9766	264.63507,189.94258,2618.9553	210.43039,193.89131,2373.471	
205.17024,150.98776,2876.8801	219.63135,190.7571,2736.2222	194.35529,191.72305,2695.5146	167.55595,221.2448,2552.6492	219.63135,190.7571,2736.2222	244.16635,189.81946,2776.9297	255.88321,208.08354,2827.2505	223.43402,231.0578,2714.7043	212.26816,273.3124,2669.1084	214.21631,364.07196,2611.0608	242.06042,270.71576,2717.2646	212.83977,443.70447,2712.3835	279.8272,327.57138,2487.7444	212.26816,273.3124,2669.1084	317.92215,410.73566,2348.3657	266.8399,189.91388,2612.0283	208.96828,193.00859,2390.5344	
204.9718,150.6128,2878.9968	219.50333,187.75432,2736.0696	193.83018,188.04726,2694.3691	166.75285,221.91554,2534.1143	219.50333,187.75432,2736.0696	244.40565,187.47017,2777.77	255.4824,208.58994,2841.29	222.19409,227.52682,2715.367	205.74524,269.05994,2663.762	213.11165,361.169,2625.7188	243.67221,266.78705,2725.5667	211.29347,440.19028,2726.159	280.2955,331.02936,2480.0774	205.74524,269.05994,2663.762	314.0395,415.3708,2361.0942	271.12488,188.5829,2659.4585	209.23793,192.22035,2394.6047	
204.96356,150.73163,2880.3403	216.67786,187.38501,2739.8105	191.91351,188.26805,2698.2224	166.07066,223.75935,2527.8303	216.67786,187.38501,2739.8105	240.70163,186.52838,2781.3987	256.5837,205.01022,2859.622	220.4104,226.60222,2720.3628	203.69073,268.1318,2666.7202	212.63513,362.22113,2630.5413	244.18996,264.68024,2735.1099	210.73506,440.90356,2741.377	279.93182,331.26672,2492.0752	203.69073,268.1318,2666.7202	309.5368,418.2061,2375.3352	266.2727,185.04254,2634.4817	210.4369,195.41345,2400.9033	
205.71721,150.739,2884.9146	214.93738,189.74254,2746.297	189.50856,191.42862,2705.898	166.52873,224.3882,2525.3645	214.93738,189.74254,2746.297	239.6289,188.10535,2786.6963	256.9634,204.63556,2865.6921	219.60669,228.71414,2728.794	205.56403,270.30994,2681.571	212.32426,362.524,2628.6099	242.70142,266.1139,2741.0105	214.6503,438.03503,2775.3518	276.89572,332.60907,2522.4092	205.56403,270.30994,2681.571	306.26108,421.91058,2402.2249	264.87,182.68562,2645.9253	209.60359,194.47192,2414.3262	
205.56027,150.35437,2890.1543	213.85788,189.88405,2769.0984	190.8491,192.21004,2734.5337	167.44162,223.67378,2543.7659	213.85788,189.88405,2769.0984	236.29932,187.6154,2803.663	256.79984,206.22427,2857.8323	220.2205,230.20435,2744.1624	212.00037,273.42252,2697.29	213.672,361.68036,2616.9863	241.16402,269.1403,2741.1626	214.93362,438.66663,2749.8894	272.29318,337.73932,2545.0833	212.00037,273.42252,2697.29	296.1974,429.17413,2446.9392	264.09897,185.56729,2627.9868	209.38275,192.3177,2427.338	
204.6092,150.08759,2908.3538	213.99464,190.27423,2780.9954	192.15463,191.59969,2742.2856	167.55115,220.38358,2556.0044	213.99464,190.27423,2780.9954	235.23499,188.98517,2819.705	256.45013,209.39693,2861.3665	219.68271,229.96765,2744.1477	209.03372,272.61414,2678.5347	213.65477,361.36395,2611.4805	241.67072,268.90842,2736.0654	214.3241,440.73938,2740.6694	269.94806,341.53305,2556.8662	209.03372,272.61414,2678.5347	285.20923,433.46228,2548.196	262.02402,184.07263,2631.4053	211.46184,190.40836,2452.195	
204.33499,149.9462,2918.464	216.064,192.89157,2791.7039	191.7175,194.07704,2751.9727	167.31743,221.40862,2568.722	216.064,192.89157,2791.7039	239.7272,191.73938,2831.435	256.43396,208.99579,2857.4097	221.23077,231.7745,2741.8079	210.10947,273.68524,2665.698	214.94998,363.70963,2600.2844	242.75092,270.5431,2718.1257	215.59418,443.37903,2706.1482	265.97485,345.1194,2605.2812	210.10947,273.68524,2665.698	275.88516,431.88348,2592.8997	264.11462,186.1346,2646.8696	208.79164,191.82422,2466.691	
204.89423,149.82324,2929.6204	216.87904,194.33185,2796.2349	191.7536,194.54083,2751.5596	168.58163,222.28813,2592.8882	216.87904,194.33185,2796.2349	241.21426,194.12943,2840.9102	255.34064,210.96794,2860.284	220.73036,233.2603,2747.542	207.44504,274.62726,2668.9026	212.58612,367.49094,2601.5955	241.6171,272.58237,2728.7957	216.92935,447.70883,2681.322	260.83997,347.4341,2621.0205	207.44504,274.62726,2668.9026	255.9136,426.933,2688.1958	262.4167,182.26497,2636.5242	207.4189,190.30278,2463.555	
205.24728,149.46188,2931.8823	216.23734,195.51799,2800.388	190.36986,196.04669,2763.4607	168.7365,222.91899,2599.3594	216.23734,195.51799,2800.388	241.43149,195.00305,2837.3152	241.39706,236.56714,2833.3635	219.52042,233.64932,2747.226	209.39072,274.10925,2675.2837	212.82092,365.08215,2605.6184	236.28793,272.47327,2712.8447	220.12936,444.7666,2678.208	256.7391,351.54608,2638.2131	209.39072,274.10925,2675.2837	247.99673,428.12692,2705.618	262.94525,182.50508,2636.1843	209.0333,189.49553,2463.0864	
205.69586,149.59651,2937.8052	216.16792,196.70483,2806.2498	190.29953,197.65894,2776.6152	169.02997,224.75394,2606.957	216.16792,196.70483,2806.2498	241.49567,195.77068,2835.8843	246.9476,234.16898,2863.7456	219.14877,235.06364,2754.111	207.6447,275.91492,2685.7537	212.62605,365.09515,2621.9766	236.67041,273.90283,2718.1912	219.57611,444.96494,2678.2725	252.25653,352.12488,2672.5505	207.6447,275.91492,2685.7537	241.70667,424.23004,2740.6707	263.12186,181.91676,2640.7173	208.03543,191.66685,2479.9348	
205.94675,150.10413,2941.378	217.73015,196.9674,2802.385	191.51596,198.22275,2789.3306	168.33388,225.72725,2609.743	217.73015,196.9674,2802.385	243.70123,195.7237,2815.4395	249.36221,232.44305,2885.9153	219.28052,236.00241,2756.428	205.0344,277.3453,2702.8186	212.06583,364.13464,2634.589	236.64331,275.38248,2718.1233	219.94586,443.38074,2683.356	244.53592,357.69635,2691.9893	205.0344,277.3453,2702.8186	230.06119,420.16974,2844.8633	263.958,180.73117,2656.3743	199.73325,194.87706,2502.0142	
206.26839,150.53986,2946.1726	217.84473,196.97015,2812.7686	191.90889,197.64032,2796.5278	163.8922,223.81143,2616.0476	217.84473,196.97015,2812.7686	243.48276,196.30768,2829.0093	250.72447,228.30986,2884.8916	218.87552,235.78134,2770.1965	203.26036,276.52972,2717.4714	210.68353,365.54688,2633.0342	236.49295,275.0837,2737.7776	218.28453,442.67426,2662.0793	243.53748,351.12885,2745.6301	203.26036,276.52972,2717.4714	228.2276,414.86514,2858.9436	263.6861,183.01753,2661.3044	202.94891,194.98785,2513.8716	
206.55069,151.90797,2957.0176	217.86426,197.67285,2828.7595	191.97505,197.3063,2804.7646	165.66144,224.50562,2619.1453	217.86426,197.67285,2828.7595	243.31796,198.03323,2852.7544	257.6009,203.55869,2857.7852	218.0336,236.29076,2785.1365	201.54283,276.33383,2726.4966	209.46027,365.78067,2632.8267	234.6922,275.9436,2756.5303	217.65054,444.67355,2662.128	242.37311,348.92102,2768.5486	201.54283,276.33383,2726.4966	228.52739,413.91357,2891.6528	257.6291,181.69783,2668.6553	201.68027,195.72519,2530.0146	
206.73264,151.57208,2959.9329	215.50098,200.43842,2845.8506	189.77194,200.07014,2815.9668	167.26714,227.8832,2645.7012	215.50098,200.43842,2845.8506	240.69528,200.79904,2875.7344	257.77057,200.73521,2865.6296	216.10619,237.68605,2807.4097	200.68365,276.23822,2750.7556	208.61221,365.19156,2640.177	232.56305,275.7011,2787.182	217.07584,445.46027,2667.563	240.44485,349.33728,2775.527	200.68365,276.23822,2750.7556	229.0004,414.7383,2894.5193	257.44937,184.51218,2695.1255	200.04951,200.01425,2523.937	
207.27617,151.41006,2975.766	213.87079,200.15065,2863.2761	189.28166,199.88525,2830.6584	165.13309,229.74507,2679.6633	213.87079,200.15065,2863.2761	237.90598,200.41008,2895.8938	257.96573,200.13689,2869.1094	214.91473,237.39442,2827.2642	200.06488,275.99066,2770.561	208.06506,364.23584,2640.768	231.67209,275.2135,2811.9434	216.6943,445.53214,2659.0286	239.4075,349.1986,2795.5842	200.06488,275.99066,2770.561	228.11969,416.5404,2921.6252	255.8773,186.04845,2692.514	197.5834,202.88614,2540.894	
207.76042,149.57184,2994.2385	212.74646,199.48697,2876.7869	188.30745,199.7956,2843.0396	165.40097,230.6203,2696.1116	212.74646,199.48697,2876.7869	236.61874,199.18553,2910.5342	256.40308,201.65701,2888.7373	214.73743,235.66046,2843.118	200.93079,273.466,2787.9504	209.0286,359.3676,2662.4885	232.38074,271.94754,2830.9475	215.3472,439.90146,2679.8416	236.74344,350.2284,2821.7488	200.93079,273.466,2787.9504	226.3224,409.9442,2959.6404	256.8155,186.79156,2684.9402	195.95114,207.01395,2539.6887	
207.3995,148.32236,3002.352	212.00659,199.0726,2885.7688	187.69167,199.83308,2856.8538	166.33623,231.25061,2720.7844	212.00659,199.0726,2885.7688	235.83907,198.32722,2914.6838	255.08527,203.26288,2894.491	214.2915,236.22093,2855.7437	202.87692,275.02005,2809.609	208.8354,356.6433,2677.2468	230.2172,273.30713,2841.8281	214.06258,434.46292,2683.093	234.983,352.8033,2834.6887	202.87692,275.02005,2809.609	226.08615,414.84537,2960.913	254.66171,194.24707,2699.015	193.8996,209.13727,2575.1624	
207.17863,146.51152,3008.3223	210.96768,195.19144,2900.2908	187.65552,195.39145,2868.3176	166.66386,228.98964,2728.0286	210.96768,195.19144,2900.2908	233.77145,194.99579,2932.264	252.11984,205.26752,2903.512	212.92322,233.14606,2864.0837	201.43536,272.68555,2809.7139	207.44806,357.76733,2687.9292	228.25006,271.46744,2846.0396	212.97766,434.0488,2686.1584	234.38007,352.17853,2840.5203	201.43536,272.68555,2809.7139	225.55577,416.09247,2966.4824	255.30695,194.8902,2719.152	192.25232,206.79468,2603.3303	
206.3165,145.68085,3009.8484	211.00052,192.58417,2914.6091	184.5025,192.60992,2886.8318	164.1988,227.61568,2732.3079	211.00052,192.58417,2914.6091	236.99823,192.5589,2942.3865	250.66669,208.16,2911.7495	211.98094,231.3257,2873.5386	197.78159,271.63992,2816.9004	205.20343,360.91144,2698.661	228.03174,270.74643,2848.0356	209.14874,436.48895,2712.5676	228.52328,353.30487,2840.973	197.78159,271.63992,2816.9004	224.24025,415.72794,2964.2556	256.0685,200.76158,2734.4292	190.6785,207.92712,2598.3142	
206.04034,145.3286,3012.2913	210.32932,193.48395,2915.4587	184.6701,193.09497,2885.8594	161.18414,229.30362,2755.9053	210.32932,193.48395,2915.4587	235.47278,193.8651,2945.058	0.0,0.0,0.0	210.87488,231.71173,2875.1353	195.73859,271.27576,2817.1274	203.58675,361.56985,2705.5098	226.93869,270.78143,2852.496	199.19604,434.19226,2769.9	226.13518,352.83276,2840.823	195.73859,271.27576,2817.1274	221.0281,416.5108,2954.1365	0.0,0.0,0.0	187.33607,207.8351,2609.0088	
205.26984,145.37813,3015.7942	208.12418,194.60046,2925.1882	183.59093,193.52448,2888.9297	155.31099,227.45345,2843.668	208.12418,194.60046,2925.1882	232.05667,195.65012,2961.4468	0.0,0.0,0.0	208.33316,232.04796,2880.9946	193.22578,270.5864,2814.7317	193.49503,360.54086,2724.1533	223.63492,270.73688,2858.8704	192.10065,432.08716,2802.9712	224.97537,351.5109,2848.9263	193.22578,270.5864,2814.7317	221.51553,415.74106,2962.7058	0.0,0.0,0.0	182.48517,213.75795,2633.6533	
203.4061,145.61113,3020.3628	208.1257,192.63423,2932.0752	184.21996,190.97443,2897.6711	157.84799,227.96355,2868.6895	208.1257,192.63423,2932.0752	231.47693,194.25555,2966.4792	0.0,0.0,0.0	207.2089,230.5303,2887.6826	190.37608,269.11447,2821.0508	188.58615,358.45782,2733.4778	221.9042,270.09726,2865.5293	184.97575,427.52252,2832.224	223.51277,351.05292,2855.6536	190.37608,269.11447,2821.0508	220.0455,416.57166,2960.1985	0.0,0.0,0.0	179.1633,211.48824,2648.0183	
198.92705,146.40135,3024.0151	205.7659,193.03995,2925.1333	182.43718,192.08333,2898.883	154.6458,229.86798,2846.5242	205.7659,193.03995,2925.1333	228.67963,193.97954,2951.3835	243.17162,211.31909,2974.3	205.13971,230.37646,2885.7375	189.1226,268.56796,2829.4653	184.54462,354.40152,2760.1987	219.68857,268.92294,2863.2183	170.57632,422.0008,2857.9683	222.76299,350.74182,2857.6692	189.1226,268.56796,2829.4653	219.63736,417.00253,2954.4734	240.3119,202.38583,2775.9043	174.95122,212.775,2666.753	
195.06152,146.89577,3025.107	202.23967,193.34402,2928.7715	176.0356,192.97061,2908.8245	155.73874,230.0009,2859.682	202.23967,193.34402,2928.7715	228.08923,193.71239,2948.7185	234.3274,218.66188,3061.3496	201.8182,229.76395,2893.558	184.78696,267.16495,2845.9846	181.19472,353.26755,2769.1711	217.84283,266.99817,2870.7048	171.36412,423.4437,2858.913	221.80005,349.53387,2863.969	184.78696,267.16495,2845.9846	219.32898,416.87988,2956.0605	244.51382,204.49092,2792.3481	173.80078,214.73555,2656.3596	
193.38531,146.4512,3029.2844	196.90356,189.31232,2922.0051	172.14618,190.0661,2908.5564	152.98209,230.07655,2871.9924	196.90356,189.31232,2922.0051	221.43407,188.56541,2935.4539	236.3606,221.91624,3048.133	197.9195,226.63358,2896.4404	182.99033,265.33035,2862.3386	177.98006,351.75717,2785.5886	214.82204,263.91293,2879.4128	171.43167,423.48322,2867.07	219.56812,346.90308,2854.5103	182.99033,265.33035,2862.3386	219.17331,416.4411,2950.9824	240.59503,210.6697,2816.426	174.21764,211.18488,2668.2505	
191.79109,145.45483,3034.3613	193.69705,190.53845,2923.6008	170.42496,191.79868,2910.6824	152.37766,234.20085,2884.087	193.69705,190.53845,2923.6008	216.7644,189.2893,2936.5193	236.3591,217.73431,3049.1116	195.60463,226.44957,2902.081	181.35004,263.99823,2871.6877	175.53137,350.64178,2794.5872	213.63193,261.803,2889.4348	170.8998,424.84366,2867.0056	219.27438,345.55286,2858.9927	181.35004,263.99823,2871.6877	219.33319,415.05057,2952.953	237.06989,205.46439,2814.2864	167.8262,217.67892,2669.664	
190.25394,145.04347,3035.66	191.88585,189.64575,2926.0994	170.03004,190.83565,2912.7212	151.36063,232.52713,2884.812	191.88585,189.64575,2926.0994	213.54271,188.4667,2939.4775	231.5603,219.9489,3034.266	193.96138,225.99342,2906.7712	180.53625,263.91287,2878.0427	174.57663,350.19034,2800.0781	211.49237,261.74957,2896.8435	170.45218,424.5039,2876.2576	218.61423,344.86218,2848.7065	180.53625,263.91287,2878.0427	218.9674,415.4123,2945.4973	234.40814,210.38268,2815.9736	166.68526,215.66083,2666.7527	
189.13411,144.9508,3034.8186	191.35475,188.63742,2939.0095	169.20247,188.75417,2918.7654	146.0348,231.76102,2869.496	191.35475,188.63742,2939.0095	213.20395,188.52228,2959.2537	229.54045,222.03883,3055.4482	192.0416,226.41096,2915.8557	177.5249,265.23233,2878.9814	172.69356,349.40872,2805.612	207.81033,264.35025,2906.4224	170.27542,423.53674,2880.3599	218.11568,345.7445,2843.126	177.5249,265.23233,2878.9814	217.02615,415.9704,2928.6106	230.8405,213.70477,2792.1746	165.38039,214.23062,2669.145	
187.10587,144.63107,3033.1328	190.37416,188.13397,2945.7927	168.42514,187.91426,2926.1155	142.99867,226.82883,2882.5417	190.37416,188.13397,2945.7927	212.03189,188.35075,2965.47	228.42583,223.27861,3060.6924	190.38184,226.53429,2917.576	175.0782,265.89517,2875.868	171.93593,349.47263,2803.6929	205.5588,265.47604,2902.8503	170.10384,424.51105,2876.7634	218.10121,346.43173,2846.908	175.0782,265.89517,2875.868	217.50769,416.3295,2936.0522	228.62744,217.5929,2802.3594	161.72078,213.53046,2669.8047	
184.96855,144.75719,3028.385	188.16779,188.19653,2961.4321	166.64806,188.64526,2948.37	142.11708,223.42276,2909.25	188.16779,188.19653,2961.4321	209.4985,187.75174,2974.4941	225.96518,221.8755,3089.1748	188.64839,226.47466,2924.412	174.00449,266.2917,2878.4207	170.9165,350.1602,2806.4111	204.18445,265.18042,2896.3635	170.10541,425.15372,2878.4443	217.2728,345.9307,2843.085	174.00449,266.2917,2878.4207	217.35487,416.82626,2932.1187	224.28094,220.56717,2831.1814	158.55147,214.73962,2671.3154	
183.55692,144.97733,3025.0662	185.22871,189.1349,2952.2607	164.71599,189.95155,2943.2139	144.87328,226.91472,2941.824	185.22871,189.1349,2952.2607	205.61612,188.32326,2961.3076	225.26459,220.88945,3089.2842	186.14401,226.39523,2920.4602	172.32831,265.22995,2882.2869	170.33136,349.92853,2810.3235	201.76562,263.72525,2895.0325	167.23032,424.92752,2903.327	216.14336,345.7237,2839.7358	172.32831,265.22995,2882.2869	216.12994,418.2746,2918.831	221.77412,217.6197,2807.7297	158.90993,216.3434,2666.5762	
182.7817,145.02563,3025.1003	184.1294,188.39897,2955.727	163.64027,189.25185,2948.2603	142.77632,229.23999,2934.6768	184.1294,188.39897,2955.727	204.51526,187.5504,2963.1938	223.74112,222.7008,3063.3323	184.9132,225.7637,2922.5537	171.08157,264.7324,2884.1624	168.76721,350.02383,2823.176	200.29562,263.2431,2894.5984	165.88477,425.59943,2911.481	215.48428,345.42163,2839.4011	171.08157,264.7324,2884.1624	216.51425,417.92938,2920.924	219.61128,219.08667,2779.6316	155.85472,216.43672,2670.2021	
181.34302,144.60977,3023.45	182.84052,187.9215,2953.0227	161.79456,188.75171,2946.268	142.23184,227.71228,2940.5273	182.84052,187.9215,2953.0227	203.79044,187.09506,2959.7773	224.02893,222.31561,3067.3987	183.47226,225.29594,2920.862	169.9147,264.17993,2884.2383	167.96075,349.56958,2821.6868	198.27756,262.82736,2893.1646	167.6909,425.44965,2894.71	214.9768,345.2777,2841.826	169.9147,264.17993,2884.2383	216.0018,418.7827,2915.3682	219.21603,220.34082,2797.6167	154.32753,215.87755,2689.5022	
