319.04086,133.34637,2532.593	319.0811,181.64838,2561.8513	285.32318,181.58272,2567.7324	259.83545,222.18097,2481.7522	319.0811,181.64838,2561.8513	352.99432,181.71434,2555.9702	369.75427,230.76491,2474.476	319.14145,228.97775,2599.0244	297.76498,274.79492,2640.0369	276.45642,366.21088,2548.957	340.69775,275.15027,2632.3582	256.66028,436.67725,2555.136	359.81937,367.88766,2514.6228	297.76498,274.79492,2640.0369	380.00516,456.1034,2539.0962	349.22064,188.52039,2283.487	284.3808,179.29524,2240.1829	
317.05908,131.90384,2531.7297	317.68732,180.19093,2562.628	283.98834,180.48898,2570.563	258.87756,219.19661,2474.3594	317.68732,180.19093,2562.628	351.5956,179.89102,2554.6929	365.94196,229.68031,2474.226	318.3158,227.51004,2600.2002	297.53467,273.48755,2642.951	275.8905,365.49542,2551.977	340.40228,273.47473,2632.594	255.98495,438.2657,2554.7393	358.4537,366.87363,2523.2766	297.53467,273.48755,2642.951	379.96387,456.06247,2536.7869	346.70392,186.70634,2279.6895	282.60107,175.5952,2235.14	
315.52356,132.09818,2531.7979	316.52734,180.14801,2562.6516	282.96194,180.55075,2574.779	257.2436,216.77007,2471.1638	316.52734,180.14801,2562.6516	350.41193,179.74144,2550.5242	364.52768,229.24792,2472.5994	317.4182,227.46356,2600.3096	296.95593,273.40494,2645.8843	274.59262,365.51147,2560.491	339.73978,273.4516,2630.0508	255.50148,439.3556,2554.858	356.8454,367.38745,2525.3042	296.95593,273.40494,2645.8843	379.37167,457.29895,2530.6472	344.2933,185.80887,2280.624	279.32233,173.26627,2230.8186	
313.84735,132.38739,2523.3425	314.93192,180.64278,2559.1873	281.42233,181.01242,2574.0916	256.12317,217.24753,2475.5803	314.93192,180.64278,2559.1873	348.8341,180.2688,2544.283	362.80222,228.98932,2463.7913	315.96777,227.85207,2600.9329	295.74103,273.4632,2652.405	273.33362,365.5382,2566.3264	338.35767,273.6773,2632.952	254.77518,439.7874,2556.4993	355.6579,367.6097,2531.2444	295.74103,273.4632,2652.405	377.637,457.15155,2541.0579	340.29028,185.43706,2277.1191	275.53857,173.38083,2228.5845	
312.66086,132.0546,2526.614	313.76016,180.36073,2559.6519	280.4574,180.7474,2579.0935	254.32271,219.26968,2484.2817	313.76016,180.36073,2559.6519	347.57266,179.96812,2540.2102	361.389,228.97464,2455.8945	314.88745,227.67418,2598.5361	294.8128,273.39166,2650.1123	272.7851,365.76288,2561.5713	337.3549,273.7953,2624.7285	254.78217,440.30212,2547.702	355.9524,367.78345,2514.4536	294.8128,273.39166,2650.1123	377.6903,457.18884,2533.1147	336.59015,187.14442,2274.46	272.574,176.09143,2234.744	
311.12726,133.01614,2520.7566	312.16864,181.32141,2557.9346	278.99692,181.52582,2580.4153	253.02898,219.76938,2481.6516	312.16864,181.32141,2557.9346	345.92862,181.1134,2535.4539	361.1274,228.57907,2447.4387	313.3088,228.48706,2600.9458	293.38867,273.73557,2658.6277	271.43304,365.87787,2570.076	335.66965,274.50504,2629.2864	254.41913,440.68744,2560.5186	354.51715,368.36377,2524.8525	293.38867,273.73557,2658.6277	377.59262,457.3471,2540.886	334.12897,188.65733,2272.8096	270.01562,177.39693,2227.777	
310.11487,134.05914,2526.3247	311.45398,182.33586,2559.3533	278.31012,182.76776,2582.109	252.568,221.42778,2483.3286	311.45398,182.33586,2559.3533	345.19254,181.89621,2536.5977	358.3224,231.1148,2447.7134	312.86755,229.53989,2600.3057	293.198,275.03452,2656.106	271.5241,367.35193,2552.447	335.51443,275.5285,2626.4102	255.54019,441.781,2546.982	355.78958,369.1744,2512.9653	293.198,275.03452,2656.106	379.46933,458.33493,2530.3066	331.15448,190.13016,2269.1921	268.58444,180.97632,2225.57	
309.27856,135.72168,2528.6238	310.33823,183.99908,2559.2708	277.47574,184.22948,2586.7737	252.40732,222.82144,2482.6711	310.33823,183.99908,2559.2708	343.91467,183.7637,2531.7678	356.0767,233.917,2448.8743	311.6019,231.23904,2598.886	291.91696,276.57785,2656.4585	270.42432,368.92773,2541.2134	334.02493,277.54968,2620.544	254.35985,441.82825,2549.1055	355.28116,371.24786,2501.8152	291.91696,276.57785,2656.4585	377.6347,459.8519,2531.1272	328.37048,193.61412,2271.6335	267.69574,183.70306,2216.8042	
308.4871,138.39606,2521.2627	309.60007,186.56592,2555.4688	276.74625,186.53091,2583.9182	250.93575,225.65875,2490.3489	309.60007,186.56592,2555.4688	343.19363,186.60173,2527.0193	356.80676,234.84618,2451.9285	310.77335,233.65125,2599.3848	291.08313,278.50406,2661.863	270.65762,370.8941,2538.4282	333.02667,279.84943,2624.7385	254.95532,441.21716,2553.7742	356.78287,372.83545,2503.6167	291.08313,278.50406,2661.863	378.66138,460.62408,2540.6143	326.23764,198.84985,2273.0994	266.0681,187.86868,2224.6306	
307.7077,141.9784,2509.5806	308.93756,190.31776,2551.1975	276.1697,189.98059,2581.7283	250.10583,229.74869,2498.693	308.93756,190.31776,2551.1975	342.4992,190.66312,2520.6667	356.98526,238.35963,2458.4473	310.13736,237.12279,2600.895	290.60043,281.27457,2670.5178	270.37744,373.18396,2531.3372	332.2974,283.08435,2630.6672	255.29376,442.4643,2556.8354	357.74448,375.09158,2491.0596	290.60043,281.27457,2670.5178	378.54932,461.82098,2542.4453	324.98605,205.50735,2272.4521	266.7314,191.91232,2236.2732	
307.20038,146.64995,2495.2478	308.4673,195.15152,2545.7173	275.85922,194.25381,2579.2493	248.3542,233.02255,2491.897	308.4673,195.15152,2545.7173	341.94586,196.07318,2512.1853	355.36478,243.49887,2459.1924	309.53906,241.53757,2602.5305	290.07153,284.63675,2681.233	269.209,375.37103,2518.9194	331.39868,287.26825,2637.4546	255.11646,443.2178,2559.3179	357.83936,378.23346,2477.126	290.07153,284.63675,2681.233	378.71503,462.95752,2546.9087	324.3785,212.61833,2268.0288	265.1674,196.7391,2232.284	
306.99908,152.35957,2487.571	308.19653,200.59766,2541.82	275.63864,199.48688,2576.7249	247.22668,238.0193,2496.4536	308.19653,200.59766,2541.82	341.66104,201.73938,2506.9153	354.1057,250.65344,2457.0913	309.3585,246.74147,2601.7808	290.05673,289.34525,2684.518	269.16177,378.05865,2486.2148	331.23178,292.29266,2638.9648	255.55203,445.65753,2551.1082	359.8738,381.8313,2457.721	290.05673,289.34525,2684.518	379.21832,464.6658,2547.251	323.9756,220.37157,2267.4773	262.66586,202.64163,2229.142	
306.84888,159.04282,2484.265	307.611,207.0437,2540.034	275.2414,205.14665,2577.0356	246.14638,244.42902,2496.7666	307.611,207.0437,2540.034	340.93762,208.99686,2503.0322	353.08347,258.0804,2459.0674	308.1029,252.9433,2601.9836	288.30582,294.7152,2688.0876	268.01196,377.6636,2442.0305	329.20898,298.7375,2639.779	253.67346,446.63464,2547.9773	359.98724,386.90567,2440.912	288.30582,294.7152,2688.0876	376.63562,467.61197,2550.4875	323.7898,228.41403,2263.5713	262.55505,209.47484,2237.7932	
306.28906,166.89597,2483.0916	306.88342,214.84096,2539.6755	274.9006,212.4214,2580.9688	245.50854,252.11043,2501.3972	306.88342,214.84096,2539.6755	339.92346,217.34048,2498.3823	352.29962,264.8028,2463.0413	307.24448,260.48828,2602.7212	287.56775,301.57004,2692.7253	269.62314,380.35382,2415.3499	328.01825,306.43213,2638.8083	255.10135,447.82825,2544.8232	363.14752,384.18686,2401.035	287.56775,301.57004,2692.7253	374.83624,461.29364,2544.0068	323.68054,236.22044,2265.2224	261.74652,217.0729,2244.6191	
306.46756,174.375,2482.0002	306.69702,222.04245,2538.2708	274.84595,219.24748,2581.156	246.20316,260.46005,2499.2031	306.69702,222.04245,2538.2708	339.64288,224.9335,2495.3855	351.41824,272.22693,2466.5283	306.8412,267.5391,2601.3882	287.05298,308.2088,2692.487	270.23615,382.17657,2392.115	327.32703,313.60846,2636.5242	255.2382,448.5912,2538.3518	366.64728,382.15515,2376.2004	287.05298,308.2088,2692.487	376.53815,457.1172,2507.1865	323.5597,244.30006,2264.1611	262.04468,224.67172,2246.781	
306.58295,181.07932,2473.998	307.50827,228.66583,2533.0872	275.17227,226.47565,2571.463	247.54187,267.45947,2492.6416	307.50827,228.66583,2533.0872	340.83914,230.9234,2494.7114	351.77798,280.37744,2460.3242	308.27612,274.03992,2596.7988	288.7752,315.04495,2685.5696	273.47202,384.8844,2366.2395	329.62393,319.47852,2635.4514	257.17505,449.54547,2530.358	371.88525,379.7662,2361.6765	288.7752,315.04495,2685.5696	377.18042,454.57416,2515.3833	325.20193,253.2624,2262.8052	264.4049,230.44519,2241.5762	
307.02393,187.81384,2476.9578	308.1695,235.33765,2531.5603	275.577,233.49994,2567.3962	249.06837,273.44504,2478.3455	308.1695,235.33765,2531.5603	341.69797,237.22813,2495.7244	352.63687,287.05634,2468.6553	309.10806,280.8352,2592.0845	289.5839,322.3291,2675.992	273.0451,387.9729,2349.4607	330.7869,326.2183,2629.2253	256.52173,451.1537,2526.5198	372.71872,381.6989,2347.5881	289.5839,322.3291,2675.992	375.31628,456.04956,2514.7717	328.1972,261.3847,2258.1782	266.81506,236.70377,2233.0288	
308.0109,193.49512,2478.422	308.9177,241.19632,2530.6042	276.08813,239.45718,2563.596	250.68579,279.6056,2464.1726	308.9177,241.19632,2530.6042	342.61456,242.9814,2497.6125	353.1889,292.91263,2463.3174	309.7159,286.73633,2589.2178	289.8918,328.45193,2669.3604	272.98267,388.58182,2340.8772	331.40332,332.09808,2626.3022	255.7908,450.50903,2529.9067	373.08246,381.5934,2343.477	289.8918,328.45193,2669.3604	374.62906,455.29822,2519.307	329.89633,266.20306,2248.9434	266.91995,242.47891,2222.885	
308.64807,196.96284,2479.161	309.5895,244.705,2530.6348	276.6397,243.07668,2562.1707	251.4863,283.7385,2465.0889	309.5895,244.705,2530.6348	343.37085,246.37442,2499.0989	354.6556,296.55038,2450.6584	310.42365,290.21497,2588.6797	290.5557,332.02136,2667.3025	274.22653,386.96545,2337.2046	332.21057,335.463,2626.1467	256.8348,447.602,2532.2195	374.6999,379.46082,2340.047	290.5557,332.02136,2667.3025	374.38138,452.7259,2521.9553	332.7148,268.65167,2241.0068	271.298,245.83147,2234.9043	
309.12158,198.72421,2479.528	310.07117,246.49078,2531.5571	277.0874,244.92802,2562.6245	251.91864,285.5491,2454.045	310.07117,246.49078,2531.5571	343.87454,248.09238,2500.4897	356.2633,298.57336,2441.3281	310.93036,292.00882,2588.837	291.05334,333.8989,2666.3901	274.59537,385.93823,2328.7153	332.77106,337.2391,2625.8433	256.75598,446.20377,2536.723	375.30374,377.62177,2335.7983	291.05334,333.8989,2666.3901	373.95786,450.61578,2521.6733	336.097,268.07037,2233.6528	274.06204,245.82457,2232.7778	
309.50864,198.09763,2488.2095	310.67212,245.91827,2535.8662	277.7953,244.57202,2568.0037	252.41086,284.90262,2450.0254	310.67212,245.91827,2535.8662	344.39297,247.29909,2503.7288	359.85214,296.02222,2432.6548	311.72745,291.61832,2589.9746	292.04803,333.89676,2665.0571	275.65698,383.82556,2328.4802	333.76205,337.024,2623.109	257.1748,443.77264,2532.484	376.1276,374.59338,2332.317	292.04803,333.89676,2665.0571	374.46008,448.0468,2518.1743	338.48804,263.6136,2231.9016	273.99228,244.04906,2231.4197	
310.43677,195.85759,2484.5334	311.39728,243.83641,2536.0054	278.30292,242.36987,2564.5427	253.11813,281.8324,2443.4963	311.39728,243.83641,2536.0054	345.24493,245.33632,2507.468	360.96652,292.04828,2426.805	312.03973,289.41003,2592.3057	291.87314,331.50253,2667.2358	274.75507,380.66046,2334.093	333.731,334.61166,2629.976	256.39832,440.8479,2538.5947	374.46274,371.74118,2346.891	291.87314,331.50253,2667.2358	376.48984,445.17743,2501.3198	342.91428,254.71185,2230.7195	275.1588,237.76688,2228.6558	
310.69684,192.456,2483.213	311.48837,240.00716,2537.0364	278.46472,238.46367,2566.5437	252.82803,278.0213,2442.25	311.48837,240.00716,2537.0364	345.28928,241.58696,2507.529	362.30682,286.07578,2420.4001	312.1274,285.51828,2594.9775	292.0313,327.43243,2672.174	275.26617,377.1679,2345.922	333.74857,330.67392,2633.6633	257.0885,438.1889,2542.173	374.69583,367.92148,2349.7122	292.0313,327.43243,2672.174	375.06464,442.63977,2513.9026	345.40747,245.71588,2232.662	275.8051,230.37563,2234.8823	
310.8386,188.14612,2482.5637	311.24353,235.64706,2538.7551	278.4012,233.77109,2570.3948	252.38196,271.66687,2439.1418	311.24353,235.64706,2538.7551	344.9148,237.57039,2507.1155	365.3088,279.80988,2420.2	311.66772,281.03848,2599.0464	291.50638,322.5136,2679.9893	274.83502,373.96954,2360.8032	332.96094,326.2589,2638.686	256.6895,436.28073,2545.9287	374.9239,366.43024,2353.5393	291.50638,322.5136,2679.9893	372.7102,440.9346,2526.709	347.915,235.19247,2242.1096	276.24762,222.48526,2230.736	
310.81412,182.94809,2481.2263	311.12375,230.10155,2538.8398	278.16736,228.28345,2568.6624	251.0955,266.30484,2442.0693	311.12375,230.10155,2538.8398	344.8636,231.96288,2509.0173	366.9887,272.4466,2416.5986	311.50415,275.43253,2601.4697	291.27396,316.8543,2683.5625	275.23795,371.29944,2366.5674	332.7624,320.4361,2644.6367	256.65012,435.00458,2543.63	374.92548,363.43857,2366.192	291.27396,316.8543,2683.5625	375.97964,438.13412,2505.7769	349.40234,225.73932,2242.9617	275.6503,216.53484,2236.6975	
311.03445,177.91376,2481.066	311.43817,225.05829,2539.2283	278.4106,223.4461,2568.04	251.03928,261.59128,2447.5347	311.43817,225.05829,2539.2283	345.22385,226.70747,2510.4165	369.39258,266.37585,2414.3054	312.00577,270.37366,2603.4758	291.93445,311.88153,2686.5266	276.81992,369.47858,2378.9604	333.4502,315.15417,2648.9202	257.95505,435.02933,2545.9917	373.87653,360.2782,2383.4072	291.93445,311.88153,2686.5266	378.17868,438.31354,2493.6997	352.426,215.61981,2254.034	275.18332,210.50185,2244.88	
311.95502,172.74806,2481.4824	312.35068,220.25215,2539.7363	279.41324,218.53882,2569.948	251.42485,254.48854,2439.769	312.35068,220.25215,2539.7363	346.08118,222.00673,2509.5247	369.8002,260.19928,2417.1536	312.83444,265.63336,2604.5674	292.7435,307.09222,2689.1165	277.47308,368.26154,2383.0823	334.15176,310.55383,2649.6804	258.3547,434.34958,2545.098	373.69275,358.32672,2392.8218	292.7435,307.09222,2689.1165	379.2508,439.2906,2483.9678	354.05798,206.85956,2266.7095	276.4939,203.1117,2239.0261	
312.45502,169.52641,2482.1917	312.98456,217.06212,2540.5222	280.0419,215.36406,2570.6213	251.67981,247.49826,2433.8848	312.98456,217.06212,2540.5222	346.71716,218.80089,2510.423	369.9925,256.16147,2419.0767	313.47406,262.4138,2606.5513	293.40427,303.82092,2692.2239	277.49527,367.35364,2396.3528	334.77863,307.25336,2652.9368	258.3506,435.4018,2546.3606	372.04663,357.295,2410.7847	293.40427,303.82092,2692.2239	379.57568,440.65607,2485.3577	355.48996,200.99924,2275.1282	278.95355,195.55617,2237.6704	
312.88126,166.36737,2481.5435	313.4702,213.78575,2540.5647	280.4979,212.1275,2570.2825	251.14447,243.2832,2428.4407	313.4702,213.78575,2540.5647	347.22302,215.48326,2510.847	370.3055,252.5934,2421.0378	313.9634,259.14774,2607.5012	293.8926,300.56958,2693.833	277.78546,364.81244,2410.2312	335.27127,303.93292,2655.0425	258.0614,435.50232,2543.235	371.94162,356.95337,2414.3708	293.8926,300.56958,2693.833	379.8736,441.66846,2485.1572	356.6187,195.39006,2281.9119	280.8529,190.95526,2234.8115	
313.30768,164.84335,2481.2197	313.8982,212.17416,2540.3572	280.9552,210.5111,2570.6584	251.72166,240.69426,2426.2197	313.8982,212.17416,2540.3572	347.63657,213.8774,2510.056	370.6233,251.05785,2420.0168	314.45477,257.49377,2608.3735	294.4753,298.8271,2696.1663	278.0958,365.5517,2416.1448	335.79608,302.2178,2656.6135	257.72382,437.13354,2545.1467	370.888,357.71545,2423.7048	294.4753,298.8271,2696.1663	377.2824,442.4685,2511.4153	357.4342,192.60172,2288.549	281.72733,188.42989,2229.148	
313.89005,164.48016,2482.0808	313.9073,211.5654,2541.4463	281.16757,209.36353,2573.9883	251.89337,239.87057,2425.132	313.9073,211.5654,2541.4463	347.4963,213.82439,2508.9043	371.22684,251.94652,2421.0308	313.94424,256.84174,2609.9492	293.60043,297.73724,2699.6968	276.55963,366.43,2418.9377	334.68405,301.90002,2657.2075	255.96002,437.60706,2546.4387	369.765,360.86508,2421.1616	293.60043,297.73724,2699.6968	376.88214,443.3561,2496.0168	360.43762,193.97534,2286.3481	281.78748,187.90149,2228.2913	
314.46655,165.54393,2481.4692	314.0444,212.88315,2541.5405	281.115,210.47464,2570.7732	251.58345,241.00273,2427.547	314.0444,212.88315,2541.5405	347.74014,215.34769,2512.3079	371.6115,254.05168,2422.9932	313.60294,258.0088,2611.3625	292.72675,298.66626,2700.266	275.7206,369.50357,2409.2563	333.93542,302.93243,2662.103	255.86612,439.84375,2542.0068	370.19586,362.09375,2424.6514	292.72675,298.66626,2700.266	375.06937,444.73645,2521.5957	362.10495,195.42542,2288.9143	282.029,190.72298,2229.9768	
315.07446,168.55496,2481.1704	314.1652,215.554,2541.7954	281.1072,212.94778,2568.5913	250.90009,243.94295,2426.7612	314.1652,215.554,2541.7954	347.9276,218.21576,2514.9995	371.4729,257.08826,2428.4832	313.30136,260.55743,2612.0835	291.968,301.01645,2699.8594	275.78424,373.58347,2397.458	333.26688,305.417,2664.8838	256.1617,441.22034,2539.3333	370.75763,365.0778,2420.1787	291.968,301.01645,2699.8594	374.04532,447.44476,2531.2085	362.9402,199.43988,2287.0837	282.16724,196.08296,2222.4	
315.6476,171.06653,2480.5193	314.38446,218.22949,2541.4216	281.1651,215.52405,2565.2437	251.91397,249.30737,2432.3662	314.38446,218.22949,2541.4216	348.2325,220.98611,2517.5996	371.0735,261.52155,2435.7268	313.14896,263.16232,2611.6638	291.3729,303.5578,2697.4543	275.8063,375.70016,2390.0386	332.8238,307.95062,2666.3577	256.1374,441.89996,2534.976	371.73965,366.05524,2411.1875	291.3729,303.5578,2697.4543	376.82452,447.7281,2505.7024	363.2732,205.27664,2286.378	282.25455,202.40923,2220.633	
316.07974,176.05908,2480.2292	314.84775,223.15123,2541.8093	281.2736,221.0637,2557.956	252.83344,254.11275,2433.2	314.84775,223.15123,2541.8093	348.8512,225.26544,2525.6626	370.59564,267.42133,2446.889	313.78534,267.89737,2612.67	291.95312,308.64374,2694.0833	277.1729,380.3859,2379.8662	333.76932,311.93,2672.9778	256.98145,445.96603,2534.335	373.34946,367.349,2410.9902	291.95312,308.64374,2694.0833	376.5039,448.29697,2527.0173	363.7099,212.39073,2289.8752	284.33768,209.96887,2217.1382	
316.74417,180.71838,2480.5286	314.9847,227.87387,2542.284	281.21176,225.81664,2553.0315	254.82458,261.14453,2433.0715	314.9847,227.87387,2542.284	349.04443,229.94858,2531.5364	370.05698,272.607,2450.4043	313.4576,272.55096,2612.212	291.09564,313.39706,2689.1528	274.81808,381.87616,2368.1785	333.0343,316.40775,2675.127	254.99548,447.0935,2533.4128	372.8826,370.71704,2392.3018	291.09564,313.39706,2689.1528	373.40866,449.36096,2533.1052	364.64874,220.87303,2283.1306	285.2382,217.98834,2215.012	
317.892,185.35867,2480.702	315.82095,232.64355,2541.956	281.87527,230.85991,2547.4106	255.02368,269.27124,2443.033	315.82095,232.64355,2541.956	349.91266,234.43488,2536.5015	368.82516,279.91196,2465.1836	314.12708,277.28958,2610.8276	291.49307,318.4202,2683.259	276.0757,384.2729,2357.1897	333.60333,320.86444,2676.1394	256.24005,448.69574,2536.807	375.32718,373.07294,2379.1277	291.49307,318.4202,2683.259	374.63907,449.63113,2537.57	367.0678,232.37036,2282.0469	286.40164,229.2848,2226.429	
318.07132,190.62613,2480.2942	315.91544,237.7074,2541.365	281.8463,236.23303,2541.9912	253.92685,276.55215,2451.5232	315.91544,237.7074,2541.365	350.00137,239.1825,2540.7388	367.8981,286.47192,2477.078	314.14932,282.40363,2608.2766	291.3498,323.93658,2675.597	275.3124,387.1417,2342.396	333.59976,325.79166,2674.7795	256.03857,449.50018,2532.7046	375.70224,374.73633,2366.203	291.3498,323.93658,2675.597	373.23245,450.06735,2535.2542	368.16348,242.94669,2280.3215	286.3438,240.23515,2241.544	
318.2753,194.84831,2472.1372	316.49387,241.73665,2539.2822	282.31796,241.0458,2535.059	253.3033,283.52286,2457.7935	316.49387,241.73665,2539.2822	350.5563,242.4252,2543.505	368.3177,289.93015,2490.5933	315.25662,286.22388,2607.9097	292.92896,328.09158,2673.7808	277.34634,386.77728,2340.2231	335.19315,328.76724,2679.294	257.7828,447.25513,2532.3774	378.09714,372.8707,2368.2927	292.92896,328.09158,2673.7808	374.44028,448.09802,2539.576	369.5198,251.49475,2282.059	285.07593,249.44432,2251.9604	
318.53534,197.10672,2476.0415	317.10287,244.1056,2541.138	282.9157,243.97931,2533.576	253.36682,287.7854,2456.9355	317.10287,244.1056,2541.138	351.08716,244.23114,2548.7	367.8687,291.66895,2490.305	316.25632,288.6968,2607.726	294.2782,331.14996,2669.3804	276.79034,386.26062,2337.5688	336.5476,330.98523,2679.248	257.4805,446.82043,2528.646	377.72565,372.8216,2359.808	294.2782,331.14996,2669.3804	378.0997,448.22748,2503.9497	369.5078,256.72314,2281.4092	285.4213,255.27455,2260.1033	
317.87753,198.17624,2478.4912	317.00012,245.09737,2543.05	282.8293,245.55527,2532.8147	256.5193,289.47638,2454.9978	317.00012,245.09737,2543.05	350.89694,244.64314,2553.2854	365.64612,292.62488,2491.67	316.65686,289.69632,2609.0098	295.1642,332.59717,2668.2908	275.80792,384.128,2335.8835	337.39145,331.59692,2681.6482	257.26782,444.54733,2531.922	376.65082,370.16992,2358.7922	295.1642,332.59717,2668.2908	379.71432,446.789,2488.863	367.7009,259.3686,2282.142	288.1762,257.77036,2264.5093	
316.9288,198.21959,2482.6965	316.19775,245.32936,2545.6357	282.0486,245.9748,2534.6904	259.2624,289.13403,2449.0032	316.19775,245.32936,2545.6357	350.0545,244.68944,2556.581	364.23273,293.13516,2496.336	316.0609,289.94897,2610.8594	294.77145,333.02646,2668.9421	273.87766,382.29926,2341.6187	336.9774,331.7641,2683.2239	256.09686,443.4087,2535.138	373.83557,369.28058,2365.2427	294.77145,333.02646,2668.9421	379.14426,446.6633,2479.278	365.91943,259.56976,2288.0186	289.69745,255.5783,2255.7683	
315.9047,195.99197,2482.295	315.16486,243.05548,2546.4792	281.01596,243.6938,2535.027	259.32465,286.76672,2450.0005	315.16486,243.05548,2546.4792	349.008,242.42288,2557.9314	362.09955,292.0404,2508.167	314.98904,287.612,2612.8867	293.6788,330.59808,2671.8215	272.68988,377.98547,2349.3635	335.84744,329.32513,2686.7668	255.4491,439.70416,2537.123	371.79654,365.58368,2371.3708	293.6788,330.59808,2671.8215	378.8331,443.4353,2476.8884	361.01318,257.08484,2296.1113	290.41302,252.6761,2259.9504	
315.18106,193.00658,2481.0955	314.48462,239.95532,2547.7122	280.3456,240.61842,2536.795	257.5043,285.45792,2469.9988	314.48462,239.95532,2547.7122	348.33228,239.29787,2558.6294	361.1969,289.02545,2511.5828	314.40646,284.4336,2615.634	293.2152,327.30133,2676.4314	273.46283,375.56702,2354.353	335.33752,326.0228,2690.6804	256.41016,438.21567,2539.733	371.09814,364.0555,2377.3281	293.2152,327.30133,2676.4314	379.72946,442.58093,2476.087	355.18594,254.27245,2295.4343	287.26422,251.53001,2277.1213	
314.14822,188.87105,2489.4915	313.61118,235.96883,2551.0466	279.5301,236.36548,2544.1223	255.09973,280.9663,2480.4878	313.61118,235.96883,2551.0466	347.50775,235.57431,2557.971	359.29797,283.2405,2502.7935	313.64282,280.71286,2616.4546	292.52945,323.66788,2677.3418	272.80743,373.32385,2363.2827	334.74524,322.8822,2686.3833	256.37015,438.32568,2540.9727	369.17358,362.11282,2379.9116	292.52945,323.66788,2677.3418	379.76297,442.6501,2468.291	349.84628,249.82822,2299.7842	284.73587,248.08975,2286.8555	
312.95642,184.33289,2494.6914	312.433,231.57028,2553.7354	278.46576,231.56415,2552.7686	254.23279,276.25357,2489.2354	312.433,231.57028,2553.7354	346.37454,231.57642,2554.7021	357.20163,280.4331,2513.4	312.52432,276.4647,2618.1423	291.49612,319.22012,2681.918	272.01807,371.602,2373.261	333.71643,319.18652,2683.1807	255.75185,436.6991,2543.6062	367.09564,359.289,2393.4133	291.49612,319.22012,2681.918	379.18298,441.84058,2468.603	344.1847,244.48259,2312.6606	283.74622,242.9464,2289.8208	
312.16626,179.95215,2488.8027	311.54523,227.23083,2552.2468	277.60565,226.8634,2554.3994	253.32358,271.6284,2501.1377	311.54523,227.23083,2552.2468	345.54214,227.59888,2550.0942	355.4384,274.97943,2522.198	311.47928,272.00333,2619.6304	290.37515,314.25687,2688.4185	272.0154,368.78372,2387.3423	332.48007,314.80396,2685.6094	255.53763,434.9201,2545.515	366.30832,357.31778,2408.2427	290.37515,314.25687,2688.4185	379.1232,441.07843,2475.3376	338.72272,239.51532,2323.816	281.53427,238.4489,2297.504	
310.82126,176.35071,2484.8687	310.02594,223.43071,2551.4424	276.15283,222.54404,2556.6057	248.93759,266.7301,2514.1057	310.02594,223.43071,2551.4424	344.03644,224.32097,2546.279	355.3806,271.3731,2525.1013	309.62552,268.04504,2621.8767	288.28137,309.6676,2695.6807	270.99326,367.31406,2395.181	330.26328,310.9841,2688.9414	254.45024,434.01834,2546.2673	365.26434,356.83722,2414.723	288.28137,309.6676,2695.6807	377.26447,441.32465,2479.2703	334.89508,235.17148,2331.8567	278.40634,235.90317,2312.0027	
310.29922,172.24637,2490.883	309.5591,219.54349,2554.081	275.74466,218.63078,2560.5059	247.2323,263.6751,2513.551	309.5591,219.54349,2554.081	343.54416,220.46078,2547.6562	356.49432,266.4013,2525.5515	309.2039,264.4263,2622.0754	287.90063,306.33813,2694.2617	273.1269,366.703,2396.5317	329.898,307.74445,2685.878	256.11517,435.90802,2538.075	367.84528,355.9894,2416.1013	287.90063,306.33813,2694.2617	379.10275,441.43478,2475.875	331.82434,231.35391,2350.981	276.9487,232.16196,2318.81	
310.2861,169.04628,2485.8975	309.34534,216.16426,2552.0872	275.5789,214.90773,2560.6921	246.52213,259.4187,2525.7913	309.34534,216.16426,2552.0872	343.34027,217.42928,2543.4822	358.60693,263.2001,2528.7788	308.75513,261.0291,2621.7422	287.27423,302.61105,2697.0132	273.15927,365.2506,2406.225	329.20413,304.53632,2685.7812	256.03485,435.63538,2542.9966	368.37152,355.4292,2422.4883	287.27423,302.61105,2697.0132	378.6965,440.54333,2478.875	330.4479,227.80962,2362.432	275.3584,229.27898,2325.8323	
310.69614,166.72934,2483.9036	309.51724,213.91048,2550.459	275.76978,212.36938,2560.0918	245.23138,256.48886,2534.9019	309.51724,213.91048,2550.459	343.52063,215.46326,2540.8262	361.35657,262.0554,2530.8945	308.6372,258.83334,2620.422	286.8991,300.26105,2696.6714	273.42746,366.18622,2405.8901	328.80472,302.58398,2684.099	256.17343,436.8381,2539.276	369.80606,356.1084,2427.5964	286.8991,300.26105,2696.6714	379.06772,441.64868,2476.7898	330.84738,225.52837,2366.2861	274.60983,228.10182,2334.9978	
311.03775,165.14337,2482.4001	309.8655,212.51509,2549.53	276.1224,210.80424,2559.5522	245.91382,255.42691,2530.4531	309.8655,212.51509,2549.53	343.87497,214.23946,2539.5078	367.31213,257.7159,2517.9487	308.7903,257.45514,2619.883	286.87622,298.77277,2696.7766	274.50296,364.6039,2417.715	328.7683,301.3229,2683.6956	256.41547,437.36707,2539.908	371.35562,356.44974,2430.2305	286.87622,298.77277,2696.7766	379.54718,442.34662,2478.3271	334.783,223.90718,2352.7937	273.9785,227.15085,2337.9045	
312.88226,163.95325,2481.1384	311.35785,211.21745,2549.0366	277.56195,209.32422,2557.4158	249.78546,252.73131,2528.22	311.35785,211.21745,2549.0366	345.37665,213.12317,2540.6575	375.8563,252.2401,2504.4666	309.86102,256.16507,2619.6553	287.52304,297.40314,2695.7427	275.71545,363.2187,2423.269	329.44778,300.10828,2684.8052	256.94226,438.3555,2539.3655	371.87726,355.76984,2437.9248	287.52304,297.40314,2695.7427	380.1839,442.73672,2481.9731	343.3747,221.88293,2317.76	276.59622,223.88524,2319.3694	
315.6089,163.80405,2490.5178	313.3709,211.18517,2552.2402	279.61588,208.90704,2559.9248	253.7362,249.15694,2512.5923	313.3709,211.18517,2552.2402	347.3298,213.47704,2544.5557	385.34222,244.4211,2489.2485	311.1808,256.34927,2619.021	288.14832,297.68872,2690.8171	276.28793,364.1962,2424.234	330.12918,300.85205,2680.7864	256.89752,440.04877,2535.782	373.16245,358.34137,2429.8953	288.14832,297.68872,2690.8171	380.63654,445.1813,2475.9194	358.02576,221.28456,2281.7612	279.8975,218.8789,2288.02	
318.8407,162.02399,2493.7473	316.1712,209.3358,2551.6597	282.66263,206.41124,2565.0476	256.9359,250.61125,2520.8293	316.1712,209.3358,2551.6597	350.03326,212.29123,2538.2717	392.25684,236.52412,2476.17	313.48138,254.58405,2617.8428	290.09015,295.4943,2692.7715	278.07556,360.5708,2433.0244	331.89447,299.7211,2675.2803	258.42496,436.55646,2544.2983	374.13214,355.575,2432.9626	290.09015,295.4943,2692.7715	382.14935,443.44952,2472.9746	377.11942,219.43144,2240.3752	281.5209,218.33685,2295.575	
323.10162,161.39774,2495.4192	319.45337,208.68988,2549.5034	286.28433,204.75375,2569.065	260.2078,248.51656,2513.9963	319.45337,208.68988,2549.5034	353.1353,212.68686,2529.942	399.83698,229.04106,2469.196	315.78067,253.96057,2615.1887	291.65643,294.1415,2693.6526	278.31232,361.15326,2435.8801	333.11707,299.9117,2668.0955	258.17365,437.14932,2545.517	374.34198,355.88547,2431.006	291.65643,294.1415,2693.6526	381.96515,445.55615,2472.0122	397.40182,216.05777,2214.5366	283.95636,216.28438,2285.1106	
327.67572,161.52206,2497.2544	322.94394,208.54712,2548.484	290.2012,203.60405,2574.351	263.624,246.55936,2507.587	322.94394,208.54712,2548.484	356.3582,213.59158,2522.6167	407.76816,222.61298,2451.701	318.31458,253.7165,2614.6917	293.5676,293.02304,2697.7908	279.26013,362.04077,2439.5393	334.5181,300.33273,2664.008	258.74713,437.27246,2548.3577	375.701,356.2145,2433.4138	293.5676,293.02304,2697.7908	382.51413,445.95883,2474.917	422.80276,212.7228,2191.1255	285.6725,216.86774,2296.876	
332.49982,161.56349,2488.6516	326.7758,208.66391,2543.5117	294.3122,202.61436,2572.9219	267.35785,245.95143,2495.9033	326.7758,208.66391,2543.5117	359.9989,214.855,2514.1016	414.8457,216.32745,2421.891	321.0332,253.47528,2613.6177	295.50732,291.5685,2702.9128	279.83182,361.47787,2441.725	335.96323,300.38544,2664.5344	258.98212,436.47614,2548.6343	376.83145,356.5549,2438.6829	295.50732,291.5685,2702.9128	383.01523,446.5013,2479.4343	447.70728,208.21684,2175.0562	290.83606,214.7088,2284.2773	
337.63742,163.64073,2484.835	330.5288,210.38336,2540.7341	298.32294,203.28137,2572.344	271.9827,244.2756,2477.0232	330.5288,210.38336,2540.7341	363.54614,217.66429,2509.1243	421.35086,212.32693,2388.9946	323.592,254.85605,2613.044	297.1584,291.8696,2705.9758	280.34415,363.68912,2439.3015	337.20673,302.0761,2664.7317	258.63342,438.37903,2546.256	377.38266,359.31628,2434.6877	297.1584,291.8696,2705.9758	382.85638,448.42133,2477.5635	470.8296,203.73413,2174.4067	296.45883,211.01262,2261.1492	
342.49103,166.97461,2475.4495	333.93518,213.39293,2536.468	302.14417,205.06075,2571.3452	276.72855,243.92493,2451.1333	333.93518,213.39293,2536.468	366.61267,221.95744,2501.5908	425.88657,210.24875,2370.0417	325.8262,257.30035,2612.8958	298.63528,292.8393,2712.09	280.65372,364.8835,2438.1746	338.05463,304.68536,2666.557	258.48184,439.59076,2548.6519	377.63086,360.32776,2431.508	298.63528,292.8393,2712.09	382.43085,448.99585,2478.946	486.56555,201.12103,2190.7114	302.5655,207.94086,2241.3708	
346.3105,169.75323,2471.7004	336.7722,215.84009,2533.015	305.1473,206.75354,2568.9043	280.93628,243.39453,2433.5898	336.7722,215.84009,2533.015	369.30612,225.18782,2497.1255	429.1235,209.36723,2363.5522	327.72565,259.53503,2609.9941	299.79883,294.37592,2710.382	280.3732,367.13925,2422.772	338.93707,307.18835,2663.5647	257.9934,441.5534,2540.5105	379.29666,361.66525,2419.2334	299.79883,294.37592,2710.382	382.5591,448.84833,2474.4524	495.84344,199.51097,2202.2925	309.5305,205.82791,2227.0054	
350.24692,172.56694,2459.7388	339.63568,218.26129,2526.2246	307.80936,208.39821,2557.2148	285.26157,242.18523,2413.2546	339.63568,218.26129,2526.2246	372.25253,228.36937,2495.2344	432.10812,210.57751,2364.6963	329.3618,261.37863,2606.9949	300.23654,295.20007,2707.9941	279.95596,367.71848,2414.8052	339.46948,308.7106,2667.5366	257.29327,441.32788,2537.6746	379.85107,360.71765,2420.5767	300.23654,295.20007,2707.9941	381.78625,447.3348,2483.1863	500.6101,198.12808,2200.9067	312.98474,204.75198,2198.9387	
353.34613,174.5669,2462.3013	341.92657,220.01984,2526.3352	310.07904,209.71045,2555.2488	287.84097,243.49643,2404.6003	341.92657,220.01984,2526.3352	374.51154,230.56792,2497.4216	434.5901,213.29755,2370.341	330.70605,263.07007,2605.2173	300.6568,296.64902,2702.961	279.94653,370.4859,2406.1465	339.90915,310.6291,2665.2378	257.4048,442.4004,2535.0813	380.59018,361.78027,2409.541	300.6568,296.64902,2702.961	381.67905,448.2749,2478.346	501.99973,198.07707,2188.7087	313.64337,206.46481,2180.2212	
354.72504,176.54977,2456.1016	343.26456,222.11377,2523.1726	310.84155,212.33252,2543.6453	288.5725,246.05533,2403.2986	343.26456,222.11377,2523.1726	376.21805,232.05504,2502.7	435.5958,215.4316,2377.6772	332.02557,265.0888,2602.94	301.5692,299.06262,2696.0886	280.33994,373.13553,2398.717	341.54004,312.01846,2669.326	258.20062,443.14673,2532.6846	382.40018,360.8666,2412.542	301.5692,299.06262,2696.0886	383.07172,447.6455,2486.9443	498.9473,198.3872,2176.9255	317.89752,207.72076,2187.4873	
355.34894,176.25363,2460.4993	343.96246,222.03667,2525.7231	311.39056,212.4512,2543.9539	289.1737,246.74858,2401.6558	343.96246,222.03667,2525.7231	377.008,231.76154,2507.4924	435.5984,219.62357,2394.3313	332.68848,265.1259,2603.9473	302.11447,299.4309,2694.058	278.87216,370.80798,2392.2827	342.20734,312.02838,2670.2847	257.79068,440.33142,2537.7666	381.9179,358.9533,2405.6611	302.11447,299.4309,2694.058	381.97217,446.1394,2482.3623	488.6963,197.29681,2171.1008	320.18723,208.65004,2188.3005	
354.93497,175.44678,2462.1982	343.58612,221.0622,2527.3855	310.89468,211.65395,2543.3408	285.8425,250.94629,2423.831	343.58612,221.0622,2527.3855	376.69296,230.59,2511.4302	435.2849,221.42787,2414.1626	332.32367,264.2074,2605.0852	301.65875,298.7337,2693.193	277.9261,369.11917,2397.775	341.9246,311.0208,2672.3767	256.7723,438.48978,2539.5168	380.03564,357.84686,2410.9607	301.65875,298.7337,2693.193	380.64886,444.42145,2483.8113	477.41528,196.04037,2172.4082	316.0489,212.59525,2213.0737	
352.94193,173.94394,2471.0618	342.2418,219.8365,2532.2275	309.43283,210.98695,2547.2751	284.58728,250.76102,2436.9453	342.2418,219.8365,2532.2275	375.443,228.79185,2517.18	433.12665,222.78069,2439.079	331.55066,263.31726,2607.1643	301.27466,298.5958,2691.92	278.56702,367.95966,2408.5493	341.7876,310.18332,2672.2822	256.73117,438.80487,2540.4204	379.83087,358.279,2412.3372	301.27466,298.5958,2691.92	380.70062,444.7948,2483.2625	460.15564,196.28537,2195.049	315.57043,213.05716,2226.1426	
350.7427,171.47162,2475.492	340.5891,217.69753,2535.7852	307.67175,209.33517,2549.6565	284.73273,247.87968,2431.4944	340.5891,217.69753,2535.7852	373.8686,226.15189,2521.9138	428.30463,226.03058,2451.5425	330.4003,261.44858,2608.8918	300.48108,297.35776,2691.0508	277.4018,365.695,2412.5393	341.19022,308.3081,2672.9463	256.01965,437.46863,2541.4749	377.98535,356.5216,2421.8552	300.48108,297.35776,2691.0508	380.5182,443.60815,2482.8179	440.2488,196.01659,2219.656	315.52716,209.44545,2213.1812	
348.1739,168.8823,2477.7163	338.50674,215.28291,2538.5623	305.43567,207.46141,2549.7957	283.5309,245.36159,2430.7732	338.50674,215.28291,2538.5623	371.8718,223.17395,2527.3289	422.92322,230.48091,2464.789	328.8252,259.21518,2610.964	299.26144,295.70575,2690.6982	276.8682,363.2707,2424.3457	340.18262,305.87543,2676.0337	256.1169,437.15527,2542.3135	376.2456,355.7987,2428.6646	299.26144,295.70575,2690.6982	379.84,442.8172,2485.146	422.2613,196.47226,2255.9463	316.9969,205.55124,2214.9988	
344.82,166.40509,2488.3467	335.88074,213.16579,2544.5159	302.66718,206.19284,2553.7642	282.53366,243.5064,2434.9592	335.88074,213.16579,2544.5159	369.3366,220.1896,2535.2676	416.80276,235.84917,2482.401	327.10718,257.5223,2613.2063	298.22263,295.08795,2687.9338	276.51123,363.7121,2426.067	339.43622,304.14578,2675.8596	256.2953,438.37756,2544.0508	375.3964,356.18353,2431.5889	298.22263,295.08795,2687.9338	380.3108,443.61108,2481.8296	406.23492,197.23027,2288.977	315.8173,203.39883,2214.7666	
341.4995,164.90356,2492.7012	333.27472,211.75557,2548.3347	299.8445,205.73244,2550.9453	280.06055,242.91783,2446.5664	333.27472,211.75557,2548.3347	366.7735,217.79108,2545.724	405.82022,242.072,2507.27	325.26498,256.268,2616.3657	296.9272,294.73172,2686.1025	275.46133,363.66788,2427.5674	338.42166,302.32166,2682.691	255.73392,437.62793,2543.5596	373.52292,355.36902,2438.651	296.9272,294.73172,2686.1025	379.58322,442.573,2490.271	392.9218,200.19963,2320.2773	313.22858,202.37144,2221.4006	
338.07333,163.05594,2494.815	330.30878,210.04977,2551.3442	296.78244,204.64294,2553.29	274.79947,244.34706,2475.8005	330.30878,210.04977,2551.3442	363.88626,215.46486,2549.3984	395.07156,246.95403,2526.1501	323.13098,254.69284,2619.229	295.5552,293.69003,2688.3828	274.30786,361.55112,2432.408	337.09616,300.47372,2685.8447	255.43625,437.2078,2546.904	370.75803,355.73715,2439.9783	295.5552,293.69003,2688.3828	378.31216,442.44156,2489.2883	382.2512,201.91797,2349.9153	308.55402,205.2212,2251.2178	
334.30136,162.21259,2496.4905	327.7608,209.23787,2554.0667	294.06638,205.12375,2549.6155	269.99756,248.08708,2512.5308	327.7608,209.23787,2554.0667	361.338,213.33769,2558.5178	386.9863,250.60225,2537.2126	321.8183,253.9761,2622.4336	295.2803,293.98523,2687.892	274.89246,362.93427,2430.5557	337.03006,298.89136,2693.709	256.5908,438.55072,2544.3037	371.01968,356.85938,2447.7615	295.2803,293.98523,2687.892	379.79718,442.4853,2492.9163	372.95917,202.84866,2379.5977	299.82806,210.75992,2280.787	
330.8582,164.6549,2499.223	325.27512,211.70651,2557.0127	291.4914,208.48157,2552.027	266.10852,249.80283,2533.2861	325.27512,211.70651,2557.0127	358.92737,214.9189,2561.9983	376.06696,252.4223,2542.642	320.50992,256.37564,2626.3845	295.09592,296.85745,2692.505	273.83307,365.9384,2435.497	336.83362,300.62958,2699.0078	256.58383,441.41055,2548.371	369.16916,361.21515,2446.1187	295.09592,296.85745,2692.505	379.42212,446.1966,2489.196	365.08588,206.726,2398.1497	294.32837,214.38588,2303.1316	
326.92462,163.71106,2498.575	322.3975,210.88162,2557.8613	288.5381,208.50288,2553.2344	262.55893,250.11409,2536.654	322.3975,210.88162,2557.8613	356.1346,213.25177,2562.4883	367.73337,257.33737,2554.8389	318.84222,255.62137,2627.7139	294.53238,296.67126,2694.5479	272.6687,363.00467,2435.456	336.363,299.41385,2700.585	256.04358,438.8668,2546.893	367.24576,357.94202,2443.9597	294.53238,296.67126,2694.5479	378.85062,443.2451,2485.4985	360.49484,210.09361,2402.496	291.29776,216.94276,2312.6287	
323.5291,164.57709,2497.735	319.07645,211.67516,2559.533	285.24634,209.19475,2557.0842	261.59122,250.42523,2528.8257	319.07645,211.67516,2559.533	352.8419,214.15083,2561.9817	359.35516,259.45255,2544.4185	315.66785,256.2951,2630.442	291.52997,297.09125,2699.7534	269.36932,364.00577,2439.8953	333.32175,300.05206,2702.9482	253.34152,439.40482,2551.614	363.88824,359.97327,2442.042	291.52997,297.09125,2699.7534	375.90244,445.4629,2486.3113	357.33865,214.74077,2385.904	288.18118,215.92885,2302.3716	
319.48633,167.26404,2489.815	316.18985,214.20233,2558.6367	282.3147,212.36603,2557.3145	260.72247,251.63861,2518.3848	316.18985,214.20233,2558.6367	350.03,216.03674,2559.959	355.16443,264.45737,2553.7358	313.8108,258.48077,2633.463	290.68082,299.20804,2707.4263	271.29416,366.36743,2441.019	332.4323,301.41626,2709.1519	255.60141,441.11395,2551.8784	365.3396,360.96234,2446.044	290.68082,299.20804,2707.4263	377.8261,446.37357,2491.6787	353.3247,220.64192,2370.7383	285.52145,217.14621,2284.7905	
316.57956,169.84445,2485.3335	313.92126,216.53778,2558.101	280.11194,214.70692,2560.8818	259.95276,252.8779,2503.6704	313.92126,216.53778,2558.101	347.80414,218.37262,2555.3208	351.48868,267.69522,2551.3452	312.0401,260.50357,2636.0073	289.45905,300.7612,2715.7285	270.5312,365.8676,2441.4583	331.10266,303.1308,2712.0986	254.94203,440.6691,2550.888	364.35318,361.4805,2442.386	289.45905,300.7612,2715.7285	377.2395,447.12006,2489.2034	350.19806,223.6753,2360.391	284.53735,216.94133,2267.5422	
314.51105,171.40182,2486.6157	311.90778,217.99017,2559.2612	278.16238,216.00735,2564.0415	259.8352,254.17429,2498.3352	311.90778,217.99017,2559.2612	345.77948,219.98041,2554.481	349.74362,269.31104,2541.172	310.10013,261.86917,2637.5452	287.63544,301.90063,2718.9482	269.33035,365.76807,2433.3208	329.20566,304.53946,2712.71	254.19409,440.4865,2545.0356	363.05963,361.15942,2443.353	287.63544,301.90063,2718.9482	376.71185,446.8548,2486.2617	345.3903,225.69456,2355.9287	284.9077,218.15863,2255.3132	
312.90518,172.0736,2483.7742	310.09723,218.47447,2559.0261	276.4969,215.94754,2567.436	258.18692,256.9798,2501.1943	310.09723,218.47447,2559.0261	343.91916,221.01807,2550.6162	349.6648,269.77917,2536.0977	308.04443,262.19882,2638.6865	285.44455,301.63452,2723.837	268.66058,364.2479,2431.439	326.86298,305.09348,2712.857	253.94632,438.50446,2546.7964	361.9975,359.64557,2444.0188	285.44455,301.63452,2723.837	376.54654,445.43408,2482.9731	342.5572,226.71152,2356.3027	280.8152,221.07901,2253.6833	
311.29407,172.56769,2490.325	308.79645,219.07742,2561.5408	275.297,216.68503,2572.4153	257.93817,258.79855,2507.5881	308.79645,219.07742,2561.5408	342.58154,221.49022,2550.6663	349.8308,269.78415,2534.5347	307.13565,263.02158,2638.419	284.92157,302.7796,2722.3933	270.5151,365.77118,2426.319	326.32443,306.184,2708.201	255.66061,440.2826,2538.9978	364.2326,359.845,2441.7546	284.92157,302.7796,2722.3933	378.70404,446.6743,2480.2317	341.21967,227.12785,2350.3875	278.7402,222.72968,2256.7966	
309.97925,172.50848,2485.6143	307.48868,218.9805,2560.4873	274.05652,216.338,2573.0425	258.15536,259.14038,2510.305	307.48868,218.9805,2560.4873	341.25034,221.64903,2547.9321	351.77985,268.6886,2539.7627	305.79236,262.68326,2640.0854	283.62643,301.94653,2727.8767	269.9974,363.06387,2435.376	324.88852,305.72067,2711.4905	254.63992,438.08096,2546.7153	364.00385,357.44177,2451.5063	283.62643,301.94653,2727.8767	377.72366,444.76245,2488.7449	340.3804,224.7791,2358.0273	278.37814,221.5997,2258.7488	
309.71347,171.60611,2492.2722	306.98962,218.14064,2562.7905	273.84204,215.0315,2580.064	258.47708,258.15256,2511.6519	306.98962,218.14064,2562.7905	340.58707,221.29199,2545.517	351.00815,265.16208,2535.4146	305.0729,262.07507,2639.6807	282.8084,301.24924,2727.8496	271.20917,362.77887,2429.9204	323.89157,305.8146,2705.292	255.34972,438.90155,2540.0903	365.3767,357.44025,2439.9026	282.8084,301.24924,2727.8496	378.46246,446.28253,2480.5217	340.09576,222.62839,2356.8123	278.46835,219.92473,2262.9658	
309.73944,169.31151,2495.5938	306.68863,215.89249,2563.9998	273.6833,212.5019,2583.465	259.18906,256.49686,2515.8274	306.68863,215.89249,2563.9998	340.1989,219.33495,2544.5344	350.46237,263.3485,2537.7227	304.53815,260.0013,2639.3628	282.1269,299.1661,2727.4272	272.1335,360.20013,2432.5293	323.07886,304.17963,2702.0244	255.4255,437.8835,2540.1143	363.76486,353.58502,2450.772	282.1269,299.1661,2727.4272	378.4509,443.24237,2483.0815	340.47748,220.54367,2358.6716	277.14502,218.3993,2264.3445	
309.42365,167.47217,2498.2456	306.4489,214.23697,2564.7278	273.46854,210.82591,2584.5903	259.39035,254.56775,2511.413	306.4489,214.23697,2564.7278	339.9441,217.7013,2544.8652	350.38956,262.19366,2541.3623	304.23645,258.5057,2638.6685	281.75873,297.841,2725.5693	272.9687,360.8875,2431.0996	322.7262,302.9054,2699.649	255.63953,437.4544,2539.892	364.17587,353.2818,2455.146	281.75873,297.841,2725.5693	378.96585,443.28137,2482.8008	340.5979,216.97429,2364.702	277.25153,215.39243,2259.5085	
309.63135,165.10513,2498.0713	306.6496,212.1676,2563.9028	273.5721,208.87746,2582.2864	260.0886,250.67613,2495.7075	306.6496,212.1676,2563.9028	340.20486,215.50526,2545.5193	351.93997,260.37128,2543.179	304.39777,256.59207,2636.877	281.80655,296.20575,2721.8484	273.82043,360.15384,2431.255	322.90988,301.0636,2697.8538	256.24338,436.752,2539.1511	364.5381,351.5608,2460.9675	281.80655,296.20575,2721.8484	379.8928,443.36606,2483.295	340.76096,214.74678,2362.5889	276.34802,212.07985,2243.939	
309.82742,163.69305,2497.4849	306.7284,210.90277,2562.604	273.6617,207.58865,2581.5742	259.97443,250.52216,2497.3545	306.7284,210.90277,2562.604	340.28833,214.26633,2543.6338	352.59964,259.3487,2544.0896	304.46558,255.42195,2635.148	281.8632,295.10855,2720.072	274.3803,360.96225,2434.2139	322.9728,300.0252,2695.3118	256.24078,438.00574,2541.6619	365.26617,352.6631,2461.8381	281.8632,295.10855,2720.072	380.20398,444.69147,2482.0017	341.50082,213.26204,2360.9766	278.09946,210.65283,2251.5327	
310.41327,163.98871,2497.7412	307.71747,211.18533,2561.1733	274.31323,208.67326,2573.497	260.04575,249.65384,2493.7327	307.71747,211.18533,2561.1733	341.44473,213.72171,2548.8496	353.54514,259.53723,2541.0898	305.8755,255.80493,2632.998	283.43362,296.23962,2712.8765	276.74182,364.50085,2425.7986	324.95267,299.8809,2696.769	257.8818,440.94193,2535.5225	368.23178,355.33914,2458.147	283.43362,296.23962,2712.8765	382.05573,446.09625,2485.7288	343.7176,211.4239,2363.9175	279.625,206.875,2255.789	
310.76877,164.94838,2498.8203	308.43848,211.80284,2561.5122	275.03207,209.24896,2574.2974	260.34174,248.92052,2478.8665	308.43848,211.80284,2561.5122	342.18002,214.38235,2548.7275	357.11194,259.08997,2537.0469	306.52457,256.5187,2631.8958	284.02933,297.05536,2710.6177	276.44214,365.0523,2429.2026	325.51938,300.76654,2693.9404	256.7869,440.7475,2540.5647	367.6344,358.6046,2448.452	284.02933,297.05536,2710.6177	380.57928,447.2317,2481.2427	345.69135,211.56354,2355.1262	282.05142,202.80063,2255.2083	
311.399,166.37819,2489.901	309.7555,213.10396,2556.685	276.08102,211.24738,2564.501	260.32593,249.12576,2469.9524	309.7555,213.10396,2556.685	343.63644,214.97192,2548.8691	358.92566,260.42645,2525.0906	308.35648,257.64438,2629.8887	286.2168,298.4611,2708.1958	278.4263,367.93448,2420.7964	327.92847,301.08862,2697.9888	258.82394,441.86188,2539.9775	370.16577,359.1227,2446.6992	286.2168,298.4611,2708.1958	382.24503,446.3582,2487.5945	346.52252,212.04422,2349.3696	283.02048,200.57005,2256.5503	
312.31137,169.05867,2486.9211	311.3331,215.80371,2553.9126	277.50806,214.47943,2558.9712	260.20157,250.99297,2464.997	311.3331,215.80371,2553.9126	345.2924,217.13327,2548.854	360.83054,261.41666,2508.0688	310.34158,260.29965,2627.498	288.52258,301.4479,2704.384	278.3866,372.04514,2408.744	330.33673,303.29675,2697.783	258.76654,443.0782,2535.3345	371.5207,362.62958,2434.5872	288.52258,301.4479,2704.384	382.46664,448.2909,2481.535	346.6353,213.6404,2342.3826	283.36084,201.48096,2254.2402	
312.87155,172.64767,2484.9155	311.90756,219.40926,2552.818	278.41022,217.4255,2566.404	259.74597,253.83902,2455.9985	311.90756,219.40926,2552.818	345.76334,221.41425,2539.2322	362.21185,264.77234,2502.044	310.86227,263.8343,2626.3032	289.13696,304.3291,2708.668	276.3765,373.8164,2407.0366	330.74765,307.3627,2690.9087	257.28543,441.95175,2539.8318	369.74664,365.85718,2419.503	289.13696,304.3291,2708.668	376.86893,451.0785,2497.6848	347.1632,216.44016,2335.0964	283.96912,203.35802,2251.828	
312.96793,174.94115,2484.9124	311.32825,221.51718,2551.512	277.83994,219.15659,2566.0078	259.8323,256.80664,2450.002	311.32825,221.51718,2551.512	345.19925,223.90474,2537.016	362.61026,267.52573,2496.0356	309.88403,265.96936,2624.1255	287.825,306.26624,2706.19	274.177,374.80533,2389.9033	329.35565,309.80145,2687.288	255.14697,441.88715,2533.3008	368.26157,366.0835,2412.5527	287.825,306.26624,2706.19	376.48584,448.47113,2487.6438	346.73053,219.55553,2335.3452	283.60077,206.50967,2244.2993	
313.20135,176.31253,2482.4255	311.97653,223.20045,2549.59	278.30124,221.34254,2560.8716	260.55954,258.53766,2446.0232	311.97653,223.20045,2549.59	345.95117,225.07489,2538.3086	362.95636,270.11646,2498.0354	310.87283,267.6697,2622.0015	289.00702,308.3639,2701.774	277.19125,376.008,2382.247	330.76392,311.14124,2687.0518	257.6596,443.1682,2532.4458	371.61325,365.30383,2407.3623	289.00702,308.3639,2701.774	377.40344,447.00934,2512.226	346.6976,223.41364,2332.1377	284.36404,209.5658,2232.123	
313.04373,177.92834,2490.1787	311.89746,224.94109,2551.2256	278.11218,223.5946,2559.215	261.32874,262.29926,2450.5544	311.89746,224.94109,2551.2256	345.89505,226.29604,2543.236	362.78787,272.20367,2499.51	311.07846,269.6957,2619.5176	289.35165,311.17212,2693.0234	276.14417,377.78732,2368.566	331.33188,313.1839,2682.5957	256.48325,444.53387,2528.6653	371.45862,367.39975,2396.8188	289.35165,311.17212,2693.0234	375.5327,448.49762,2519.3164	345.46762,226.72388,2330.513	283.88416,213.48352,2231.7595	
313.04813,178.58398,2493.5383	311.9092,225.80417,2551.9177	278.1144,224.5686,2559.9143	262.00415,264.37366,2455.7803	311.9092,225.80417,2551.9177	345.91647,227.04749,2543.9211	363.21478,272.29474,2503.252	311.19864,270.7251,2617.9087	289.53754,312.4997,2689.1165	275.9379,376.66455,2368.2502	331.59024,314.37802,2678.6829	256.68753,442.28903,2532.8	371.69193,366.94308,2393.69	289.53754,312.4997,2689.1165	374.5554,447.67746,2525.4749	343.69925,228.7233,2333.6624	284.62238,216.43498,2230.7473	
312.2548,178.13783,2487.25	311.6773,225.46527,2549.6665	277.74628,224.85776,2553.7966	263.4333,264.67722,2460.4084	311.6773,225.46527,2549.6665	345.71844,226.07475,2545.5364	361.6705,271.63303,2506.672	311.47763,270.27356,2617.6377	290.24454,312.3493,2688.3052	276.76813,375.06235,2367.7676	332.37387,313.279,2682.9126	257.2541,440.50165,2536.5425	372.60483,364.99582,2403.5317	290.24454,312.3493,2688.3052	374.5548,445.62292,2537.9492	341.95306,228.95932,2336.131	284.76233,218.0983,2227.1848	
311.64566,176.58627,2484.0713	311.44165,223.88086,2548.451	277.49854,223.40569,2553.3315	262.85492,264.44138,2467.201	311.44165,223.88086,2548.451	345.515,224.35785,2543.5703	360.7115,269.9475,2506.3364	311.50024,268.6531,2617.6255	290.5348,310.72238,2689.9844	276.66562,372.97946,2375.929	332.6267,311.5184,2683.6157	257.27075,439.33795,2543.8164	372.21252,363.8948,2400.829	290.5348,310.72238,2689.9844	376.9914,444.37964,2507.0378	341.03763,228.49855,2337.2788	284.76404,218.70212,2236.7803	
311.06116,175.79674,2482.9849	311.1464,223.05774,2548.185	277.18018,222.80357,2552.5625	263.05554,262.91522,2471.6025	311.1464,223.05774,2548.185	345.22952,223.31277,2543.8076	362.04984,267.4091,2514.1716	311.45657,267.8288,2617.711	290.71823,310.03314,2690.0933	276.37546,373.63898,2377.733	332.8279,310.53366,2684.3804	257.38007,439.51086,2540.6768	371.1366,363.1043,2405.832	290.71823,310.03314,2690.0933	378.17758,444.1814,2492.9363	340.97845,226.19397,2337.4426	285.2217,218.72513,2236.0674	
310.5781,173.53525,2481.9395	310.8717,220.6918,2548.1003	276.9085,220.63266,2552.8098	263.31967,259.50177,2470.7983	310.8717,220.6918,2548.1003	344.96066,220.75116,2543.3909	362.97888,264.56442,2516.0881	311.48172,265.41656,2618.8904	291.04556,307.65112,2692.754	276.46057,369.99298,2388.4695	333.12183,307.92343,2686.607	257.5119,436.8316,2544.9414	370.24982,359.80374,2415.258	291.04556,307.65112,2692.754	379.23706,442.6413,2487.31	340.65433,223.54803,2340.7454	284.6395,215.7272,2228.7363	
310.46167,171.09137,2481.4307	311.18344,218.44266,2548.2092	277.1689,218.80667,2550.143	262.79736,258.20667,2477.4111	311.18344,218.44266,2548.2092	345.24966,218.0781,2546.2754	361.28476,262.6949,2516.0593	312.07504,263.19196,2619.3694	291.88266,305.75842,2691.792	276.81018,370.6416,2386.941	333.976,305.38974,2689.267	257.95282,437.68463,2541.177	370.3534,358.601,2421.178	291.88266,305.75842,2691.792	377.15076,442.19385,2511.9353	340.254,221.73192,2340.9749	285.04672,213.4097,2242.4028	
310.35538,168.8301,2489.6587	311.08304,216.30023,2550.5542	277.1433,216.6748,2554.6292	262.6132,255.51099,2474.1997	311.08304,216.30023,2550.5542	345.1314,215.92445,2546.4792	360.20645,261.24905,2523.0247	312.15378,261.37927,2617.854	292.11624,304.344,2687.8132	276.39008,369.2666,2392.9585	334.26718,304.05295,2682.4944	257.4311,437.41168,2536.5764	370.15778,360.9704,2411.4734	292.11624,304.344,2687.8132	377.89758,443.23438,2489.852	340.99954,218.25127,2342.3948	283.77805,211.32272,2235.3901	
310.01526,165.57306,2485.7764	310.70593,212.99924,2548.3691	276.77063,213.31741,2553.9424	262.7619,252.21051,2467.5996	310.70593,212.99924,2548.3691	344.78998,212.67969,2542.796	361.76898,258.6046,2524.0107	311.84012,258.15237,2616.3228	291.87097,301.09753,2687.9136	275.7215,364.78113,2404.0737	334.01993,300.94095,2680.6392	256.97275,435.0876,2540.3826	369.15768,358.0801,2421.7737	291.87097,301.09753,2687.9136	378.05573,441.2464,2488.463	340.54297,215.51459,2342.7693	283.8801,208.03027,2228.4866	
