294.9972,116.33594,2530.163	291.4026,169.29947,2536.8079	262.32947,169.11108,2551.3064	241.18207,218.23882,2497.9165	291.4026,169.29947,2536.8079	320.80997,169.49002,2522.3093	332.41266,221.00351,2516.939	289.75308,214.147,2516.9807	268.55646,259.23495,2506.7246	262.07947,360.25043,2441.545	307.74847,260.1821,2487.5825	254.20753,442.68005,2538.7559	320.7597,358.13177,2455.6902	268.55646,259.23495,2506.7246	329.1189,441.49805,2526.8079	301.40274,218.19739,2318.037	266.11316,208.27043,2265.6047	
295.11533,116.54565,2530.9373	291.3684,169.28409,2536.5347	262.30997,169.04768,2550.4937	241.1492,218.0406,2498.6445	291.3684,169.28409,2536.5347	320.74847,169.52307,2522.5757	331.88168,220.4619,2508.9504	289.6967,214.10658,2517.0198	268.52957,259.13956,2506.7026	262.0779,360.1804,2441.078	307.612,260.12317,2488.3071	254.30673,442.4781,2538.484	320.79434,357.96072,2455.5964	268.52957,259.13956,2506.7026	328.98007,441.545,2527.2327	285.16232,211.51364,2273.0625	265.7949,208.05124,2272.4075	
295.33533,116.593735,2531.9316	291.39398,169.31564,2536.226	262.34174,169.04993,2549.4553	241.00235,217.51764,2504.9084	291.39398,169.31564,2536.226	320.7509,169.58412,2522.9968	331.89697,220.96634,2507.995	289.7425,214.06381,2516.9448	268.60602,259.01114,2506.3801	262.1194,359.95926,2440.9316	307.66132,259.99805,2488.947	254.35727,442.2572,2537.7532	320.91675,357.9084,2455.712	268.60602,259.01114,2506.3801	329.0683,441.6001,2528.8218	287.15747,212.2323,2282.5046	265.21066,207.7877,2269.549	
295.46118,116.52561,2531.9155	291.5118,169.32486,2535.2566	262.53165,169.0424,2548.1963	240.35013,217.93,2506.759	291.5118,169.32486,2535.2566	320.78934,169.6102,2522.317	331.97397,221.32486,2508.5144	289.87726,214.13644,2516.7	268.69516,259.11432,2506.7236	262.08823,359.86423,2440.2786	307.87625,260.11664,2489.563	254.34225,442.14197,2537.0996	320.82913,358.15326,2454.5864	268.69516,259.11432,2506.7236	329.1115,441.8955,2528.3157	308.73877,215.94623,2300.34	265.97635,207.82085,2262.584	
295.49927,116.41908,2531.243	291.40366,169.27017,2535.8623	262.37216,169.0409,2548.1487	239.95804,218.37714,2509.3408	291.40366,169.27017,2535.8623	320.71786,169.50168,2523.576	332.24008,221.34843,2513.8853	289.9186,214.0787,2517.7793	268.87827,259.08817,2507.8364	262.13657,359.72415,2440.6643	308.07352,259.98578,2491.5562	254.24292,442.08112,2537.0798	320.78186,358.3352,2451.6653	268.87827,259.08817,2507.8364	329.11853,442.06714,2526.0493	312.0307,214.71692,2310.9053	262.56342,208.01505,2264.1292	
295.29822,116.29918,2530.016	291.29807,169.32738,2535.7888	262.2599,169.13556,2547.089	239.52621,218.0667,2513.448	291.29807,169.32738,2535.7888	320.5962,169.52094,2524.4885	332.85266,221.62845,2520.195	289.94385,214.12773,2517.684	269.00342,259.17783,2507.0774	262.21893,359.7771,2439.8237	308.2544,259.97867,2492.0813	254.37726,442.14392,2536.4658	320.8775,358.2796,2450.6165	269.00342,259.17783,2507.0774	329.12296,442.14032,2526.2202	313.86295,215.35567,2304.7458	263.83078,208.66943,2257.9202	
295.2262,115.72498,2525.514	291.2711,169.39561,2535.5984	262.16498,169.14995,2545.1135	236.39189,216.01662,2527.007	291.2711,169.39561,2535.5984	320.59647,169.64313,2526.0833	336.35345,222.3667,2547.232	289.99326,214.12811,2518.2927	269.06946,259.08676,2507.3105	262.3707,359.48438,2437.5618	308.42548,259.87457,2494.6636	254.4403,441.86188,2535.5728	321.02325,358.2304,2449.4194	269.06946,259.08676,2507.3105	329.1301,442.34125,2524.4336	317.97556,218.9761,2311.8816	263.84015,211.65692,2251.2136	
295.2747,115.95892,2522.5073	291.51965,172.86804,2532.9463	261.1347,172.129,2536.0298	235.68729,217.98502,2533.7961	291.51965,172.86804,2532.9463	321.9787,173.60886,2529.8628	338.25232,223.87978,2558.3857	290.08823,216.04996,2517.54	268.96548,259.21667,2504.1055	261.85532,362.98566,2402.729	308.34387,260.3115,2500.162	254.13336,441.7192,2528.0413	321.1858,358.2985,2453.484	268.96548,259.21667,2504.1055	329.10837,442.27795,2526.8953	327.31024,223.72382,2295.3938	261.23407,221.0009,2265.6318	
296.84918,120.24826,2514.1143	291.52344,175.03207,2527.7424	260.4396,173.84329,2525.5498	235.32677,221.72958,2508.2737	291.52344,175.03207,2527.7424	322.5534,176.21878,2529.935	338.9018,225.09882,2567.793	289.86926,218.10464,2517.9646	268.8466,260.8196,2506.8315	262.47858,363.84766,2397.9219	307.53693,262.2057,2509.542	253.97897,442.8794,2525.6765	321.8475,357.32764,2449.362	268.8466,260.8196,2506.8315	329.32748,440.82977,2521.8298	331.54807,222.98251,2287.9521	266.65884,228.30556,2243.221	
298.92474,124.931,2502.8594	290.19318,180.8501,2519.528	258.0516,180.62393,2517.7268	236.14987,229.09918,2501.2476	290.19318,180.8501,2519.528	322.28882,181.07596,2521.3293	338.80844,232.7655,2548.0142	289.94458,224.70224,2519.7969	270.0843,268.44528,2518.966	264.12936,366.475,2371.5623	309.29068,268.64465,2521.1653	253.49854,445.648,2512.0444	326.13367,358.42474,2452.9817	270.0843,268.44528,2518.966	329.66687,438.44098,2531.4211	338.96637,231.57658,2284.9346	270.44394,233.84416,2250.677	
299.83286,128.06972,2490.1086	289.96027,184.6298,2521.3018	258.1679,184.17844,2510.8967	236.99353,233.05392,2485.059	289.96027,184.6298,2521.3018	321.49127,185.07748,2531.7068	337.76163,234.93417,2546.5005	289.6159,228.29343,2528.784	271.07724,271.64758,2530.2654	266.56003,368.3684,2361.7344	307.38403,271.751,2542.2668	254.46207,443.57648,2483.3472	328.23508,360.58307,2444.5625	271.07724,271.64758,2530.2654	329.4664,439.54398,2525.4805	347.28058,234.79353,2271.5261	274.0648,241.59563,2241.748	
299.85297,131.35751,2478.0635	288.32837,190.04744,2511.605	255.98953,189.93501,2483.9963	241.43549,247.90198,2378.127	288.32837,190.04744,2511.605	319.96393,190.15741,2539.2136	338.46155,239.11694,2545.8564	288.4806,233.46529,2525.0586	271.36218,276.8756,2523.533	267.36447,370.45206,2354.9744	305.6977,275.9756,2553.4915	254.40623,441.93738,2488.2856	331.19452,363.06653,2433.6133	271.36218,276.8756,2523.533	329.81262,442.1687,2515.2942	322.2164,240.10895,2196.7097	284.76196,242.67232,2225.0977	
299.79037,135.99423,2473.3677	288.5662,193.02034,2505.3516	256.906,193.11494,2468.71	241.50653,248.01163,2377.8616	288.5662,193.02034,2505.3516	319.31366,192.92847,2541.9932	342.1893,243.45068,2522.337	288.76,236.62029,2523.4187	271.95288,280.34122,2521.39	267.44305,373.47668,2352.971	305.68253,278.8711,2561.5818	254.02655,443.70163,2490.018	333.12433,363.67346,2424.2878	271.95288,280.34122,2521.39	330.27155,442.09985,2509.8276	309.94467,244.94879,2196.7815	290.59427,246.00215,2219.5874	
299.92743,139.05072,2468.9036	290.39572,195.73706,2500.6506	259.1535,195.6265,2454.4568	242.87036,249.14203,2373.11	290.39572,195.73706,2500.6506	320.50464,195.84361,2546.8445	343.9371,242.33986,2518.9678	289.85916,239.19145,2523.1646	271.95453,282.71692,2519.3223	266.90118,378.43872,2359.2798	306.3535,281.05472,2572.0347	253.04358,449.44904,2495.4922	334.12695,364.3074,2421.247	271.95453,282.71692,2519.3223	331.20477,443.0603,2504.084	333.6937,236.43529,2172.654	296.69016,245.61058,2207.4634	
300.02594,142.38141,2467.5483	292.59885,200.5624,2496.0442	262.55966,199.51727,2439.935	252.25208,247.7048,2351.263	292.59885,200.5624,2496.0442	321.3172,201.56157,2552.1533	348.25772,250.16982,2512.3367	290.13525,243.73445,2520.6404	270.5183,286.5977,2512.2778	267.52,381.4417,2359.9421	304.4805,285.55997,2578.1953	253.35464,448.90433,2496.185	336.35846,365.87192,2417.864	270.5183,286.5977,2512.2778	331.35614,447.28983,2509.966	339.59396,233.21156,2160.6072	305.51312,239.23051,2194.276	
301.28845,145.14322,2462.3462	294.05402,202.70007,2492.3645	264.90628,201.03761,2428.4175	256.68436,248.85388,2313.1743	294.05402,202.70007,2492.3645	321.7435,204.27934,2556.3115	349.5754,251.00446,2513.1377	290.3512,246.22972,2516.301	270.344,289.2786,2503.4482	268.15417,380.92706,2356.922	302.62482,288.60916,2577.0269	253.95,447.76,2495.6707	337.6301,368.1218,2417.4436	270.344,289.2786,2503.4482	331.82013,449.52908,2514.9465	340.81433,224.24617,2181.2192	316.55548,228.99777,2178.5388	
302.24664,146.65756,2457.9153	295.14923,203.59952,2488.2896	267.43677,202.2118,2414.2166	263.02673,248.0764,2282.012	295.14923,203.59952,2488.2896	321.25946,204.90698,2562.3625	348.64514,250.16403,2519.8967	291.6239,246.63696,2510.3296	272.311,289.62347,2489.0293	270.73633,378.07156,2344.1738	303.4755,288.25058,2575.71	255.01355,442.89246,2471.5283	337.30057,370.2344,2421.8672	272.311,289.62347,2489.0293	331.8877,450.26642,2515.311	361.4793,220.86337,2322.7544	324.60138,219.9967,2174.4033	
302.7592,147.36115,2455.0024	295.46658,203.37286,2496.6052	268.629,201.4156,2411.9172	266.4107,247.10005,2269.6934	295.46658,203.37286,2496.6052	320.54318,205.20169,2581.2932	350.36667,246.6194,2537.7559	292.21274,244.97546,2509.541	274.85715,286.64716,2477.0527	270.2269,374.4023,2338.0413	302.6273,285.67313,2567.901	253.42363,439.45508,2477.8599	338.62888,374.37866,2425.3289	274.85715,286.64716,2477.0527	332.85214,453.30646,2518.737	379.83798,203.29893,2338.927	333.9424,208.12273,2160.1948	
303.17465,147.4836,2453.8352	296.1574,202.42914,2496.4304	269.85168,200.47833,2407.3127	268.17474,245.03795,2264.338	296.1574,202.42914,2496.4304	320.64975,204.24545,2585.548	353.11993,242.51997,2547.8174	293.1839,244.23608,2507.6665	276.14145,286.27094,2470.306	269.20914,373.42786,2336.5603	303.79874,285.09192,2567.4993	252.9223,438.61353,2482.292	338.80692,374.90427,2428.1157	276.14145,286.27094,2470.306	333.25287,453.32135,2520.7837	380.21945,194.79672,2354.7432	334.84592,200.10107,2166.3604	
303.7162,147.33162,2454.7634	297.16165,201.34412,2499.0608	271.00784,199.16328,2413.0881	270.84158,241.56825,2260.021	297.16165,201.34412,2499.0608	321.57584,203.37987,2585.0334	365.4864,230.75897,2537.099	294.54855,243.42067,2506.31	277.62692,285.69434,2465.786	269.5763,373.46106,2334.646	305.73975,284.83118,2561.3328	253.47687,439.3651,2481.9758	338.09525,374.5936,2432.333	277.62692,285.69434,2465.786	332.73016,452.7248,2523.2947	382.14853,182.37727,2354.0002	336.5678,190.27672,2158.3452	
304.2708,147.04132,2455.2341	298.9234,198.95204,2498.9653	273.6532,196.42365,2415.3887	290.1069,226.4145,2226.787	298.9234,198.95204,2498.9653	322.558,201.31679,2582.542	366.01517,228.55087,2523.363	295.65393,241.21957,2506.6394	279.04184,283.4323,2469.5283	270.46024,375.26324,2337.5227	305.29926,283.033,2559.0986	254.06674,441.32938,2490.3022	337.5537,372.20557,2430.2004	279.04184,283.4323,2469.5283	332.906,450.4944,2525.552	381.8906,173.27635,2356.0747	349.95764,171.89204,2161.366	
305.43173,146.7613,2454.8208	299.3664,199.0573,2494.0476	273.80228,196.60432,2415.3584	291.5541,227.78104,2225.0283	299.3664,199.0573,2494.0476	323.3667,201.36021,2572.7368	369.58118,222.25598,2508.1196	296.05734,241.05786,2502.6887	278.70215,282.9191,2467.4585	271.67865,378.30786,2339.6333	306.35693,282.62488,2555.2012	255.41422,444.31854,2485.8584	336.42502,368.75006,2433.2698	278.70215,282.9191,2467.4585	332.30795,446.0853,2525.0994	374.296,186.86504,2292.1497	343.89496,171.49844,2167.2908	
306.4567,146.41013,2454.7368	300.7331,197.44153,2489.459	275.63763,194.54297,2407.8506	292.04358,228.42435,2224.9138	300.7331,197.44153,2489.459	324.23544,200.15608,2571.0674	371.73853,218.38255,2496.8706	296.7978,239.94142,2497.462	278.49997,282.15457,2458.2	272.89636,379.20013,2338.0469	306.74246,282.1845,2552.7297	255.31001,446.0904,2482.7388	335.53052,367.4996,2443.2883	278.49997,282.15457,2458.2	331.15692,445.40433,2527.5183	382.92358,153.49051,2367.8438	342.27167,167.502,2171.41	
307.00522,146.29926,2455.268	302.34473,195.84119,2483.0942	278.1418,192.37918,2396.1484	293.87317,227.45534,2215.5159	302.34473,195.84119,2483.0942	324.91006,199.06894,2570.04	373.0489,216.18996,2493.2832	297.61362,239.05432,2489.8113	277.9652,281.83133,2442.572	272.94672,378.40158,2345.7249	307.2184,282.2299,2550.4846	255.24057,446.58203,2482.1294	335.53775,367.49582,2445.949	277.9652,281.83133,2442.572	330.6123,444.6198,2528.4346	382.29236,148.79579,2365.1416	342.81418,162.42398,2171.471	
306.89478,146.17007,2456.6294	302.41428,195.64062,2482.7444	278.68765,191.94522,2393.0037	297.3465,223.11937,2199.9282	302.41428,195.64062,2482.7444	324.4855,199.0782,2572.485	373.77573,213.48154,2492.1538	297.2328,238.71098,2489.4187	277.46106,281.2639,2440.61	272.55362,378.4474,2344.345	306.06128,281.82565,2551.576	255.24391,446.16443,2484.5107	335.08514,367.64676,2448.7925	277.46106,281.2639,2440.61	330.33737,445.21606,2526.4941	375.45633,170.35617,2257.096	342.4515,159.54971,2168.3115	
307.51712,146.21777,2456.2878	302.82733,194.7348,2480.273	279.5175,191.12823,2389.6152	300.53558,218.91498,2203.1082	302.82733,194.7348,2480.273	324.4933,198.087,2570.9307	374.5731,211.77242,2487.9058	297.5395,238.41814,2487.936	278.09564,281.65237,2440.1992	273.49725,379.15332,2343.2524	305.85635,282.00623,2550.999	255.38977,445.14203,2515.174	334.68777,367.4019,2448.454	278.09564,281.65237,2440.1992	330.08096,444.9054,2526.817	356.25827,148.81134,2169.4268	341.96213,156.44574,2162.9368	
307.81772,146.48499,2455.8953	302.48352,195.6045,2481.346	279.27228,192.08762,2392.9316	302.58896,216.93929,2203.3137	302.48352,195.6045,2481.346	324.09756,198.8794,2569.7603	374.98447,209.96355,2483.5105	297.40823,239.05238,2488.3184	278.14,282.06738,2440.9104	276.52222,381.98926,2348.7073	305.97592,282.43942,2549.6711	253.13205,448.9469,2517.5417	335.14062,367.903,2448.0464	278.14,282.06738,2440.9104	329.99515,445.92398,2528.393	375.95343,168.67334,2250.5874	343.942,153.0062,2160.0496	
309.5221,148.47142,2450.478	302.17953,196.31267,2483.3	279.0659,192.8287,2396.637	304.2919,215.96164,2199.8223	302.17953,196.31267,2483.3	323.73434,199.56168,2569.9631	374.9385,208.9958,2481.4692	297.1414,239.84367,2489.8594	278.05035,282.93958,2443.4316	274.85773,380.78784,2347.4773	305.62375,283.34366,2549.4058	254.79584,457.12747,2507.9695	335.6279,368.92258,2448.6113	278.05035,282.93958,2443.4316	330.4253,446.4369,2527.9358	365.13983,130.79085,2201.3513	345.01285,152.3565,2158.2224	
310.43845,148.4726,2450.9832	302.20435,196.61502,2482.679	279.26724,193.11807,2395.3606	305.4169,215.13934,2195.033	302.20435,196.61502,2482.679	323.58286,199.87434,2569.9973	374.84778,209.56003,2480.2031	296.68195,240.37486,2491.1064	277.1758,283.649,2445.9675	276.0505,381.3592,2345.774	304.62943,284.02228,2553.1003	250.02133,455.11047,2483.9497	335.70856,370.5167,2449.761	277.1758,283.649,2445.9675	330.58954,447.73187,2529.796	361.72998,137.97449,2197.626	345.7904,151.387,2160.4363	
311.80075,149.9363,2448.22	301.46124,200.23401,2489.108	278.45032,197.62709,2401.9478	305.42496,213.17993,2188.5493	301.46124,200.23401,2489.108	322.91516,202.66455,2576.268	374.32144,213.37672,2487.0703	295.98956,243.05887,2504.7764	275.31836,285.66553,2462.1646	276.50888,381.93573,2344.6636	305.1634,285.05124,2578.725	250.89938,451.35864,2494.0168	336.35794,371.07578,2446.135	275.31836,285.66553,2462.1646	331.17657,448.35324,2528.1084	375.03262,171.76128,2253.3582	346.61963,149.79605,2154.588	
312.9638,152.18382,2447.8743	302.0844,201.01578,2487.262	279.28162,198.03232,2400.5989	305.861,212.65643,2188.6208	302.0844,201.01578,2487.262	323.35168,203.79834,2573.925	374.8263,214.97078,2486.225	295.77167,243.79305,2503.0142	274.6908,286.09,2462.0227	277.31964,382.38818,2338.526	303.7307,285.98288,2575.51	251.4968,449.64642,2495.4578	336.7459,372.57382,2442.9202	274.6908,286.09,2462.0227	331.06833,448.8863,2528.3855	362.31216,146.89725,2190.7244	348.07904,148.72192,2157.2842	
312.86145,155.04637,2452.3474	301.9276,203.9891,2480.3857	278.0794,201.21478,2390.2383	305.6315,211.57442,2189.1506	301.9276,203.9891,2480.3857	324.10312,206.56885,2570.5332	375.88034,219.66287,2482.9692	295.33606,245.703,2499.8335	274.13342,286.9831,2463.1316	277.6066,382.66125,2331.1162	302.91754,286.57178,2575.431	248.19284,449.2359,2506.6028	336.1965,373.0999,2442.283	274.13342,286.9831,2463.1316	330.74933,448.33618,2530.8674	377.3744,174.24738,2248.0422	348.2411,147.60751,2158.702	
312.8941,156.90192,2453.6282	302.22137,204.1565,2481.0864	278.29474,201.1742,2395.6309	305.5976,214.57556,2192.1885	302.22137,204.1565,2481.0864	324.55466,206.94022,2566.542	376.3229,224.09636,2470.4595	295.8414,246.7552,2497.815	274.6129,288.8095,2460.7737	277.40033,384.04175,2327.8677	303.85443,288.76566,2568.3132	249.28607,451.2655,2497.3704	336.17148,373.42792,2431.7258	274.6129,288.8095,2460.7737	330.91782,447.84802,2531.6475	366.9414,154.88234,2197.0852	350.42218,148.19797,2160.9844	
312.6051,159.2366,2455.4514	302.16205,206.16403,2482.9155	278.10278,203.23782,2400.2478	304.77805,221.19608,2194.6077	302.16205,206.16403,2482.9155	324.67084,208.90167,2565.5833	376.4845,227.82256,2461.3047	296.15552,248.68195,2497.9727	275.208,290.68115,2461.0278	277.08698,385.362,2324.0903	304.6252,290.6992,2565.0317	248.72232,452.12192,2486.7952	336.02145,375.19403,2425.4058	275.208,290.68115,2461.0278	330.90646,448.732,2535.1157	386.4957,170.5126,2350.8071	352.22296,151.42215,2171.1814	
311.99878,160.76346,2456.795	302.3844,207.40723,2484.0876	277.57584,204.46721,2404.3835	300.68167,230.15964,2213.156	302.3844,207.40723,2484.0876	325.65048,210.16444,2563.7917	376.78806,229.33711,2456.784	296.74625,250.14122,2497.6687	275.77966,292.33835,2461.3823	276.81604,386.5509,2319.8037	305.95917,292.4847,2561.1172	254.92337,446.8562,2542.9578	336.34225,375.03052,2425.8599	275.77966,292.33835,2461.3823	330.48737,448.29822,2536.309	389.43634,170.29852,2346.237	342.2959,167.92401,2163.395	
311.5806,161.29126,2455.29	302.17502,207.18317,2484.3882	276.8285,204.77745,2407.0417	300.2169,230.97273,2211.0688	302.17502,207.18317,2484.3882	325.99094,209.44362,2561.7346	377.13065,230.51059,2457.173	297.73087,250.84361,2496.9373	277.90247,294.29987,2461.8662	276.52304,387.29483,2318.1394	308.1852,293.8436,2557.1064	251.67593,448.94556,2517.5254	337.1199,375.0196,2426.097	277.90247,294.29987,2461.8662	330.49805,447.57706,2537.5088	381.33063,178.65399,2257.4214	343.36816,166.86044,2164.0007	
311.4474,160.0762,2452.6885	302.1436,207.23004,2484.3765	276.7613,204.95169,2407.0615	301.86795,227.42815,2205.223	302.1436,207.23004,2484.3765	325.9937,209.37086,2561.6914	376.8763,229.9841,2457.5813	298.10052,250.94655,2495.8447	279.13727,294.56482,2461.198	276.24857,387.19986,2318.8398	308.5114,293.97235,2553.428	250.1564,449.77777,2502.7026	337.80615,375.5568,2423.8806	279.13727,294.56482,2461.198	330.6021,448.12024,2534.4287	369.78964,159.71852,2171.3823	344.3027,164.26172,2164.9207	
311.32803,159.48889,2451.8855	303.4058,205.98973,2491.5354	279.61496,203.29063,2421.1672	302.02182,229.36005,2226.329	303.4058,205.98973,2491.5354	325.8897,208.54056,2561.9036	375.8965,227.21832,2457.607	298.92218,249.93616,2499.5115	279.88876,293.51044,2464.078	276.1847,386.04025,2322.8987	308.5492,293.69244,2550.8972	248.98657,447.8576,2495.5015	338.11142,375.87787,2421.01	279.88876,293.51044,2464.078	331.03323,448.72723,2530.6372	387.2486,163.27121,2335.9895	345.5799,164.9135,2157.7205	
311.11523,158.76964,2451.5964	302.92224,205.9615,2488.4387	278.8205,203.43307,2411.652	304.0349,225.9381,2215.0078	302.92224,205.9615,2488.4387	325.5811,208.33856,2565.2253	374.93277,226.23267,2455.8394	298.87708,249.46448,2496.4548	280.66797,292.82468,2458.8638	276.55582,386.60422,2325.5034	308.54007,292.5581,2550.0781	251.95215,448.4939,2519.348	337.8111,374.94647,2422.2395	280.66797,292.82468,2458.8638	330.92218,449.1114,2529.0627	386.27542,158.90695,2353.7717	346.11765,160.53809,2157.5503	
310.89755,158.20941,2450.052	301.90506,203.93843,2489.669	277.81232,201.19284,2409.3481	303.76724,220.12239,2204.8953	301.90506,203.93843,2489.669	324.49182,206.5124,2569.9897	374.43896,223.64482,2456.3115	298.03952,247.48033,2495.2378	279.21332,290.92123,2450.5554	278.7423,386.11847,2328.1042	308.579,290.73904,2551.0579	256.62912,452.92737,2517.344	335.65204,372.7149,2424.7021	279.21332,290.92123,2450.5554	331.2701,447.9322,2528.8496	366.06055,150.47914,2183.8525	345.75055,154.11446,2156.3867	
310.44028,155.07452,2447.1365	301.25974,200.90782,2486.1716	277.6127,198.49588,2403.12	303.43625,221.70566,2204.6414	301.25974,200.90782,2486.1716	323.37796,203.16385,2569.2231	374.16754,219.8784,2459.2441	297.50848,245.03252,2495.1343	278.43,289.24408,2449.7197	279.18124,384.79672,2335.6565	308.4855,288.45575,2558.474	255.16635,451.8971,2511.9983	334.242,369.92725,2434.8728	278.43,289.24408,2449.7197	331.4055,447.6034,2526.867	382.53802,151.03523,2364.9758	346.2707,150.83939,2162.7217	
310.62906,153.98267,2448.1865	302.29553,199.68517,2480.1946	279.17657,197.28012,2396.3545	303.42224,225.2089,2203.173	302.29553,199.68517,2480.1946	323.9026,201.93294,2564.0347	374.63138,214.28471,2458.6953	297.73297,243.60197,2493.3691	278.35248,287.47055,2452.126	276.57025,384.10565,2350.43	307.4525,286.6613,2560.9614	253.79669,452.85394,2506.9246	334.15363,369.06927,2434.8518	278.35248,287.47055,2452.126	331.59824,446.67902,2525.443	382.4163,144.28116,2374.6453	355.16302,171.47388,2145.1492	
311.67725,150.51154,2448.927	303.54117,197.86392,2473.381	279.8724,195.30096,2393.4294	303.4038,224.22943,2201.7224	303.54117,197.86392,2473.381	325.72766,200.26636,2553.3328	375.28842,212.2025,2460.1514	298.1863,242.3051,2490.328	278.04062,286.38437,2456.5066	274.3665,383.06665,2330.7568	307.17706,285.91614,2558.0427	251.0238,447.55118,2504.1418	334.40137,369.30225,2438.873	278.04062,286.38437,2456.5066	331.51758,445.87106,2523.9722	381.36807,142.37387,2379.3906	346.90857,145.69998,2167.9548	
312.4697,148.3041,2448.3062	303.88547,195.64102,2476.7039	281.05853,192.7724,2398.9128	302.69647,222.16591,2201.1255	303.88547,195.64102,2476.7039	325.32214,198.33493,2554.4949	377.2223,208.57889,2468.0596	298.0824,240.58159,2492.4277	277.98398,284.9759,2458.7742	275.0133,383.7818,2332.8948	306.16544,284.94217,2557.529	251.10849,448.80127,2503.5496	334.51468,370.5536,2441.5037	277.98398,284.9759,2458.7742	331.5052,446.66135,2525.313	380.25684,137.02673,2382.4526	347.16187,144.59926,2172.239	
312.50153,147.00357,2447.164	304.01346,193.66095,2477.4841	280.56393,190.61278,2395.5903	303.68063,215.91815,2195.8674	304.01346,193.66095,2477.4841	325.96228,196.51405,2559.378	377.5678,209.58493,2469.448	298.08566,239.1845,2493.2927	278.2744,284.16055,2459.8914	274.3391,381.57953,2339.2336	305.65372,284.10925,2558.3113	251.34761,449.19916,2501.6494	334.2674,371.34485,2445.5894	278.2744,284.16055,2459.8914	331.4074,447.1809,2528.203	379.55643,139.4851,2385.0476	346.87918,141.65576,2171.209	
312.47568,146.4591,2446.1152	303.40964,194.30739,2477.6868	279.99454,191.27924,2395.0388	304.75824,211.25792,2187.5623	303.40964,194.30739,2477.6868	325.31305,197.14005,2560.3347	376.7035,210.26472,2468.8018	297.7701,239.12837,2492.1387	278.97736,283.45883,2459.4585	273.44946,379.23627,2342.8752	304.92593,283.4072,2553.7227	251.65599,448.14032,2503.5762	334.2243,372.80814,2446.856	278.97736,283.45883,2459.4585	331.56137,448.8642,2529.0618	379.47235,142.03056,2395.6377	346.12906,143.75133,2170.2148	
312.95566,146.5404,2446.9365	303.291,194.36728,2477.846	281.0553,191.30779,2391.3325	304.95908,212.79169,2187.552	303.291,194.36728,2477.846	324.02637,197.22034,2564.3594	375.82108,209.40396,2473.065	296.93622,238.71704,2494.0115	278.23273,282.56613,2461.398	272.4077,378.20288,2350.5925	302.61996,282.4277,2558.956	251.78104,449.11298,2514.1284	334.7075,373.0748,2443.1826	278.23273,282.56613,2461.398	331.66177,449.60754,2522.4995	378.8493,144.62047,2404.2585	351.1113,141.11575,2169.034	
313.4416,146.87704,2448.262	303.67767,195.02528,2478.174	281.35828,191.81113,2391.4094	305.9184,210.70265,2184.7969	303.67767,195.02528,2478.174	324.4871,198.02197,2564.9387	375.89084,209.94612,2474.6316	297.025,238.95526,2494.302	277.65958,282.29446,2460.3213	272.65088,380.24786,2364.118	302.75507,282.3461,2560.5386	250.92773,448.86734,2510.8743	334.7764,373.28317,2442.1658	277.65958,282.29446,2460.3213	331.78497,449.98135,2522.9001	374.4177,150.28345,2333.5134	352.39072,138.82986,2164.9373	
313.38882,148.25119,2449.2505	303.6633,195.76279,2479.0369	281.43195,192.53563,2392.134	307.98303,209.78667,2188.8691	303.6633,195.76279,2479.0369	324.3888,198.77135,2565.9397	375.8319,210.90105,2472.7673	297.16653,239.51195,2493.996	277.9819,282.70148,2458.7263	272.63684,379.5625,2360.764	303.0115,282.77582,2559.1843	251.96085,450.18945,2519.8992	334.6492,373.3127,2443.0735	277.9819,282.70148,2458.7263	331.69278,450.72913,2527.4526	373.22192,148.79594,2341.069	356.16846,138.19803,2178.4316	
314.12668,150.70187,2449.9678	303.72467,196.45583,2480.2646	281.6655,193.45,2391.5552	308.5838,209.81815,2186.4077	303.72467,196.45583,2480.2646	324.2604,199.25406,2568.974	375.53967,211.45071,2472.232	297.66675,240.1626,2494.7847	278.95624,283.4867,2457.7688	273.11646,379.59003,2355.4734	303.88947,283.24536,2560.8406	248.87889,447.54727,2551.5615	335.0193,373.97137,2440.574	278.95624,283.4867,2457.7688	332.11417,451.11078,2527.2922	372.352,149.43442,2339.0012	357.56677,140.5469,2181.4353	
313.9187,153.06552,2447.8215	303.78076,196.9629,2481.0996	280.65857,195.22743,2396.4343	309.84595,213.78664,2186.4404	303.78076,196.9629,2481.0996	325.37695,198.58385,2565.765	376.53574,213.17412,2464.5576	298.63077,241.57776,2504.632	280.12115,286.15717,2478.0005	273.88535,380.12378,2347.5437	306.50854,284.5979,2578.3286	250.69199,448.22165,2530.084	334.91956,374.0716,2442.627	280.12115,286.15717,2478.0005	331.7561,450.70468,2533.0679	380.6389,155.16034,2380.9597	356.8703,147.26146,2179.8533	
313.85623,153.80927,2448.5112	303.74808,198.66281,2484.5042	280.3904,196.46967,2399.6497	310.18283,217.88255,2189.7683	303.74808,198.66281,2484.5042	325.56293,200.71109,2569.3586	376.26395,218.11649,2462.717	298.81076,243.29004,2502.147	280.30972,287.83347,2469.5664	274.99744,384.074,2348.4836	307.0426,286.77234,2570.0132	250.39117,449.84332,2510.4392	334.79642,371.51294,2437.805	280.30972,287.83347,2469.5664	331.5489,448.1589,2530.3145	374.19833,162.77202,2285.2063	356.52808,151.53067,2172.4019	
313.8472,155.91748,2447.9937	302.76178,202.59912,2487.1028	279.75842,200.88951,2404.7322	309.64737,222.29102,2196.4119	302.76178,202.59912,2487.1028	324.29028,204.19911,2569.4734	375.33356,221.32883,2453.9204	298.51663,246.32585,2504.572	280.72375,290.1859,2472.5657	276.07462,385.81818,2340.991	307.41324,288.73615,2571.5168	251.06091,451.04343,2511.596	335.95346,373.4745,2426.5068	280.72375,290.1859,2472.5657	331.23218,447.6596,2532.4595	381.55554,161.41713,2327.1865	357.85645,153.83582,2185.5735	
314.0783,156.80939,2449.8938	302.03003,204.77252,2486.3809	278.35355,203.71698,2408.6143	307.9384,224.67299,2204.0078	302.03003,204.77252,2486.3809	324.27042,205.76402,2564.1475	375.95334,223.11487,2446.4314	299.59012,248.49295,2500.9429	282.2864,292.80148,2465.7598	277.03217,387.50726,2332.1462	311.49295,290.65533,2565.25	249.14536,456.4994,2525.708	338.4172,374.35345,2425.4907	282.2864,292.80148,2465.7598	330.6857,447.34012,2538.8076	383.88647,160.73517,2326.3174	351.12482,169.76276,2174.1343	
314.30746,158.3309,2452.9102	301.7134,205.87518,2483.388	279.31378,205.10515,2398.2673	308.33844,226.59604,2199.922	301.7134,205.87518,2483.388	322.62836,206.59418,2568.5085	374.71295,224.28958,2451.84	299.9307,249.82555,2496.14	284.96375,294.69705,2457.7644	278.12488,386.63037,2333.2546	310.8412,292.01584,2560.0193	249.55475,452.7211,2521.5535	340.78104,376.5412,2416.8096	284.96375,294.69705,2457.7644	331.46884,449.701,2532.0933	383.06433,178.0108,2240.6367	357.88794,158.0993,2190.3223	
314.137,158.96481,2452.0227	301.68857,206.14467,2480.6575	278.8835,205.48244,2397.1921	306.72784,228.68634,2200.5957	301.68857,206.14467,2480.6575	323.00894,206.76378,2564.1228	375.29602,225.04948,2449.2957	299.7001,249.83604,2495.5667	284.2527,294.39664,2460.1384	278.26004,386.26007,2332.105	310.6878,291.67487,2560.8132	249.98672,451.02502,2511.8152	341.07867,377.11688,2419.4844	284.2527,294.39664,2460.1384	330.95743,450.3434,2536.6782	383.16815,166.7185,2350.4402	356.26407,160.7017,2185.2195	
313.83038,158.20413,2451.917	301.98798,205.84741,2479.225	278.78476,205.1761,2396.8545	306.34735,228.66362,2200.032	301.98798,205.84741,2479.225	323.69897,206.47554,2561.5957	374.89258,226.25508,2448.56	300.4026,249.92543,2492.3494	284.37744,294.99426,2453.1921	278.51913,385.80093,2327.8198	312.6991,292.14844,2557.7551	250.17656,449.16452,2506.0132	341.12204,378.67786,2422.294	284.37744,294.99426,2453.1921	331.1427,451.79962,2539.2017	381.02258,164.30728,2335.618	356.56995,158.19504,2182.3103	
313.32928,158.08517,2451.5667	302.17938,205.18387,2479.157	278.34177,204.30057,2399.501	306.2367,227.66533,2200.4473	302.17938,205.18387,2479.157	324.5329,206.01219,2558.813	374.73804,226.53625,2446.1724	300.45367,249.47662,2491.4202	283.95554,294.597,2453.3938	278.84558,386.27258,2322.4624	312.95172,292.12366,2553.973	250.92604,449.84363,2500.6428	340.86417,378.59888,2426.5935	283.95554,294.597,2453.3938	330.9279,451.63852,2541.6113	381.06107,162.10689,2321.9978	354.89587,156.6229,2179.6348	
312.9298,157.97392,2452.0056	302.5516,203.69894,2494.3389	280.07257,201.65108,2412.5762	305.46625,229.0944,2206.1208	302.5516,203.69894,2494.3389	323.60373,205.61682,2576.1016	375.02295,224.24806,2444.8013	300.02402,248.31387,2498.6887	282.83405,293.4026,2449.2727	279.44196,385.6292,2317.8198	311.55936,292.1713,2556.8044	254.44553,445.02325,2513.075	339.62015,377.90552,2429.5344	282.83405,293.4026,2449.2727	330.80353,452.18304,2542.9558	369.12146,148.51819,2197.0403	348.6228,161.25449,2177.1475	
312.58728,157.85782,2451.326	302.24338,202.06866,2497.2373	280.1831,200.03162,2414.3154	300.23004,224.1074,2209.4834	302.24338,202.06866,2497.2373	322.8857,203.97476,2580.1592	373.6084,220.58386,2446.3882	299.93393,247.07417,2500.9944	282.86926,292.64218,2448.8696	279.4762,385.92767,2315.1187	311.74924,291.27762,2560.6333	258.39368,447.92383,2511.33	337.66556,374.074,2433.4058	282.86926,292.64218,2448.8696	332.3167,452.35284,2531.7327	367.45374,146.54942,2189.7395	345.74118,162.20215,2178.1226	
311.27142,156.57767,2450.4282	302.12726,202.35307,2488.441	279.58633,200.41144,2407.5981	299.5332,220.245,2201.5671	302.12726,202.35307,2488.441	323.24966,204.17252,2569.2837	373.3806,217.1205,2448.6086	299.64304,245.79657,2494.2769	281.84262,289.6914,2444.7017	278.3427,383.9393,2318.0205	311.83353,288.4115,2555.524	257.44183,444.93866,2519.5125	335.31497,373.77765,2439.3005	281.84262,289.6914,2444.7017	331.9753,453.86224,2535.4626	369.18396,143.0805,2208.8064	346.852,154.48595,2180.115	
310.96085,155.49251,2450.467	302.13623,201.835,2485.1428	279.32797,199.78346,2407.994	300.46838,218.46468,2199.0254	302.13623,201.835,2485.1428	323.571,203.76302,2562.2917	376.35098,213.93796,2452.7559	299.66864,244.44044,2489.92	281.3637,287.34726,2440.7395	275.62408,383.26324,2328.7134	312.38638,286.4378,2548.6545	257.6788,448.82462,2536.3015	336.11337,373.87524,2438.6414	281.3637,287.34726,2440.7395	332.06924,453.48914,2535.8306	368.49277,132.1605,2172.4438	348.4947,149.7309,2181.9172	
310.83408,154.48586,2451.1724	302.2422,201.50124,2483.5051	279.3401,200.05064,2407.3687	303.44934,216.92775,2202.4265	302.2422,201.50124,2483.5051	323.78183,202.86552,2559.6416	376.89227,206.72102,2459.772	299.8507,242.6576,2494.3523	282.58054,284.19525,2455.017	276.56018,378.40985,2354.529	311.79413,282.7488,2555.3818	257.07816,450.82812,2531.75	336.1263,368.79672,2439.6152	282.58054,284.19525,2455.017	331.55853,447.3825,2533.5806	380.86282,146.19476,2348.142	342.65717,154.20778,2186.333	
310.76566,151.61295,2454.2473	302.24252,200.81378,2482.5269	278.98526,199.66296,2406.9075	303.85413,216.25171,2199.9126	302.24252,200.81378,2482.5269	324.12485,201.89655,2558.1462	377.97797,205.39006,2463.1475	300.03238,241.92015,2495.8499	283.20532,283.4776,2460.7925	275.26797,378.51782,2366.0789	311.93213,281.73596,2557.5532	254.11055,451.89655,2510.6946	335.69666,365.76175,2442.7358	283.20532,283.4776,2460.7925	331.67648,444.0603,2530.3457	379.4082,142.0425,2352.5347	349.79553,145.04375,2192.6677	
310.60773,148.28809,2458.725	302.76343,197.82889,2488.453	280.465,196.00098,2416.6375	302.55182,219.28981,2218.572	302.76343,197.82889,2488.453	323.81094,199.55426,2560.2683	377.13004,204.42894,2464.2197	299.99942,240.23102,2497.9253	282.20444,282.77026,2458.4417	273.3051,378.79376,2370.808	311.73166,281.87283,2556.3538	252.06322,450.76013,2504.6973	335.72003,366.69287,2440.8584	282.20444,282.77026,2458.4417	332.3544,445.12085,2523.8596	374.75116,140.32304,2331.2737	350.66647,146.47371,2190.2188	
310.9869,147.95152,2458.146	301.95142,197.8138,2487.48	278.8921,196.1476,2412.898	303.33237,217.46674,2214.419	301.95142,197.8138,2487.48	323.6682,199.383,2562.062	377.311,204.56198,2461.5186	299.3787,239.96341,2498.3154	281.89117,282.34616,2460.2275	272.48608,379.79132,2371.42	311.19394,281.17468,2558.0742	251.47977,451.59946,2500.235	335.39532,366.8162,2442.979	281.89117,282.34616,2460.2275	332.29852,445.7359,2527.3872	374.4996,139.10162,2326.4856	351.1207,144.71179,2188.8828	
311.3735,147.62749,2457.3313	301.61496,197.22272,2485.8386	277.83292,195.61966,2412.3652	303.70612,215.9681,2214.5027	301.61496,197.22272,2485.8386	324.03152,198.73375,2559.312	377.53625,205.23239,2460.5706	298.97284,239.3688,2498.437	281.30542,281.69006,2463.859	272.3956,378.9537,2373.886	310.85382,280.51596,2558.212	251.38876,451.36084,2495.1797	335.93985,367.3296,2448.0789	281.30542,281.69006,2463.859	333.04694,444.08954,2528.2275	380.7644,144.14844,2374.1257	350.55185,144.70934,2193.2952	
312.08234,145.90367,2456.0994	302.13834,196.75491,2486.7578	277.25064,194.55913,2416.7795	302.7537,214.57362,2216.802	302.13834,196.75491,2486.7578	325.66367,198.83049,2556.736	378.4624,206.87541,2455.4548	298.0783,239.26242,2502.8965	277.71567,281.3881,2472.4285	273.6803,378.3074,2368.5015	309.83078,281.0684,2565.6418	251.70528,451.22302,2484.959	335.65094,368.27914,2457.4858	277.71567,281.3881,2472.4285	332.60455,443.80737,2545.1743	381.92557,144.11536,2358.443	342.8451,149.70047,2184.9243	
311.90878,147.56522,2454.9307	302.2683,196.82669,2485.1394	277.5545,194.67462,2413.1956	303.7251,213.85953,2213.5342	302.2683,196.82669,2485.1394	325.59146,198.85765,2557.0833	377.6971,207.31577,2457.4692	298.36917,239.33786,2500.4124	278.285,281.57187,2467.8098	274.7128,379.18863,2370.1868	310.1435,281.10278,2563.5608	252.05215,450.9137,2494.8318	335.79642,368.6637,2453.3577	278.285,281.57187,2467.8098	332.67056,444.4411,2538.8037	376.9603,149.62503,2384.9055	351.5729,140.90329,2194.74	
311.70114,148.50725,2453.9885	301.8367,197.15245,2483.8108	277.26138,194.99554,2410.266	303.60703,214.67688,2210.4749	301.8367,197.15245,2483.8108	324.9985,199.1853,2557.3555	376.7565,207.616,2457.6707	297.9211,239.73291,2498.8083	277.58704,282.08804,2463.917	274.45557,380.37927,2370.0364	309.87668,281.53354,2563.6948	253.09912,452.06842,2526.014	335.96356,369.11517,2450.2114	277.58704,282.08804,2463.917	332.2854,444.7257,2537.3447	378.19623,145.8622,2334.7822	354.07428,141.84691,2193.6301	
311.5721,149.1991,2453.596	300.92096,199.35704,2490.4395	277.19098,197.3038,2414.8364	304.75278,213.59409,2202.1892	300.92096,199.35704,2490.4395	323.25262,201.28928,2566.0425	374.55066,210.43736,2466.2634	298.40485,241.79776,2496.7566	280.31393,284.41418,2452.9602	273.29132,381.7535,2373.4756	310.87704,283.64966,2553.1873	251.8837,448.84634,2525.0496	337.5993,371.57233,2439.103	280.31393,284.41418,2452.9602	333.51654,448.18234,2526.6724	373.27472,149.8441,2323.698	355.3346,143.84174,2178.3513	
312.11374,149.62653,2454.9846	301.20236,198.89854,2486.8047	277.41226,196.86926,2410.8628	302.5493,218.12306,2199.0632	301.20236,198.89854,2486.8047	323.58252,200.80756,2562.7466	373.70895,212.53357,2458.9077	298.20514,241.27405,2496.412	279.9179,283.72705,2456.6016	274.37848,384.1916,2363.5942	309.9517,282.93777,2555.438	251.7141,449.11862,2512.6565	337.6606,371.1234,2438.896	279.9179,283.72705,2456.6016	332.91763,446.93665,2528.4626	364.86993,145.01038,2224.8386	354.5806,150.19601,2181.8062	
311.77435,151.61897,2458.304	302.31497,201.77432,2483.185	277.2632,199.76501,2406.2773	302.49408,223.1912,2194.8347	302.31497,201.77432,2483.185	325.86157,203.6629,2560.0928	372.88852,212.00305,2458.5024	298.7307,244.0729,2496.5999	280.37735,286.31772,2463.8877	273.6252,383.38458,2356.9329	309.4578,285.5354,2556.1416	251.84854,446.25763,2519.7964	338.43143,373.3158,2432.8513	280.37735,286.31772,2463.8877	333.13013,449.1198,2527.5933	377.279,153.47621,2366.589	354.1961,155.50827,2177.1292	
311.721,153.00674,2459.7463	301.57642,201.07239,2483.028	277.25745,199.1892,2403.0576	302.53433,223.43661,2194.851	301.57642,201.07239,2483.028	324.37778,202.83807,2562.9985	372.91376,217.72357,2457.1516	298.20883,243.76624,2495.9482	280.43433,286.57568,2460.6816	273.363,384.04828,2355.2864	308.7733,285.48593,2557.0552	252.24551,446.86902,2525.0027	338.31406,372.85974,2432.1152	280.43433,286.57568,2460.6816	332.8909,448.94116,2527.456	374.35568,159.177,2324.6787	357.76596,154.78265,2178.3086	
311.76337,154.03488,2460.5354	301.3988,200.57745,2483.3674	277.678,198.56592,2401.9026	303.08896,223.15817,2198.4958	301.3988,200.57745,2483.3674	323.61276,202.4612,2564.8323	372.03726,220.25363,2460.0134	297.8202,243.89499,2495.723	280.2381,287.32028,2459.2122	273.38474,384.63223,2346.3096	307.779,286.27164,2556.9446	251.82303,446.97745,2518.9966	338.81314,373.00812,2426.2524	280.2381,287.32028,2459.2122	332.6091,449.33807,2525.7295	374.77017,162.09146,2343.2683	350.0656,161.76099,2167.0923	
311.75214,154.64354,2461.231	301.3481,200.48523,2484.0315	278.04343,198.34708,2400.5686	303.46387,223.25555,2200.5732	301.3481,200.48523,2484.0315	323.13766,202.48438,2567.4944	371.1714,223.86491,2463.1523	297.18372,245.06693,2497.6248	279.82068,289.6965,2463.1448	274.74976,385.1323,2340.8735	305.81064,288.65536,2559.2913	252.04297,446.6042,2512.6172	339.9111,373.432,2421.2605	279.82068,289.6965,2463.1448	332.50925,449.85785,2526.7283	377.2291,164.68326,2398.5437	357.87732,155.5713,2179.8784	
311.7208,155.50778,2460.3787	301.35132,201.17165,2489.0361	277.94287,198.73938,2405.6125	298.45715,225.2961,2220.37	301.35132,201.17165,2489.0361	323.24152,203.44615,2572.4597	370.88602,225.74657,2464.2136	297.0707,245.50034,2500.2104	279.54752,289.78674,2463.5198	280.44122,383.65466,2328.2168	305.61215,289.09555,2559.2498	252.11784,444.25055,2479.7285	339.25903,374.0666,2426.5857	279.54752,289.78674,2463.5198	332.40228,450.39178,2527.3906	375.78424,166.45102,2339.9082	352.7454,161.30716,2176.7085	
311.47852,156.09753,2459.6333	301.32486,201.79587,2493.109	278.09494,199.2099,2409.3223	300.28622,224.55328,2216.4812	301.32486,201.79587,2493.109	323.04416,204.21368,2576.8955	371.04248,226.776,2467.3274	296.85678,246.03601,2503.3535	279.11646,290.18607,2465.13	279.43686,383.7699,2327.8003	305.23022,289.65524,2562.0664	251.60687,442.7356,2466.7646	339.5102,374.01486,2422.084	279.11646,290.18607,2465.13	332.49152,450.50525,2525.7212	378.80786,164.87648,2380.699	349.95465,161.3149,2176.3176	
311.046,156.12065,2459.3564	301.50433,201.58224,2492.4983	278.4392,198.85239,2408.7014	309.09378,221.0207,2219.7664	301.50433,201.58224,2492.4983	323.06903,204.13454,2576.2952	371.23935,226.29651,2468.839	296.88773,245.7729,2501.98	278.8714,289.82132,2462.2507	278.83105,383.7958,2328.6316	305.22418,289.4458,2560.6726	251.60353,442.7738,2477.564	339.779,373.8155,2418.326	278.8714,289.82132,2462.2507	333.18167,447.56445,2504.0796	365.0625,154.84134,2206.189	351.34412,161.261,2166.806	
310.92523,156.1594,2459.2703	301.61374,201.57727,2491.36	278.50204,198.80429,2407.4692	307.41516,222.09785,2221.6648	301.61374,201.57727,2491.36	323.2197,204.1696,2575.251	371.13635,225.73997,2467.4434	296.64435,246.0607,2502.1658	278.31155,290.3409,2463.9014	278.6448,383.67032,2329.8157	304.61026,289.98907,2562.0415	250.64655,444.68094,2499.152	339.92993,373.7752,2416.2656	278.31155,290.3409,2463.9014	332.91333,449.0571,2511.0562	364.88718,150.40369,2210.9878	350.5204,158.8297,2173.492	
311.01904,156.18245,2459.7742	301.41827,200.62852,2486.3608	278.05377,198.02823,2399.3005	306.68927,223.08221,2224.0479	301.41827,200.62852,2486.3608	323.2019,203.05289,2573.4211	371.0506,224.00005,2465.0596	296.5296,245.34111,2499.0115	278.2624,289.95895,2461.1028	278.7263,388.24332,2343.207	304.58798,289.26166,2562.2214	252.74812,449.00177,2534.7913	340.01913,373.61072,2414.7112	278.2624,289.95895,2461.1028	333.085,448.05243,2510.3132	374.0619,159.47263,2323.5781	352.4129,155.63979,2179.6243	
311.2014,155.16223,2459.361	301.44458,200.4672,2487.94	277.40997,197.91656,2407.1223	304.91342,222.66722,2224.659	301.44458,200.4672,2487.94	323.9669,202.85732,2568.7576	371.7379,221.29025,2454.6646	297.45752,244.87941,2497.088	278.78735,289.2221,2456.3088	277.65753,387.6801,2346.3638	307.63696,288.72266,2556.1628	249.93137,446.66766,2545.648	338.89282,373.95667,2422.187	278.78735,289.2221,2456.3088	332.2017,448.6101,2518.6482	379.126,157.3977,2353.4468	352.1538,152.33798,2180.4678	
311.38995,154.78192,2459.4578	301.26077,200.4942,2489.7466	276.9815,198.18263,2411.8875	303.4617,219.15651,2227.4265	301.26077,200.4942,2489.7466	324.0676,202.66556,2567.6057	372.54767,218.67328,2454.6194	298.03516,244.05034,2497.3787	280.11386,287.63675,2457.3396	277.1411,380.9076,2354.9885	308.99493,287.05646,2552.682	250.38904,448.57178,2532.8992	338.2044,372.9322,2425.9448	280.11386,287.63675,2457.3396	331.71164,447.62744,2523.9019	378.76907,154.13602,2347.6235	356.04858,144.49625,2201.6196	
311.8786,153.63245,2458.0415	302.38828,197.58101,2496.2476	280.31268,194.95267,2420.7793	300.95047,218.70372,2225.2593	302.38828,197.58101,2496.2476	323.16827,200.0551,2571.7158	371.34686,214.6958,2460.1882	298.37012,240.63477,2503.9023	280.0692,283.4568,2462.3625	276.864,380.9688,2356.955	308.13394,283.39658,2560.7517	248.25261,445.55762,2497.0	337.46774,373.02533,2427.643	280.0692,283.4568,2462.3625	332.03607,446.901,2525.4583	376.48682,146.26042,2341.207	356.00626,146.0151,2198.338	
312.26764,151.06744,2454.487	302.0265,197.41095,2496.4563	278.8646,194.48825,2419.243	301.9345,218.23584,2228.4521	302.0265,197.41095,2496.4563	323.7986,200.1583,2573.6697	372.13135,213.24596,2457.1145	298.0872,240.55959,2501.7822	279.37357,283.4148,2457.556	276.47888,379.6137,2357.3762	308.38232,283.6307,2556.6604	249.28821,446.80975,2504.1545	336.30313,372.2375,2440.822	279.37357,283.4148,2457.556	331.44498,447.38623,2528.0073	372.99048,144.74796,2309.5242	351.54858,146.01718,2188.566	
312.3946,147.50815,2449.7676	301.75238,196.74623,2495.858	277.89218,193.66191,2417.6267	301.19684,214.83588,2224.1243	301.75238,196.74623,2495.858	324.16223,199.6431,2574.089	372.24756,211.28583,2457.0732	297.75436,240.35463,2500.6396	278.80563,283.63058,2456.1047	277.06274,378.80304,2350.5945	308.1598,283.95615,2554.738	249.82773,445.7666,2506.113	335.886,373.59705,2446.6665	278.80563,283.63058,2456.1047	331.42245,448.80194,2531.8242	378.53293,146.91019,2368.1104	351.93268,142.37991,2194.5593	
312.22183,146.48068,2451.6804	302.08215,195.15714,2496.3752	277.7027,191.87187,2419.8335	303.99802,206.64081,2219.18	302.08215,195.15714,2496.3752	325.0111,198.24695,2572.917	374.4734,208.58847,2456.7803	297.9061,239.02179,2500.7751	278.85614,282.4211,2458.198	275.88483,378.1307,2352.5166	308.08514,283.03217,2552.152	248.83011,446.79095,2495.3203	335.57782,373.33963,2449.0261	278.85614,282.4211,2458.198	331.76318,448.85522,2531.6443	378.23618,144.21555,2372.7773	345.89734,143.6644,2182.4963	
311.95013,145.99751,2455.137	302.1197,195.30223,2494.2886	277.81662,192.10243,2418.474	303.17072,208.86275,2219.7192	302.1197,195.30223,2494.2886	324.98895,198.31325,2570.103	374.63593,209.81705,2459.2578	297.9017,238.65758,2499.892	279.164,281.5304,2459.8613	274.97574,378.36713,2353.8179	307.72104,282.09726,2551.13	248.17632,448.26813,2488.0842	335.46295,372.62286,2450.2175	279.164,281.5304,2459.8613	331.89185,448.5204,2531.372	377.4177,148.80511,2351.562	353.65662,134.86423,2196.415	
311.63733,145.58725,2456.808	302.2659,195.15054,2496.3132	278.34473,191.87326,2422.748	302.31537,209.66629,2219.7979	302.2659,195.15054,2496.3132	324.81757,198.2402,2569.8784	374.68195,208.4016,2458.858	297.9344,238.43271,2501.1174	279.1812,281.15857,2461.3025	274.42218,378.6793,2354.9875	307.55255,281.92563,2550.5408	248.26154,448.5734,2489.346	335.67075,371.92288,2449.8643	279.1812,281.15857,2461.3025	331.8328,447.7437,2530.628	375.76486,145.3895,2341.8572	352.67126,137.85341,2194.1042	
311.5923,144.72357,2456.4434	302.73886,193.78302,2497.2156	278.86084,190.44968,2423.7148	301.66467,209.23859,2219.142	302.73886,193.78302,2497.2156	325.25146,196.92575,2570.7163	374.5766,208.86032,2459.161	298.1893,237.32104,2503.0127	280.0668,280.26456,2466.7085	273.88885,378.17676,2351.4263	306.80597,281.03818,2550.9111	249.0813,443.6057,2491.251	335.70886,370.59747,2453.5725	280.0668,280.26456,2466.7085	331.81888,446.64352,2531.586	378.02637,148.3425,2368.2756	353.9968,135.24416,2196.201	
311.7679,145.20767,2456.5828	302.37195,193.93506,2496.249	278.6951,190.70207,2420.8293	301.0654,209.4202,2218.1555	302.37195,193.93506,2496.249	324.66006,196.97841,2571.6687	374.71368,208.40479,2458.4526	297.84528,238.02222,2502.717	279.74088,281.60217,2465.578	274.70392,378.46997,2349.1033	306.47833,282.1524,2552.7922	250.2887,441.70767,2487.122	336.2937,371.36862,2447.1448	279.74088,281.60217,2465.578	331.8218,447.11115,2529.123	377.28064,148.88557,2358.394	349.19876,142.60892,2193.378	
311.8522,145.6016,2457.6592	302.28098,194.53906,2495.7915	278.25467,191.47617,2421.198	300.19406,210.58269,2218.221	302.28098,194.53906,2495.7915	324.91278,197.4242,2570.385	375.11887,208.4712,2454.7908	297.90778,238.53847,2503.3977	280.0738,282.07147,2468.7798	275.3417,378.90625,2346.7568	306.60223,282.46457,2553.228	250.4956,444.11255,2486.4548	336.43948,371.38574,2445.6821	280.0738,282.07147,2468.7798	331.5149,447.29382,2530.1912	377.38452,147.8306,2330.206	351.88223,139.76611,2191.7634	
311.85486,146.38995,2460.7559	302.7975,194.48166,2495.0078	279.3535,191.27429,2416.728	300.91083,210.86813,2213.653	302.7975,194.48166,2495.0078	324.81516,197.4939,2573.2876	374.45874,208.85,2457.3733	300.09396,238.50037,2491.511	283.43884,282.43515,2441.33	274.52695,379.16833,2354.7869	310.81323,282.84283,2534.6982	254.12036,444.3033,2498.9558	337.6321,370.4922,2436.3704	283.43884,282.43515,2441.33	332.45938,446.84692,2521.9292	373.78275,148.37975,2335.1274	355.47745,139.35913,2189.6167	
311.80756,147.40999,2460.6855	302.671,194.82462,2494.8215	279.33038,191.45059,2415.4836	300.6532,214.50294,2215.0466	302.671,194.82462,2494.8215	324.57288,197.99066,2574.1594	374.19556,209.87085,2456.9214	299.41058,239.13196,2492.5454	282.06818,283.24496,2442.3315	273.5462,380.71808,2363.7078	309.68857,283.78525,2538.207	253.05042,452.14087,2505.075	337.5629,372.6322,2435.6868	282.06818,283.24496,2442.3315	332.17554,448.88074,2522.1707	376.14224,152.35919,2333.212	355.95096,142.89034,2187.5422	
