289.1654,125.03685,2573.995	286.68796,172.73914,2585.2014	253.81235,170.79575,2558.7986	236.02388,222.29741,2562.7222	286.68796,172.73914,2585.2014	318.89886,174.64323,2611.6042	325.50467,228.70825,2645.8984	284.563,220.262,2596.4421	260.66122,266.735,2589.989	253.1495,361.3744,2590.1174	303.9577,268.00668,2625.3767	239.93903,445.8694,2575.6506	308.59863,363.50427,2560.0876	260.66122,266.735,2589.989	316.63855,455.33154,2561.9722	318.0468,234.78734,2376.4883	265.67023,223.721,2336.0425	
288.07202,125.58131,2579.476	285.83197,173.05232,2585.1504	252.90681,171.26108,2561.5508	237.1643,222.50409,2564.3533	285.83197,173.05232,2585.1504	318.16144,174.81116,2608.75	326.36386,229.19781,2634.435	283.94275,220.59526,2593.1904	260.18903,267.23505,2585.421	252.89113,362.69626,2570.4187	303.677,268.44617,2617.04	240.31435,446.24994,2569.4841	309.73013,364.22415,2548.278	260.18903,267.23505,2585.421	317.84265,456.47473,2550.3792	316.37292,236.01112,2368.6553	265.88217,224.47592,2334.677	
286.3193,126.15128,2581.7295	284.3419,173.63852,2587.3274	251.43095,172.04181,2562.5447	235.49982,222.74948,2568.6846	284.3419,173.63852,2587.3274	316.6283,175.20491,2612.11	327.1183,229.23991,2633.725	282.77933,221.15768,2594.5408	259.3534,267.9618,2585.1538	249.65451,364.0234,2543.207	302.82013,268.85922,2618.3545	236.56108,442.12354,2620.289	309.05585,364.51224,2555.3845	259.3534,267.9618,2585.1538	317.2667,456.67264,2555.5144	315.20468,238.74486,2373.8696	264.0148,224.91896,2339.857	
284.0694,126.239426,2583.332	282.72763,173.96587,2590.1685	249.81769,172.8804,2566.2498	233.63263,223.60727,2563.3354	282.72763,173.96587,2590.1685	315.0353,175.03146,2614.0872	325.40756,228.62732,2638.3518	281.87805,221.44995,2597.6948	259.17078,268.52496,2589.1973	246.5552,364.4373,2538.4895	302.6287,268.79272,2621.245	234.34155,441.88864,2641.9292	309.37766,364.3214,2557.3057	259.17078,268.52496,2589.1973	318.3885,456.4379,2556.2625	313.55777,239.70135,2378.198	260.93597,224.88828,2334.177	
281.08466,125.45734,2592.6401	279.78052,173.0079,2594.6948	246.8854,171.9896,2573.107	229.0198,224.5242,2549.1636	279.78052,173.0079,2594.6948	312.13275,174.0094,2616.2827	324.87064,227.24664,2642.669	279.06158,220.40166,2597.9092	256.41406,267.529,2586.661	240.16248,362.80597,2543.6775	300.03226,267.82593,2615.5862	226.04492,444.14294,2624.5261	306.22165,363.5899,2551.264	256.41406,267.529,2586.661	315.64877,456.37756,2544.165	312.97794,238.34978,2383.9175	259.18903,223.2218,2325.938	
278.2088,124.4782,2588.2954	277.214,172.05467,2595.4944	244.37256,171.08539,2568.3179	223.76498,224.32611,2545.5884	277.214,172.05467,2595.4944	309.37482,173.00388,2622.671	322.41675,225.60786,2649.8528	276.69815,219.44896,2601.479	254.33954,266.64658,2589.2454	237.54898,361.93372,2542.1345	297.7267,266.6051,2625.682	221.38312,440.96182,2642.2136	304.5061,361.75568,2570.3213	254.33954,266.64658,2589.2454	316.68762,454.00143,2556.2866	311.64114,234.91605,2386.9192	255.95927,221.57346,2330.0476	
274.15674,123.475204,2586.6416	273.4292,171.20221,2597.584	240.6292,170.4306,2566.477	218.51794,221.33746,2534.814	273.4292,171.20221,2597.584	305.4529,171.95554,2628.691	318.49536,223.75626,2662.4507	273.304,218.56898,2604.8003	251.41348,265.92184,2591.1775	232.68729,360.28116,2558.7378	294.60086,265.43018,2632.8557	217.29306,436.83868,2611.7188	301.1045,360.3745,2573.7307	251.41348,265.92184,2591.1775	316.35355,453.47473,2535.8176	311.0176,229.62164,2394.0369	252.68262,217.72774,2325.7307	
269.52637,122.21779,2594.807	269.0854,169.7053,2603.27	236.39218,168.9157,2567.809	213.70027,218.65134,2523.4263	269.0854,169.7053,2603.27	300.8999,170.4737,2638.731	318.17438,217.95139,2665.7383	269.15912,216.97156,2608.7324	247.5218,264.38107,2590.437	227.4226,357.7468,2575.3857	290.55222,263.70566,2637.9526	211.94238,434.8898,2595.636	297.8137,358.34286,2579.9404	247.5218,264.38107,2590.437	316.40112,451.76605,2516.9763	310.23196,223.84747,2398.2266	250.98315,213.98589,2324.3284	
265.43805,121.28699,2598.9216	265.17432,168.80865,2609.318	232.69911,168.16025,2567.5344	207.31636,217.14496,2513.7595	265.17432,168.80865,2609.318	296.62582,169.43665,2651.1018	316.18326,215.12769,2674.9094	265.6829,215.96764,2614.9678	244.64116,263.50958,2592.608	224.07681,356.3968,2585.2085	287.2817,262.34937,2648.627	209.77155,435.5545,2596.8438	296.2486,356.45572,2582.5376	244.64116,263.50958,2592.608	317.19727,449.57703,2514.3745	309.84195,218.18262,2403.6982	246.86633,210.68105,2321.3298	
261.61557,122.10697,2609.937	261.11737,169.2746,2617.9695	228.87605,168.46747,2570.8132	200.56421,215.63327,2501.885	261.11737,169.2746,2617.9695	292.21774,170.05319,2665.1257	313.8912,210.19312,2671.4536	261.624,216.27396,2622.411	240.74518,263.721,2595.2607	219.60165,356.35544,2589.3704	283.00436,262.52213,2658.4438	205.98581,436.53973,2602.9316	292.95654,356.10617,2572.0054	240.74518,263.721,2595.2607	316.19534,448.7483,2511.687	308.58197,211.12614,2401.3484	242.44557,207.31839,2322.0735	
257.9478,124.335045,2614.9106	256.6856,171.51175,2623.8162	224.54703,170.25076,2573.549	193.51108,214.18181,2485.4155	256.6856,171.51175,2623.8162	287.6159,172.72533,2674.0833	314.48703,208.50208,2680.6912	256.56628,218.40057,2628.0474	235.12991,265.5152,2598.6165	215.16013,358.73065,2583.4807	277.2265,264.77164,2665.9407	202.46674,437.51532,2609.004	288.69543,357.78076,2562.8215	235.12991,265.5152,2598.6165	314.15918,450.11823,2504.8328	307.89575,207.9428,2406.9636	239.22151,205.5747,2318.1775	
254.23352,129.5926,2617.8594	252.0097,176.54205,2627.9333	220.0839,174.818,2572.5542	188.27316,214.03983,2467.6504	252.0097,176.54205,2627.9333	282.6177,178.19495,2683.3125	310.36786,205.57822,2681.2622	251.10663,223.33456,2633.5508	229.07892,270.1171,2602.1418	212.75781,364.0995,2581.864	270.75122,269.7439,2676.1946	201.04497,439.4621,2614.8977	286.50778,361.26215,2555.3462	229.07892,270.1171,2602.1418	312.3632,453.89853,2497.5073	305.81775,204.00307,2405.7463	237.31236,204.77017,2316.314	
251.3428,133.8117,2628.2888	247.41788,180.47134,2635.296	215.7619,177.55278,2575.8215	183.95198,215.12474,2445.2273	247.41788,180.47134,2635.296	277.6765,183.26108,2694.7703	305.82733,208.67587,2676.998	244.76697,227.02766,2639.0127	221.06808,272.94174,2602.909	208.85797,367.5884,2580.062	262.5538,273.94916,2682.55	198.34583,437.66235,2616.6	282.89447,363.59805,2542.358	221.06808,272.94174,2602.909	310.7218,456.5639,2476.3457	302.24683,200.67886,2407.2402	235.36841,203.5096,2310.0552	
248.87119,137.86887,2633.9692	243.08127,184.20842,2643.1733	211.80475,180.31784,2578.732	179.53133,216.21948,2430.5146	243.08127,184.20842,2643.1733	272.869,187.91379,2707.6147	301.36377,214.0794,2671.3003	238.73888,230.46558,2648.5679	213.57962,275.48718,2610.8005	206.70483,370.12213,2591.9312	254.58183,277.54865,2697.1243	198.68156,436.96082,2622.922	281.15143,364.4768,2551.1565	213.57962,275.48718,2610.8005	309.66568,452.0127,2444.1868	298.36993,197.90862,2409.9307	231.98145,203.53696,2305.879	
246.68079,142.36697,2636.8103	239.61205,188.35791,2649.4133	208.80171,183.91876,2579.1638	176.24986,217.34181,2421.649	239.61205,188.35791,2649.4133	268.8307,192.56772,2719.6628	297.37302,217.53966,2666.961	233.94861,234.30745,2658.6133	207.80994,278.65805,2620.7546	206.00607,373.23892,2598.7495	248.1274,281.17767,2714.8718	200.07385,437.98108,2625.15	279.8923,364.9718,2559.7344	207.80994,278.65805,2620.7546	311.29022,445.8103,2408.671	294.43887,197.51967,2409.7996	229.55173,204.69849,2305.5432	
246.20145,145.1542,2638.1887	236.90424,190.6116,2655.3599	206.61475,185.19644,2580.3254	173.911,220.40634,2417.723	236.90424,190.6116,2655.3599	265.52893,195.72914,2730.3943	292.47098,223.13252,2676.2	229.1211,236.00876,2668.9521	201.22917,279.11472,2632.2751	203.25708,373.4436,2605.64	240.86183,282.70966,2732.8137	198.98003,435.33093,2626.7937	275.1789,362.78476,2553.5786	201.22917,279.11472,2632.2751	312.2093,437.30035,2374.026	291.1909,200.02954,2420.2307	227.55399,207.35648,2306.8237	
246.57263,147.71112,2621.4116	234.93307,192.77219,2653.3027	204.98676,187.17627,2573.8203	174.23639,222.0242,2413.233	234.93307,192.77219,2653.3027	263.13742,198.04257,2732.7847	287.41785,225.5397,2689.4124	225.5469,237.50377,2678.0547	196.48131,279.55685,2649.588	202.49214,373.12384,2620.985	235.4173,283.2035,2756.0254	200.37756,434.3805,2634.1973	273.1519,358.13824,2555.266	196.48131,279.55685,2649.588	314.66476,427.41577,2356.8872	287.58182,206.15538,2435.5203	228.7862,208.31438,2307.6213	
246.68607,149.14627,2620.5283	233.43906,193.60184,2657.1736	204.0809,187.63205,2572.6694	172.73218,223.51436,2420.4983	233.43906,193.60184,2657.1736	260.98746,199.20363,2741.6777	284.75586,229.11894,2707.0203	222.56546,237.7459,2686.655	192.44363,278.92178,2659.5225	200.0012,372.30267,2621.9727	230.6165,282.85944,2772.7505	199.50757,433.72244,2628.085	269.57645,353.1656,2548.445	192.44363,278.92178,2659.5225	315.26422,415.6396,2336.6711	284.29968,213.25256,2450.038	227.3535,211.74391,2308.6353	
247.00073,151.06546,2612.114	231.8475,194.6413,2659.409	202.8897,188.61896,2571.202	171.59901,224.39172,2427.6362	231.8475,194.6413,2659.409	258.94604,200.27696,2747.616	279.85925,232.59422,2718.3738	219.53363,237.87411,2697.7397	188.404,277.9033,2677.0032	195.90714,370.67737,2641.02	225.9158,281.80374,2795.138	197.47583,433.79602,2637.2148	266.10675,347.48163,2554.2183	188.404,277.9033,2677.0032	313.46628,404.23563,2334.0059	280.29776,219.46947,2452.8254	226.27924,214.71683,2313.6663	
246.94034,154.08034,2616.469	230.30919,196.78719,2665.3667	201.78952,190.17647,2574.6992	170.03493,225.1172,2435.7983	230.30919,196.78719,2665.3667	256.95236,202.96294,2756.0342	277.89893,235.1674,2732.081	216.39914,239.26405,2705.6245	183.96056,278.1429,2685.154	193.0063,370.54865,2646.0486	221.01392,282.7461,2806.6106	196.25058,436.12012,2629.6775	261.1288,344.0866,2546.3494	183.96056,278.1429,2685.154	310.49863,398.5791,2318.8716	277.00677,225.14865,2459.9924	223.81305,216.83939,2318.4253	
246.77153,156.14554,2628.6487	228.97247,198.2693,2674.0825	201.01651,190.9574,2580.8196	166.87097,225.52644,2446.868	228.97247,198.2693,2674.0825	255.0441,205.08836,2767.3455	274.6429,239.70097,2740.4512	213.57228,240.07996,2713.2935	179.9368,277.91425,2690.0225	191.86804,369.61072,2655.8655	216.45593,283.3609,2814.9863	196.16718,436.68115,2628.224	258.91324,340.48627,2548.3154	179.9368,277.91425,2690.0225	306.8385,391.12955,2315.609	274.49973,231.86424,2464.8608	221.02727,221.26993,2330.9548	
245.83008,158.67274,2624.7937	227.11075,199.97919,2676.48	199.17346,192.67563,2582.7014	164.5525,227.2734,2455.4336	227.11075,199.97919,2676.48	253.15659,206.78824,2770.2585	271.5846,242.68295,2746.715	210.84824,240.92595,2722.1943	176.5214,277.72083,2705.119	190.08954,368.46094,2677.964	212.89919,283.1953,2830.6985	196.15714,435.90143,2640.346	255.92505,338.62134,2562.3047	176.5214,277.72083,2705.119	302.94818,385.27985,2326.3772	270.534,237.87198,2468.182	219.17285,225.34003,2338.5537	
245.3484,161.43732,2632.303	225.69666,201.96378,2684.146	198.28653,194.45099,2587.4636	163.18103,230.14177,2463.6653	225.69666,201.96378,2684.146	251.20082,208.95415,2780.8284	270.96054,247.19017,2759.2725	208.3132,242.1434,2731.1523	173.18901,278.0493,2713.38	188.01517,368.3988,2681.7876	209.01166,283.74463,2842.9375	195.99977,437.164,2631.9314	251.5044,338.8077,2573.4392	173.18901,278.0493,2713.38	297.346,385.3521,2333.0361	270.00073,244.94458,2479.301	217.5299,229.22432,2342.485	
245.05536,164.32843,2626.625	224.29305,203.86694,2685.7778	196.9318,196.27066,2588.7083	161.55438,231.83218,2474.8442	224.29305,203.86694,2685.7778	249.7455,210.9333,2782.8474	269.62024,250.02155,2771.6223	205.9602,243.02774,2738.5522	170.06342,277.7094,2726.3174	186.96541,367.12766,2697.6335	205.74673,283.56958,2856.336	195.84415,436.4135,2634.8271	247.51242,338.53012,2586.522	170.06342,277.7094,2726.3174	291.39542,386.55084,2352.88	268.638,248.47897,2491.321	215.41306,232.56126,2352.0256	
244.32733,166.51984,2624.2869	223.08295,205.4567,2689.202	195.70576,197.98358,2592.0278	161.44179,235.79907,2474.919	223.08295,205.4567,2689.202	248.55057,212.40854,2786.376	266.7094,252.68507,2774.3142	204.28514,243.81538,2747.2039	168.04344,277.63742,2740.117	185.60152,366.51953,2708.304	203.65953,283.40442,2870.2947	196.56828,436.9054,2634.2795	244.05775,340.06253,2604.791	168.04344,277.63742,2740.117	284.89246,392.42285,2382.167	264.85922,253.27327,2495.958	215.85812,236.0865,2358.109	
242.94127,168.67407,2614.1448	221.44981,206.81537,2688.4092	193.72485,199.50691,2592.9487	162.51816,238.84549,2477.9753	221.44981,206.81537,2688.4092	247.27338,213.62262,2783.8696	263.85336,255.11172,2782.694	202.50562,244.34079,2753.6294	166.09586,277.22314,2754.894	184.03752,365.53607,2722.2861	201.9664,282.90738,2882.8052	196.52171,437.062,2634.5166	239.46143,343.54126,2627.2483	166.09586,277.22314,2754.894	275.6727,400.19644,2423.1157	262.47632,256.65454,2505.016	216.83916,239.07852,2362.461	
240.43942,173.34619,2626.5547	218.70648,211.02853,2696.0894	191.11531,203.35025,2600.5837	162.16983,240.46553,2483.9958	218.70648,211.02853,2696.0894	244.40976,218.18144,2791.595	262.15314,256.2843,2793.8555	199.24097,248.23787,2759.1196	162.34015,280.62393,2758.189	180.29877,368.7981,2728.6255	198.13844,286.8062,2886.1108	194.42178,441.62048,2624.122	231.04352,353.9443,2650.6748	162.34015,280.62393,2758.189	262.76355,414.34854,2465.123	260.66943,258.98517,2516.5764	215.84695,241.1151,2370.0808	
238.84572,174.72736,2623.7961	216.9836,211.89856,2698.0188	189.05542,203.84189,2605.6206	159.60535,241.39734,2500.057	216.9836,211.89856,2698.0188	243.06223,219.42166,2790.417	260.1034,260.2527,2799.9585	197.3028,248.4776,2765.0193	160.09332,279.84464,2770.112	180.84924,366.75818,2746.7922	196.22331,286.6581,2893.9275	195.91638,437.69516,2632.3516	228.07266,357.45868,2682.41	160.09332,279.84464,2770.112	251.68684,416.68158,2536.1934	257.7673,261.77368,2523.0903	213.57275,243.6021,2389.599	
237.54385,175.49533,2623.3833	215.50793,212.19066,2700.331	187.42865,203.9599,2609.2642	160.8887,242.53098,2514.0442	215.50793,212.19066,2700.331	241.75508,219.88435,2791.398	258.85263,262.44412,2802.4854	195.71414,248.36937,2769.7373	158.37735,279.15152,2778.1514	178.32843,365.9473,2757.661	194.62027,286.25436,2900.1357	197.48518,439.2754,2628.201	224.2403,361.79196,2735.9214	158.37735,279.15152,2778.1514	237.96794,421.60883,2612.8599	255.93497,263.33572,2526.01	215.40192,246.03227,2403.6047	
236.81473,175.3002,2632.173	214.6813,212.08594,2707.4185	186.68216,203.63959,2616.602	162.13802,246.49286,2529.0293	214.6813,212.08594,2707.4185	240.86302,219.98405,2798.2349	258.25604,263.52747,2805.2505	194.77382,248.21512,2775.5637	157.33739,278.8349,2782.8792	179.77411,364.81003,2761.8394	193.5293,286.2323,2904.5388	198.033,440.20526,2625.8218	221.06363,362.56134,2730.4478	157.33739,278.8349,2782.8792	226.05896,423.3139,2684.1946	254.99203,264.47455,2529.1174	216.95929,247.08359,2414.9456	
235.43921,178.08923,2647.5623	213.39163,214.64471,2718.5767	185.49129,205.90356,2628.6348	158.88107,247.6286,2547.0095	213.39163,214.64471,2718.5767	239.505,222.826,2808.5186	257.8677,263.87918,2816.6338	193.38164,250.74503,2783.9688	155.69409,281.164,2788.6736	178.6903,366.8294,2767.675	192.11044,289.04483,2910.048	197.22702,442.44843,2628.8367	210.96683,370.59573,2751.0107	155.69409,281.164,2788.6736	216.67618,460.23627,2687.2666	254.64972,264.51224,2540.825	214.28926,248.40599,2441.678	
233.82098,179.90814,2643.2915	211.90388,215.85284,2721.8337	183.62286,206.98315,2635.684	159.52994,249.46799,2554.0452	211.90388,215.85284,2721.8337	238.44955,224.1783,2807.9834	258.06296,264.4983,2829.3496	192.0663,251.127,2794.044	154.27672,280.37625,2807.3938	177.59154,365.3229,2787.0369	191.4171,288.7004,2925.1145	197.27612,438.92273,2640.2976	204.06152,372.43384,2787.1167	154.27672,280.37625,2807.3938	208.41623,460.8228,2727.885	255.43541,264.52203,2553.775	215.11917,249.07558,2450.6892	
232.68646,180.56645,2650.616	210.75784,216.17316,2731.1418	182.53993,207.38446,2644.7522	162.00409,250.8043,2558.017	210.75784,216.17316,2731.1418	237.24533,224.4229,2817.5315	258.12207,263.59793,2835.1719	190.87668,250.93152,2805.8662	153.40314,279.73212,2822.3552	175.68959,364.65765,2788.5767	189.91277,287.8764,2938.826	198.05273,439.81934,2633.2866	198.32947,372.55292,2822.2927	153.40314,279.73212,2822.3552	201.61673,459.67218,2767.5793	255.46594,265.21875,2560.1265	217.81589,249.27512,2457.2185	
231.73611,182.70248,2654.774	209.57437,217.36844,2739.4385	181.46358,208.66043,2652.434	164.66002,251.93071,2557.5005	209.57437,217.36844,2739.4385	235.95456,225.54036,2826.4429	258.6532,263.8225,2842.578	189.49536,251.40022,2817.2148	152.03,279.4977,2836.539	176.12778,363.4082,2785.8225	188.22952,287.5466,2953.4434	197.26503,439.56104,2632.5632	193.82005,372.4123,2856.7207	152.03,279.4977,2836.539	196.27637,458.28735,2806.42	256.7537,266.1109,2567.463	220.01654,249.08145,2459.5986	
230.91833,183.68579,2659.376	208.67603,217.53607,2749.3208	180.5912,208.7135,2663.2021	157.33534,250.37735,2608.7722	208.67603,217.53607,2749.3208	235.05482,225.82272,2835.4395	257.33432,264.30917,2861.297	188.46306,250.67908,2831.4238	150.8145,277.68964,2855.108	175.73732,360.74527,2802.438	187.23393,286.051,2971.9463	196.31076,436.33533,2639.7822	190.9672,370.53717,2892.5664	150.8145,277.68964,2855.108	192.78995,455.1156,2846.4983	256.03104,267.57974,2585.4153	206.93965,250.80325,2490.6177	
230.20529,183.75784,2688.1519	207.91544,218.16013,2766.9946	180.2682,208.56238,2681.2112	152.8802,249.82536,2635.8127	207.91544,218.16013,2766.9946	233.89996,227.18066,2852.778	255.01799,266.92072,2873.704	187.21657,251.79277,2840.1404	149.77339,279.12775,2857.1108	175.1954,361.96338,2797.101	184.66791,288.171,2969.4614	194.9177,439.7354,2625.9573	187.15752,372.75824,2904.803	149.77339,279.12775,2857.1108	188.47847,456.82062,2862.7412	255.5588,271.49072,2598.5608	200.7041,252.66629,2506.4524	
229.78415,185.35747,2702.5466	206.91718,219.103,2781.2144	179.53049,209.55934,2694.1182	151.20511,249.6406,2657.3997	206.91718,219.103,2781.2144	232.64069,228.06706,2868.3105	253.11299,269.48502,2893.85	186.05206,252.45317,2853.7007	148.023,279.4335,2867.4148	173.45377,361.8706,2799.5986	183.70175,288.68283,2984.9592	191.9742,437.94937,2639.4038	185.38216,372.68774,2932.5603	148.023,279.4335,2867.4148	186.32812,455.754,2894.2522	254.25154,273.48233,2619.9019	198.03345,253.758,2522.565	
229.66269,183.83408,2720.7224	206.19453,217.4853,2794.9758	179.3537,207.76045,2704.834	151.51942,250.27559,2677.6719	206.19453,217.4853,2794.9758	231.35812,226.60246,2885.1177	248.80142,272.25397,2911.904	184.69675,250.60724,2864.0037	147.03978,277.56778,2874.7778	172.15842,359.87183,2809.279	180.71312,286.59323,2991.2852	186.73766,434.24167,2655.3455	181.83029,370.19662,2948.971	147.03978,277.56778,2874.7778	182.46577,452.58173,2914.1523	249.236,275.27295,2638.1243	196.62442,254.17743,2533.4517	
228.55817,182.52834,2718.869	204.73143,215.46387,2798.508	177.77164,205.28563,2710.615	152.46669,249.06465,2695.3826	204.73143,215.46387,2798.508	230.04932,225.02222,2886.4011	244.83539,272.5042,2941.472	183.07263,248.00755,2870.8333	145.18471,273.9953,2886.033	170.45093,355.8554,2828.2932	179.1134,283.71954,3000.284	185.13322,432.18082,2713.6162	179.87018,366.8426,2966.1978	145.18471,273.9953,2886.033	180.2811,448.53488,2934.6033	244.5805,276.37567,2667.3987	196.1391,254.70691,2546.9268	
227.27534,180.57352,2728.9126	203.46349,213.81503,2806.9253	176.58485,203.54126,2718.8608	149.80592,246.10416,2708.6929	203.46349,213.81503,2806.9253	228.70685,223.46376,2894.9897	240.70001,272.9656,2969.742	181.86682,246.56572,2877.1084	143.80252,272.6754,2889.319	164.5209,355.678,2820.5505	178.11987,282.6418,3005.264	185.15431,435.95294,2750.132	187.1722,363.0623,2871.0872	143.80252,272.6754,2889.319	173.17575,431.89783,2885.3264	240.02469,276.55478,2696.1646	194.20856,253.23814,2569.308	
225.69897,177.78598,2733.919	202.30042,211.51256,2813.8462	175.27132,201.04794,2728.01	150.50508,244.64397,2710.3362	202.30042,211.51256,2813.8462	227.72931,221.35765,2899.6824	234.33386,272.61108,2984.3582	181.03462,244.38478,2884.458	143.0735,270.40704,2898.0713	157.94969,354.20782,2808.7524	177.82642,280.76523,3012.0684	185.85379,434.5224,2795.317	181.22101,362.6043,2901.0176	143.0735,270.40704,2898.0713	179.80647,436.62103,2914.6235	233.83241,276.03464,2710.9348	197.41486,250.88953,2587.2969	
224.59761,175.59572,2735.4329	201.29095,209.53047,2817.8276	174.17488,199.33762,2731.632	154.02124,244.56007,2705.6624	201.29095,209.53047,2817.8276	226.79735,219.11826,2904.0232	228.01978,272.35626,2998.6824	180.35805,242.36333,2890.4575	142.64703,268.4646,2905.6182	150.75494,353.17862,2811.7322	177.57817,278.51373,3020.5566	186.17569,434.3779,2817.8354	178.8291,360.80157,2933.2559	142.64703,268.4646,2905.6182	180.31369,439.09998,2911.479	226.79233,275.15405,2726.066	203.80327,249.46838,2598.6316	
221.90251,175.58792,2736.6606	199.18326,209.18172,2820.1091	171.71811,198.22995,2741.1965	155.89609,243.78914,2699.8044	199.18326,209.18172,2820.1091	225.1532,219.53726,2899.0217	222.02455,272.1722,3011.8071	178.62819,242.02342,2894.341	140.82332,267.4056,2914.9797	150.08644,351.9209,2831.9377	176.73067,278.83334,3022.1663	173.14629,435.13007,2800.279	179.49162,361.34106,2938.0234	140.82332,267.4056,2914.9797	178.17625,441.30615,2916.855	220.762,275.29535,2739.3413	207.75027,248.73999,2619.3945	
220.80661,174.10223,2747.7874	198.12799,207.81154,2825.2424	170.71455,196.2301,2748.9153	154.50687,241.7737,2700.8557	198.12799,207.81154,2825.2424	224.09917,218.78366,2901.5696	216.638,270.0667,3037.9158	177.42491,241.08383,2894.4517	139.53145,266.5812,2912.2097	150.89043,350.95215,2839.9922	175.22643,278.81076,3015.112	160.58293,432.0681,2788.3567	178.3362,361.64194,2942.2869	139.53145,266.5812,2912.2097	179.2325,435.55444,2896.961	214.9631,272.6169,2765.758	206.76994,248.35551,2624.219	
218.03276,172.48073,2764.3958	196.38878,207.37114,2833.824	168.77625,196.33282,2757.3901	154.02408,240.88493,2703.0085	196.38878,207.37114,2833.824	222.55093,217.82964,2910.2578	211.66953,268.29666,3048.9343	176.66206,241.77084,2897.2478	139.51463,268.8557,2909.3147	151.42165,353.3491,2850.3435	175.42354,280.33856,3012.0286	153.31082,430.91254,2802.2126	179.54256,363.10425,2957.0242	139.51463,268.8557,2909.3147	182.39218,433.44824,2890.414	209.89606,270.9025,2777.0623	205.48619,248.17674,2617.384	
215.9039,170.50569,2771.3025	194.99304,205.86774,2838.4456	167.45613,195.96553,2756.2102	151.32997,240.02477,2705.6736	194.99304,205.86774,2838.4456	220.97928,215.21234,2920.681	207.0727,266.81113,3068.0579	176.0006,240.85356,2900.437	139.55318,269.36896,2907.1694	149.84229,354.12598,2862.1006	175.3845,279.19806,3017.6875	149.15804,427.0359,2814.9224	178.95166,361.88174,2965.3857	139.55318,269.36896,2907.1694	182.247,429.10663,2894.3367	204.67397,269.98492,2795.8743	205.68323,248.09555,2643.322	
213.44681,169.08649,2775.1936	193.33713,204.9671,2841.841	165.74416,195.86191,2756.707	145.97743,237.4801,2727.431	193.33713,204.9671,2841.841	219.32497,213.54262,2926.975	204.78291,266.0817,3077.5708	175.11313,240.457,2903.0923	139.40793,270.05856,2907.2903	147.32758,354.94458,2875.1294	175.18794,278.735,3021.3967	146.28424,425.125,2822.4604	178.59244,361.44058,2961.6482	139.40793,270.05856,2907.2903	181.50293,429.89172,2886.483	200.46356,268.93823,2809.4543	198.75851,243.99777,2677.2551	
210.65854,167.68898,2776.5781	191.08545,204.0299,2843.3342	163.26015,195.32605,2758.3054	143.45937,237.68307,2727.2314	191.08545,204.0299,2843.3342	217.29486,212.22833,2928.363	199.92477,264.65256,3087.7834	173.5666,239.8904,2904.823	138.43498,270.11243,2909.3665	145.37468,355.01187,2882.429	174.42227,278.25955,3023.257	144.59793,423.75638,2827.76	178.90355,360.8606,2951.3696	138.43498,270.11243,2909.3665	181.19499,429.29657,2884.097	195.1353,268.18332,2817.356	196.57916,241.95244,2662.6792	
208.19836,168.14726,2788.8564	189.70198,205.19357,2850.0583	161.87724,197.31198,2762.8557	142.60944,238.42632,2725.2615	189.70198,205.19357,2850.0583	215.87457,212.60718,2937.261	202.95677,256.1966,3072.0122	173.26363,241.85425,2907.5312	139.09207,273.5191,2906.5732	146.57036,358.6146,2875.0703	175.12297,280.53012,3023.435	145.7673,427.5661,2824.576	180.06009,363.18243,2947.5483	139.09207,273.5191,2906.5732	182.99675,431.32462,2882.255	0.0,0.0,0.0	195.99501,241.11098,2649.9614	
204.80441,165.8254,2793.9343	187.47585,203.48125,2853.0222	159.49905,196.13582,2765.2295	142.3857,238.99933,2717.6924	187.47585,203.48125,2853.0222	213.78223,210.38809,2940.815	202.18222,259.6534,3089.0498	172.03174,240.79593,2908.4458	138.71402,273.51416,2905.0632	144.84871,358.8696,2870.7441	174.89853,279.79144,3022.6755	144.87587,423.37592,2821.0974	179.16173,362.53204,2941.6594	138.71402,273.51416,2905.0632	182.41454,428.01318,2880.1702	187.46439,267.59595,2814.0505	196.14847,240.55913,2633.863	
200.97015,164.61447,2796.9192	184.6822,202.89838,2854.1226	156.41032,195.81671,2767.8027	140.38411,238.75291,2715.8386	184.6822,202.89838,2854.1226	211.29417,209.56427,2940.4424	202.5438,258.82825,3089.2095	170.10237,240.75723,2907.6387	137.42555,274.20618,2903.3337	143.35178,359.60257,2871.739	173.96014,280.17264,3018.9758	143.8419,424.20734,2820.0771	177.65967,363.09003,2941.5007	137.42555,274.20618,2903.3337	181.68419,428.77502,2879.1982	184.24057,266.74304,2825.3245	193.31134,240.2762,2623.2966	
197.61197,161.78186,2798.838	182.34956,200.88478,2854.1553	153.59612,193.97546,2772.1843	142.09047,239.259,2709.3384	182.34956,200.88478,2854.1553	209.49753,207.4083,2936.1262	197.35101,264.4779,3050.8484	168.88316,239.34871,2906.4038	136.99213,273.46268,2903.7095	144.04913,358.7685,2869.937	174.10347,279.3365,3013.5952	143.90466,422.4033,2825.8142	179.0226,362.26562,2936.481	136.99213,273.46268,2903.7095	182.96243,427.86932,2879.0771	177.48952,261.63733,2786.9453	191.52113,240.12952,2594.5042	
194.60033,158.94229,2789.3242	180.54514,198.57137,2851.4153	151.2471,192.0478,2774.773	140.22241,238.05386,2709.5884	180.54514,198.57137,2851.4153	208.3094,204.75342,2928.0576	194.66568,268.7697,3029.931	168.21036,237.17133,2908.7805	137.2295,271.44965,2914.7683	144.30682,356.33575,2884.7888	174.82469,277.01053,3017.5232	144.20724,420.16962,2835.8533	179.53812,359.77136,2948.1838	137.2295,271.44965,2914.7683	182.8642,426.02948,2883.7742	174.57013,257.13306,2771.92	187.77356,240.0838,2591.6948	
191.5952,155.58257,2783.5835	178.43958,195.60988,2849.1387	148.75575,189.22325,2776.7332	134.56778,236.72746,2738.7412	178.43958,195.60988,2849.1387	206.65205,201.67993,2921.5442	192.69751,273.71393,2996.491	166.92851,234.50221,2908.003	136.58089,269.0479,2918.3674	142.90463,353.91202,2886.8416	174.5469,274.5644,3015.367	143.75505,420.35733,2822.0388	178.2119,357.4392,2943.3179	136.58089,269.0479,2918.3674	181.66336,426.03687,2879.3616	169.28539,250.89575,2767.9546	180.53294,237.27774,2623.894	
188.30457,152.91893,2792.17	176.17975,193.60721,2852.9573	146.23589,187.2921,2785.0125	130.71573,235.53828,2757.7837	176.17975,193.60721,2852.9573	204.73053,199.62852,2920.902	188.33553,272.54968,2981.8335	165.5699,233.11113,2907.3535	135.86806,268.33435,2916.234	142.79497,353.2546,2880.8066	174.24182,273.90793,3007.2656	144.02559,424.49768,2812.6616	177.9729,356.99445,2937.1348	135.86806,268.33435,2916.234	181.73254,427.85583,2875.6868	167.80775,244.89037,2756.845	174.11226,235.1446,2631.521	
184.8814,150.90643,2795.513	173.7831,192.1766,2855.4812	143.61441,186.18103,2790.4636	129.1345,234.54958,2768.8596	173.7831,192.1766,2855.4812	202.60852,197.90524,2920.4988	189.00151,271.80124,2981.1099	164.07823,232.0719,2908.2837	135.11026,267.87347,2917.5422	142.92487,352.67377,2880.2224	173.76035,273.13782,3004.6301	143.86063,424.44952,2816.306	177.48747,356.25177,2940.5183	135.11026,267.87347,2917.5422	181.78027,427.2056,2881.8489	164.95488,242.38504,2762.7275	169.10193,233.5731,2621.0383	
181.44788,148.33115,2808.7085	171.67262,190.0175,2862.0183	141.37337,184.54977,2798.3525	126.03844,233.24658,2782.9602	171.67262,190.0175,2862.0183	200.65323,195.24727,2925.684	189.68329,275.06586,2971.4812	163.15852,230.52939,2908.9692	135.17656,267.40378,2913.2786	143.39749,352.27536,2876.382	174.09183,272.03802,2998.5618	144.82336,424.94522,2813.302	177.26273,355.31567,2938.7698	135.17656,267.40378,2913.2786	182.9184,427.25415,2878.1982	164.04564,240.33376,2780.6782	163.51402,232.7777,2625.0496	
178.73027,146.29865,2825.3025	170.00673,188.4214,2871.318	139.66884,183.29703,2808.85	122.434586,230.63507,2788.4902	170.00673,188.4214,2871.318	199.05266,193.32755,2933.7861	189.65392,276.5788,2964.9072	162.38428,229.3991,2911.3127	135.13513,267.11526,2909.4675	141.90808,351.78275,2891.1516	174.24722,271.35696,2993.1472	144.7126,425.15845,2809.5322	175.9907,354.81686,2937.452	135.13513,267.11526,2909.4675	182.89906,428.0342,2879.2021	164.83731,237.5945,2794.7292	159.94774,231.39566,2633.8699	
175.66664,144.32904,2845.451	168.05836,186.77695,2881.1853	137.61928,181.9872,2824.584	120.27252,229.01779,2798.1143	168.05836,186.77695,2881.1853	197.32452,191.38216,2937.7866	186.75012,276.95554,2953.2314	161.5453,228.22084,2911.937	135.15508,266.7474,2904.74	141.06941,351.4931,2893.1135	174.67204,270.79745,2980.6375	145.25157,426.54944,2802.4968	175.96042,354.52118,2932.86	135.15508,266.7474,2904.74	183.31172,428.43594,2870.795	165.02539,234.03407,2800.4077	157.5866,228.80692,2641.8535	
173.08907,144.2418,2855.1226	166.39566,186.77423,2886.3596	135.86891,182.36531,2833.811	118.73598,228.01817,2799.0012	166.39566,186.77423,2886.3596	195.83078,191.02548,2938.9082	188.69456,262.2701,2966.1833	160.67488,228.45856,2913.0352	134.96935,267.50604,2904.51	140.45844,352.2027,2897.0935	174.67113,271.22217,2974.9114	144.86552,428.24884,2805.5493	174.81827,354.8673,2940.305	134.96935,267.50604,2904.51	183.06277,429.14056,2877.1047	159.41588,233.89207,2768.907	156.10408,226.65982,2643.6233	
170.6658,142.25296,2859.949	164.94438,184.90927,2889.6162	134.3454,180.93936,2841.887	118.75183,228.29305,2787.434	164.94438,184.90927,2889.6162	194.54897,188.75015,2937.3455	180.30672,252.32056,2894.6604	160.078,226.79877,2913.5137	135.13048,266.31955,2905.431	140.76848,350.95874,2899.3352	175.01683,269.6575,2969.3914	145.38058,426.34317,2804.9182	174.55005,353.3399,2940.6914	135.13048,266.31955,2905.431	183.29852,426.5855,2875.4397	138.39085,227.35709,2724.4841	155.939,225.32478,2631.267	
168.07974,140.79639,2873.4475	163.27649,183.32571,2896.7375	132.65013,179.98843,2849.1953	117.28821,227.85486,2789.7764	163.27649,183.32571,2896.7375	192.91379,186.55519,2944.2798	176.5014,248.86223,2853.454	159.47046,225.38425,2914.1748	135.47464,265.6646,2899.7742	140.27248,350.40323,2897.465	175.51,268.19284,2963.45	145.63985,428.08392,2800.4329	173.78957,351.91666,2939.5247	135.47464,265.6646,2899.7742	183.54982,427.4076,2875.1174	136.88055,213.5646,2750.254	153.12854,224.65912,2640.1926	
165.51042,139.58575,2880.1675	161.77661,182.3105,2901.3987	131.12828,179.49509,2855.622	120.06471,226.31657,2816.882	161.77661,182.3105,2901.3987	191.47285,185.03845,2947.1753	174.21333,247.56123,2835.8809	158.80667,224.45392,2916.0684	135.59024,265.20523,2900.0767	140.22699,349.6512,2905.8657	175.72284,267.12555,2961.3994	145.04442,427.37054,2809.9026	173.39076,350.8045,2941.134	135.59024,265.20523,2900.0767	183.45427,427.51434,2876.424	138.58752,206.17572,2786.087	150.00227,223.14645,2658.378	
163.72334,139.07716,2895.6323	160.80798,181.67685,2909.2766	130.2158,179.26408,2859.6843	122.747925,225.564,2847.5593	160.80798,181.67685,2909.2766	190.3747,184.00874,2958.869	170.33429,246.48827,2816.897	158.56543,223.81657,2917.203	136.01352,265.09503,2891.8997	139.69688,349.72827,2900.2688	176.19997,266.3466,2958.3586	145.14656,427.90082,2803.6682	173.40083,349.9301,2943.7126	136.01352,265.09503,2891.8997	184.1163,427.72266,2875.7102	140.32251,200.86308,2810.2856	147.3775,221.6861,2669.292	
161.54585,139.02274,2891.7607	159.33441,181.8802,2908.5261	128.67856,179.95703,2861.602	124.3734,226.25748,2857.2505	159.33441,181.8802,2908.5261	189.0168,183.74231,2955.4502	168.51564,245.64468,2808.0652	157.77354,224.08614,2917.7988	135.89473,265.66492,2895.6384	138.99582,349.867,2911.9075	176.11845,266.37674,2958.5046	144.40129,428.17737,2815.104	172.83829,349.9069,2945.2803	135.89473,265.66492,2895.6384	183.7063,428.4978,2878.9258	140.23941,198.43387,2821.5183	145.22371,220.74911,2666.4175	
159.81564,139.50507,2913.3813	158.21953,181.88263,2917.741	127.63075,180.20609,2869.2288	124.195145,226.63249,2866.6877	158.21953,181.88263,2917.741	187.80775,183.50432,2966.2532	167.10725,245.71843,2804.0095	157.18481,223.93309,2916.7542	135.73831,265.84265,2883.2751	138.73932,350.39667,2900.1123	176.11061,266.17764,2948.2595	144.90443,428.8213,2795.8533	172.94931,350.13635,2930.9348	135.73831,265.84265,2883.2751	183.8128,429.04428,2866.6672	140.69595,197.45908,2830.9978	143.55426,219.99945,2670.8738	
157.9835,138.82072,2923.22	157.06001,181.10004,2923.0552	126.52634,179.73932,2871.0352	123.966934,227.09846,2866.4248	157.06001,181.10004,2923.0552	186.52592,182.41315,2975.0752	165.81792,245.38974,2813.4602	156.71251,223.06856,2917.7256	135.942,265.29962,2877.5393	139.09006,349.37643,2907.2693	176.3024,265.08435,2947.2527	145.17766,427.96515,2800.8728	172.96088,348.78235,2938.0925	135.942,265.29962,2877.5393	183.9772,427.77155,2876.8916	140.25302,195.78839,2830.6858	142.76901,219.24652,2669.912	
156.45584,137.57977,2927.6316	156.17924,179.92929,2927.161	125.72029,178.87047,2871.3328	124.61966,227.34937,2871.7703	156.17924,179.92929,2927.161	185.49808,180.94849,2982.989	162.43512,241.40515,2807.5037	156.49744,221.84698,2921.124	136.46124,264.32245,2877.6794	138.85687,348.07712,2913.9658	176.65686,263.56387,2952.4949	145.4816,427.5891,2803.3933	173.01407,347.26523,2938.4082	136.46124,264.32245,2877.6794	183.85303,426.9304,2884.1284	140.13516,191.89066,2849.6606	142.4806,218.53517,2669.3674	
