280.55548,130.06448,2715.564	281.17206,174.96779,2716.4795	249.15063,175.21524,2713.2031	235.6242,219.83818,2646.5332	281.17206,174.96779,2716.4795	313.1163,174.72092,2719.7559	313.11615,233.73715,2719.7556	281.66495,220.16202,2719.8894	261.3218,265.475,2721.1611	261.38766,355.4899,2724.836	302.95877,265.01147,2725.4375	255.97244,440.51233,2629.8499	306.01196,356.74866,2657.1826	261.3218,265.475,2721.1611	325.4696,442.84735,2564.376	313.07635,292.73233,2720.8174	249.9233,188.08478,2418.085	
280.2197,129.39601,2717.2341	281.03897,174.2462,2717.9514	249.18564,174.74036,2720.1128	235.55603,219.60063,2648.7527	281.03897,174.2462,2717.9514	312.94302,173.75125,2715.79	312.94287,232.85367,2715.7898	281.7094,219.41266,2720.5632	261.61438,264.76785,2724.5862	262.1653,354.9525,2721.716	303.1643,264.21683,2721.764	257.05627,439.26715,2637.3352	306.86145,356.03284,2655.1775	261.61438,264.76785,2724.5862	326.76556,442.32303,2561.4292	312.9071,291.93744,2716.7454	250.83768,187.87868,2418.9856	
280.37784,127.89941,2718.0728	280.76846,172.78027,2718.118	248.93207,173.06255,2721.0566	236.63126,218.50377,2636.3823	280.76846,172.78027,2718.118	312.67377,172.49738,2715.1792	312.6736,231.6131,2715.179	281.11252,217.9498,2720.6724	260.7153,263.155,2725.144	260.83517,353.3968,2720.7502	302.22577,262.91403,2721.3096	255.95569,438.30725,2634.53	305.37393,354.58585,2665.6602	260.7153,263.155,2725.144	325.8806,441.92197,2561.6113	312.64157,290.71243,2716.0388	250.26689,187.08664,2397.54	
279.56586,128.64395,2718.502	279.95874,173.36118,2717.7666	248.3877,173.70819,2727.8323	236.1882,217.90488,2637.7095	279.95874,173.36118,2717.7666	311.76447,173.01155,2707.701	311.7643,232.29054,2707.7007	280.16028,218.53395,2719.7627	259.74857,263.64957,2728.3315	260.81927,353.91824,2720.3137	301.0743,263.63135,2715.186	255.74872,439.59088,2636.67	304.8943,355.5027,2660.602	259.74857,263.64957,2728.3315	325.40054,443.96228,2557.4053	311.7357,291.5545,2708.4746	248.98914,186.47198,2392.4128	
280.04703,129.19537,2718.2014	280.12332,173.66342,2715.508	248.30194,173.80383,2719.4995	236.25775,218.46971,2636.8472	280.12332,173.66342,2715.508	312.03842,173.5226,2711.5166	312.03824,232.71817,2711.5164	280.1736,218.85962,2714.9797	259.4474,264.07843,2717.0552	261.20642,355.15308,2694.8955	301.0404,264.06836,2711.8477	256.72943,440.1908,2625.4546	306.33734,355.98944,2656.9402	259.4474,264.07843,2717.0552	326.33807,443.3672,2560.405	312.01248,291.90018,2712.213	249.0929,186.20552,2390.464	
280.36255,128.66661,2719.0552	280.403,173.31984,2715.7073	248.47462,173.40842,2716.1428	235.76297,218.6161,2633.4263	280.403,173.31984,2715.7073	312.34164,173.23123,2715.2717	312.3415,232.34492,2715.2717	280.51147,218.51512,2715.5928	259.79538,263.76254,2715.7622	261.89297,354.58765,2702.503	301.4489,263.6659,2715.1943	257.42374,438.44,2635.0803	307.44806,355.419,2660.756	259.79538,263.76254,2715.7622	326.81015,441.81476,2566.2297	312.31827,291.44656,2715.8987	249.50027,186.01666,2389.2659	
280.6825,128.91464,2728.485	280.7107,173.07364,2718.4446	248.77167,173.21236,2717.5557	236.8606,216.67937,2615.2222	280.7107,173.07364,2718.4446	312.62885,172.935,2719.3335	312.62866,231.96042,2719.3335	280.8719,218.16675,2713.437	260.12656,263.53677,2707.8496	261.78076,354.81625,2689.9941	301.93192,263.3165,2709.0093	257.26572,439.39526,2626.2715	307.82336,355.297,2654.2808	260.12656,263.53677,2707.8496	326.8985,442.33984,2561.7537	312.60776,290.9751,2719.8977	249.82326,185.66528,2367.9949	
280.34674,129.0632,2722.6934	280.47418,173.49112,2716.65	248.54163,173.71524,2716.959	237.3217,217.59544,2620.606	280.47418,173.49112,2716.65	312.414,173.26695,2716.3408	312.41385,232.35739,2716.3408	280.75787,218.65347,2715.1318	260.18204,264.00604,2713.8154	261.71326,355.10492,2695.9714	301.90485,263.72665,2713.412	256.82126,439.8045,2639.5566	307.7138,355.53925,2660.7104	260.18204,264.00604,2713.8154	326.22284,442.3979,2572.3643	312.39502,291.43808,2716.8486	251.59225,185.95589,2374.6584	
280.56354,129.5231,2720.8013	280.45227,174.17973,2715.8787	248.52083,174.24313,2716.6304	236.56172,217.80438,2619.8052	280.45227,174.17973,2715.8787	312.4014,174.1163,2715.127	312.40125,233.23315,2715.127	280.5099,219.36722,2715.476	259.72,264.59314,2715.564	261.05243,355.94968,2687.0632	301.42255,264.54303,2714.583	256.49518,440.04385,2634.0461	308.04453,356.38162,2651.7673	259.72,264.59314,2715.564	325.5387,442.86093,2568.6562	312.38428,292.3411,2715.584	248.15805,186.67297,2368.5654	
280.60992,129.32224,2719.8552	280.52957,174.11873,2715.5408	248.6138,174.14246,2717.0186	236.1153,216.32095,2613.9033	280.52957,174.11873,2715.5408	312.48007,174.09497,2714.063	312.47992,233.235,2714.063	280.51978,219.31952,2715.984	259.68127,264.48898,2717.3916	261.30853,355.9534,2682.4521	301.35352,264.5222,2715.4624	257.30606,438.8686,2635.4797	309.16376,356.28473,2646.7395	259.68127,264.48898,2717.3916	326.5433,442.2471,2565.1216	312.46466,292.36697,2714.4744	242.4812,185.79338,2355.184	
281.06235,129.85493,2728.3809	280.67218,174.39922,2718.9539	248.8428,174.37146,2721.9287	232.78778,217.71857,2603.9536	280.67218,174.39922,2718.9539	312.57126,174.42703,2715.979	312.5711,233.52533,2715.979	280.4796,219.51205,2716.19	259.4584,264.63406,2715.368	261.31342,356.2201,2678.6736	301.1447,264.79968,2711.4841	257.0575,439.55554,2631.3074	309.36188,356.68683,2642.7527	259.4584,264.63406,2715.368	326.2711,442.49042,2561.1436	312.5574,292.6164,2716.349	235.6964,183.91302,2346.226	
281.27893,129.44382,2734.1401	281.0163,173.7996,2721.817	249.13828,173.65758,2721.832	230.34085,215.36755,2614.9734	281.0163,173.7996,2721.817	312.89468,173.94164,2721.8018	315.2673,189.21613,2711.8193	280.74127,218.83691,2716.7183	259.57608,263.9502,2711.6296	261.5006,355.57523,2678.28	301.35452,264.137,2711.6096	257.59018,438.2829,2628.9211	310.28555,355.94376,2642.155	259.57608,263.9502,2711.6296	326.7053,441.3476,2565.6833	313.3164,217.66211,2595.9678	231.5375,180.4519,2351.1978	
281.00226,129.30057,2736.532	281.01755,173.44885,2722.9287	249.0777,173.35635,2719.7305	225.3169,212.85995,2618.5002	281.01755,173.44885,2722.9287	312.88248,173.54112,2726.127	319.7784,199.73499,2711.854	280.92987,218.44394,2716.0745	259.89502,263.6756,2707.1323	262.3476,355.2591,2680.0693	301.75616,263.65778,2711.308	257.42725,439.51752,2627.3325	310.4703,355.46765,2644.6067	259.89502,263.6756,2707.1323	326.69583,440.92084,2565.9802	317.04706,219.88165,2523.3643	224.57501,175.68942,2355.1362	
280.79294,129.18204,2737.2197	280.88635,173.24646,2723.7646	248.96123,173.23412,2721.0813	219.95248,208.4559,2623.2588	280.88635,173.24646,2723.7646	312.7486,173.25877,2726.448	326.0795,204.7227,2709.9583	280.88492,218.22318,2716.503	259.94543,263.49124,2707.4902	262.0116,354.84097,2687.8052	301.7945,263.39084,2710.9922	256.91217,438.96835,2633.7622	309.7015,355.28363,2644.248	259.94543,263.49124,2707.4902	325.9738,440.89047,2568.313	325.1173,214.2638,2482.046	217.59827,168.67621,2359.4087	
281.84308,129.26279,2737.5586	281.6796,173.18465,2722.6968	249.71936,172.98547,2719.0203	214.57036,203.53293,2634.6243	281.6796,173.18465,2722.6968	313.55365,173.3833,2726.3733	346.09406,195.13333,2711.5435	281.45517,218.17004,2714.831	260.2591,263.36624,2704.566	262.68356,354.648,2689.7283	302.16263,263.4674,2709.3647	257.14212,439.41953,2629.7786	309.5267,355.44598,2645.0479	260.2591,263.36624,2704.566	326.61667,441.11053,2566.6794	343.84854,168.16373,2498.1077	210.61499,161.18503,2375.9058	
281.64185,128.62775,2737.23	281.65723,172.59283,2722.086	249.70584,172.41956,2719.2488	209.47604,197.80832,2639.818	281.65723,172.59283,2722.086	313.54205,172.76572,2724.923	353.98636,187.69629,2709.7678	281.42972,217.58438,2714.0217	260.23102,262.7922,2704.106	262.18866,354.05588,2690.7214	302.14203,262.89594,2707.809	256.70618,439.0555,2633.8909	308.9721,354.95987,2643.614	260.23102,262.7922,2704.106	326.46594,440.64624,2565.102	354.56598,153.08661,2503.4119	205.21844,151.90213,2391.37	
282.31583,128.28925,2737.567	282.28125,172.32578,2721.918	250.39029,172.21494,2721.591	204.77948,190.8541,2650.4119	282.28125,172.32578,2721.918	314.16452,172.43657,2722.2449	359.0283,178.50815,2706.883	282.02878,217.32155,2713.9648	260.83698,262.51617,2705.7983	263.1816,353.56604,2696.471	302.7094,262.64746,2706.225	257.5484,438.32745,2637.37	309.13416,354.75223,2645.6448	260.83698,262.51617,2705.7983	327.55276,441.40027,2564.7402	362.25006,136.92137,2509.3357	199.16016,141.80322,2411.0483	
282.86157,128.63452,2748.2341	282.6149,171.88828,2724.8108	250.77786,171.83759,2725.3618	201.23892,183.54988,2648.2092	282.6149,171.88828,2724.8108	314.4648,171.93896,2724.2598	360.8515,166.96973,2716.44	282.32922,216.71753,2711.474	261.05643,261.94455,2698.497	263.41437,353.22412,2689.718	303.03067,262.03537,2697.7778	257.3159,438.80344,2628.0374	308.3358,354.38678,2644.236	261.05643,261.94455,2698.497	327.14108,441.51166,2558.7124	365.57043,121.161964,2522.4775	194.94815,130.28586,2426.4917	
282.9981,128.00443,2743.5627	282.85724,171.27701,2722.9553	251.02731,171.36136,2724.607	199.33453,174.38422,2644.0984	282.85724,171.27701,2722.9553	314.72583,171.19258,2721.3037	360.72046,154.7419,2720.218	282.7424,216.18842,2712.0098	261.68005,261.48334,2702.142	264.33072,351.92963,2709.152	303.58994,261.44427,2699.9863	258.06027,437.83383,2638.8152	308.47122,353.48376,2658.5771	261.68005,261.48334,2702.142	327.30014,441.10748,2567.2856	364.27835,105.246185,2537.9387	193.2532,117.32418,2443.1797	
284.11142,128.16096,2740.7295	283.7294,171.23605,2721.1985	251.83052,171.23071,2720.969	197.97076,164.96982,2645.046	283.7294,171.23605,2721.1985	315.6229,171.2414,2721.428	359.41895,143.37186,2719.6084	283.6003,216.2005,2711.2622	262.49756,261.49722,2701.1763	264.86423,352.2189,2703.3394	304.44064,261.49426,2701.4756	257.89514,439.5581,2631.1216	308.9847,353.53278,2659.7837	262.49756,261.49722,2701.1763	327.04755,441.97577,2568.533	360.88312,90.08301,2547.0842	192.87418,105.82349,2457.3494	
284.76227,128.27603,2739.3105	284.14902,171.13995,2719.9436	252.186,170.98637,2717.4897	197.54745,153.68726,2644.018	284.14902,171.13995,2719.9436	316.05444,171.29324,2722.3975	355.84418,133.75534,2716.3018	283.9237,216.12988,2710.1338	262.68903,261.39935,2698.7224	264.5185,351.90613,2708.0244	304.6795,261.494,2701.9255	257.386,439.70416,2632.091	308.58167,353.58478,2658.9941	262.68903,261.39935,2698.7224	326.58545,441.69983,2567.4744	355.26617,76.79846,2559.7314	192.9811,92.82678,2463.3867	
285.20023,128.94565,2749.1062	284.40845,171.19711,2722.659	252.43411,170.94037,2717.9646	198.58267,144.5098,2642.007	284.40845,171.19711,2722.659	316.27274,171.45297,2727.3533	351.4744,126.05019,2709.1558	284.11435,216.01569,2707.507	262.72458,261.27206,2689.2913	264.20935,352.12387,2698.4631	304.8613,261.4052,2695.4192	257.03583,439.42767,2625.3435	308.80148,353.7654,2650.551	262.72458,261.27206,2689.2913	326.32794,441.82892,2562.01	347.11066,66.42413,2583.533	193.17113,81.18977,2469.0903	
285.49484,128.87341,2743.5015	284.71634,171.29541,2720.3574	252.68745,170.96967,2714.1018	199.57982,136.29321,2634.9998	284.71634,171.29541,2720.3574	316.59824,171.61969,2726.613	346.5137,120.868324,2704.5767	284.4224,216.19658,2706.8188	263.02774,261.47162,2689.1975	264.72052,352.10968,2702.981	305.15942,261.6265,2697.363	257.41385,438.76813,2637.7898	308.72968,353.81647,2658.067	263.02774,261.47162,2689.1975	326.92288,441.923,2567.703	339.98135,59.64174,2605.6519	194.56744,70.22902,2475.006	
286.05334,127.666466,2750.199	285.2144,169.97238,2721.7976	253.17877,169.4774,2713.7734	201.42877,128.03064,2636.993	285.2144,169.97238,2721.7976	317.0617,170.46445,2729.8218	341.80008,115.89975,2701.7925	284.7807,214.7511,2704.6323	263.18527,259.951,2682.23	265.01996,350.86444,2695.4111	305.41544,260.25214,2692.704	257.12335,437.40692,2629.476	308.63376,352.64014,2651.7046	263.18527,259.951,2682.23	326.98526,440.5875,2562.2236	331.5372,54.007843,2622.1694	195.83536,60.594482,2476.5264	
286.2418,128.45789,2755.5498	285.1765,169.96198,2722.5647	253.13478,169.36821,2713.3992	203.2425,121.84594,2633.4941	285.1765,169.96198,2722.5647	317.00323,170.55174,2731.7302	338.46777,111.458755,2701.9004	284.67267,214.64018,2702.2632	262.95486,259.8031,2675.98	265.00687,350.2813,2701.2847	305.27316,260.1856,2687.9434	256.49988,439.97836,2627.47	307.8003,352.64813,2651.7686	262.95486,259.8031,2675.98	326.36435,441.72162,2562.1858	324.79092,49.58777,2634.7922	196.62155,52.64827,2484.6348	
286.5828,127.947136,2746.7236	285.24936,169.98235,2719.49	253.17493,169.16885,2710.4207	204.41129,116.81627,2630.2566	285.24936,169.98235,2719.49	317.11053,170.79042,2728.5593	336.37326,108.91954,2701.9387	284.42896,214.81776,2703.3313	262.43402,259.85486,2681.2534	263.9164,349.70547,2714.8801	304.67035,260.52847,2693.0918	256.3524,439.9614,2638.131	307.47687,352.65366,2662.87	262.43402,259.85486,2681.2534	325.92776,441.781,2570.6226	320.97363,46.976135,2651.7285	197.47095,46.054855,2491.11	
286.81046,128.28519,2743.3066	285.2005,170.18753,2718.1636	253.10251,169.19507,2708.147	205.17099,113.60058,2630.123	285.2005,170.18753,2718.1636	317.06277,171.17273,2728.1802	335.85242,108.33914,2702.9648	284.18073,215.07059,2702.8362	261.9828,260.0314,2680.9712	264.32635,350.46405,2703.489	304.2131,260.89764,2694.0464	255.9607,440.74612,2633.6543	307.79965,353.05008,2660.6357	261.9828,260.0314,2680.9712	326.07132,442.23956,2564.6858	322.26666,45.46306,2654.754	197.80574,42.09189,2505.5767	
286.42694,127.92828,2742.103	284.86096,170.06207,2717.054	252.73947,168.9739,2705.9817	206.25308,110.82506,2628.5576	284.86096,170.06207,2717.054	316.72177,171.14139,2728.1262	335.44907,108.152985,2709.9866	283.767,214.95825,2701.4236	261.47528,259.9032,2678.5667	264.9811,350.35815,2702.0466	303.73163,260.84827,2693.0198	255.7474,439.9588,2630.5686	307.98535,353.10767,2655.3755	261.47528,259.9032,2678.5667	325.92493,441.96136,2563.8442	324.01123,44.90457,2668.05	198.18362,38.196487,2516.4543	
285.67682,128.03865,2742.0132	284.34137,170.12451,2716.6833	252.21173,169.06299,2705.6165	206.39575,108.96988,2633.7905	284.34137,170.12451,2716.6833	316.21027,171.1774,2727.7502	336.52005,108.272354,2713.5044	283.28293,215.01527,2700.4648	261.01266,259.99203,2677.0234	265.0473,350.2353,2705.316	303.297,260.90256,2691.4692	256.43637,438.9648,2633.4407	308.50778,353.20975,2651.8816	261.01266,259.99203,2677.0234	325.3374,441.7243,2568.8875	328.08554,44.29367,2677.9866	197.1434,35.594925,2525.7021	
284.63116,127.68019,2742.457	283.63034,169.78104,2715.9302	251.48904,168.93872,2705.2915	206.5523,107.70792,2638.3987	283.63034,169.78104,2715.9302	315.5208,170.61676,2726.5688	336.94522,108.673416,2715.749	282.85596,214.66547,2698.8965	260.85168,259.79858,2674.9192	264.9875,350.15674,2702.5818	303.1822,260.43988,2688.8064	257.06403,438.1396,2633.8762	308.6145,352.83752,2648.695	260.85168,259.79858,2674.9192	325.70593,440.7455,2567.5442	330.74655,44.169876,2687.776	197.73985,34.10753,2534.903	
284.16846,127.54142,2739.6724	283.2833,169.73602,2714.8242	251.12802,169.03561,2704.4634	207.67535,105.30165,2642.1943	283.2833,169.73602,2714.8242	315.1941,170.43112,2725.185	336.9583,109.73076,2714.868	282.6903,214.66045,2698.5352	260.8733,259.89688,2675.484	265.26782,350.2863,2702.1006	303.20026,260.36295,2689.0083	257.57227,438.15433,2634.5566	308.79825,352.596,2654.928	260.8733,259.89688,2675.484	326.0571,441.25055,2570.303	334.2651,44.76042,2690.4102	196.44916,32.39485,2543.8428	
284.52753,128.86607,2738.286	283.58105,170.45416,2715.1306	251.41907,169.81903,2703.6716	211.52225,112.22281,2662.4875	283.58105,170.45416,2715.1306	315.47272,171.08395,2726.5896	336.74326,110.86299,2715.9382	283.1421,215.39677,2699.5408	261.49078,260.69537,2676.472	265.52454,351.3561,2697.2888	303.78735,261.0267,2691.43	258.3739,439.11072,2635.4902	309.00375,353.08264,2662.1233	261.49078,260.69537,2676.472	326.52744,441.83475,2571.977	336.1952,45.33194,2689.2126	199.47374,41.53972,2571.5496	
284.9074,128.44585,2738.0881	284.16168,170.51158,2716.0583	252.01093,169.99486,2704.5198	212.08807,111.80844,2672.2363	284.16168,170.51158,2716.0583	316.04044,171.02393,2727.597	336.73285,110.65126,2717.9653	283.89435,215.46748,2701.6335	262.44467,260.8197,2679.678	265.20987,351.52957,2698.1199	304.68527,260.99188,2694.7395	258.5979,437.64978,2637.9543	309.00803,353.06018,2662.4717	262.44467,260.8197,2679.678	327.03076,441.15363,2568.0903	334.41928,44.779373,2689.6885	200.23007,41.11728,2581.1985	
285.43622,127.86927,2739.4966	284.56824,170.10211,2717.0361	252.42366,169.54749,2704.5725	212.28336,108.508224,2677.6165	284.56824,170.10211,2717.0361	316.41925,170.6517,2729.4998	335.8815,110.65239,2718.9895	284.30713,215.02742,2702.0747	262.86127,260.36188,2678.9788	265.0006,351.34528,2692.6755	305.0971,260.54352,2695.2478	258.217,437.51483,2634.6794	308.33652,352.70328,2660.2136	262.86127,260.36188,2678.9788	326.63794,441.79657,2562.4055	330.20724,44.65004,2679.4668	200.39893,36.31984,2582.5896	
286.23126,128.30057,2749.6912	285.17545,169.97113,2720.8574	253.07356,169.09952,2705.544	215.3141,113.05334,2686.6128	285.17545,169.97113,2720.8574	316.91803,170.83295,2736.171	333.44617,111.03552,2721.0005	284.6744,214.70226,2701.4092	262.94302,259.84314,2671.9644	264.16498,351.02466,2686.871	305.23154,260.31934,2691.9575	257.87357,437.53662,2630.1697	307.86783,352.70486,2652.976	262.94302,259.84314,2671.9644	326.5257,442.76535,2561.1587	325.9907,44.800476,2668.3245	203.92357,42.825897,2601.7378	
286.34625,128.61615,2753.7969	285.23257,170.0065,2722.8228	253.15115,168.99652,2706.245	216.08014,111.38216,2691.3037	285.23257,170.0065,2722.8228	316.92575,171.00429,2739.4004	332.23798,111.06654,2718.5054	284.63452,214.65945,2701.71	262.7992,259.7124,2669.7783	263.61713,350.57062,2692.4194	305.0843,260.31674,2691.416	257.67206,437.48242,2632.4028	307.24368,352.7851,2650.3267	262.7992,259.7124,2669.7783	326.2764,442.95575,2564.7002	321.87277,44.699722,2662.2678	205.98416,41.35814,2608.3306	
286.76025,129.01279,2755.8552	285.6266,170.16263,2724.069	253.56097,169.14761,2707.9712	217.60468,114.23607,2699.404	285.6266,170.16263,2724.069	317.31543,171.16574,2740.167	331.6335,111.05957,2716.7563	285.0003,214.77008,2702.02	263.13022,259.79355,2669.465	263.96356,350.6306,2692.9128	305.4314,260.42703,2690.4768	258.07263,437.94287,2632.9788	308.04132,352.92407,2649.2307	263.13022,259.79355,2669.465	327.0635,442.7807,2562.6812	319.6532,44.51628,2664.228	207.59299,45.197266,2622.0215	
286.50552,129.56458,2756.3804	285.43533,170.58395,2724.0452	253.36633,169.56155,2706.9932	216.77357,112.9598,2702.6997	285.43533,170.58395,2724.0452	317.10535,171.59363,2741.0972	331.32874,110.76131,2716.3853	284.8617,215.18854,2701.7104	263.0398,260.235,2668.2466	263.673,351.15994,2690.8508	305.34155,260.83603,2690.505	257.5736,438.4003,2634.9233	307.42435,353.2569,2653.3804	263.0398,260.235,2668.2466	326.738,443.20947,2561.329	318.5107,44.452713,2677.4824	207.22562,43.16861,2625.3066	
286.61304,128.89136,2756.6357	285.68243,170.23755,2725.1243	253.62634,169.32404,2708.8005	215.04236,108.54845,2703.3474	285.68243,170.23755,2725.1243	317.3568,171.14017,2741.448	333.07266,110.517914,2718.6843	285.2089,214.84935,2703.6467	263.51028,259.92975,2671.5154	263.46854,350.64795,2695.9536	305.77734,260.41953,2692.823	258.2,437.1062,2639.834	308.40894,352.74164,2655.6953	263.51028,259.92975,2671.5154	326.88403,442.44333,2565.9697	321.97852,44.179733,2682.9744	204.53513,37.28888,2619.4622	
285.68863,128.23492,2756.7544	285.09726,169.80832,2724.9207	253.0427,169.23976,2710.7598	216.38696,113.74311,2706.5166	285.09726,169.80832,2724.9207	316.82037,170.37097,2739.0815	334.89813,110.26729,2719.3267	284.96802,214.40924,2703.1123	263.60922,259.6703,2672.0603	262.98276,350.56937,2692.6135	305.9183,259.80063,2690.5476	258.09747,437.6501,2638.8347	307.53372,352.2709,2650.9417	263.60922,259.6703,2672.0603	326.53702,442.32416,2560.0537	327.0768,43.764328,2690.6233	204.97327,44.51808,2635.335	
284.60153,128.35583,2756.8235	284.29254,169.75797,2724.9917	252.23677,169.37796,2711.6511	214.58884,112.845215,2706.7573	284.29254,169.75797,2724.9917	316.03598,170.13431,2738.3323	335.90778,110.84805,2721.1572	284.36713,214.36377,2703.408	263.22122,259.72885,2673.1177	263.0814,350.7321,2691.0173	305.52728,259.6465,2690.5308	257.24734,437.51736,2637.715	306.87674,352.01102,2655.5918	263.22122,259.72885,2673.1177	325.467,441.5074,2566.1594	332.38022,44.271637,2694.6807	203.2586,43.370438,2634.556	
284.39532,128.06807,2758.37	284.10614,169.64258,2726.272	252.06274,169.33563,2712.9158	211.78645,109.1785,2701.887	284.10614,169.64258,2726.272	315.8371,169.94653,2739.6282	337.36487,111.5374,2721.5872	284.2863,214.21512,2704.3445	263.25128,259.60614,2673.7002	263.93848,350.7259,2688.8264	305.55005,259.42722,2691.1338	257.65216,436.89764,2638.4177	307.25284,351.91965,2648.629	263.25128,259.60614,2673.7002	326.32272,441.80533,2566.192	335.51514,45.100754,2702.3564	200.29062,38.44725,2628.6062	
284.95312,128.95462,2749.135	284.30707,170.33105,2724.2585	252.24263,169.85541,2711.1948	210.44574,106.23976,2700.9517	284.30707,170.33105,2724.2585	316.0655,170.80217,2737.3223	337.1419,112.01149,2722.2844	284.20282,215.05856,2706.5842	262.9288,260.34647,2680.3838	263.90497,351.17615,2696.7874	305.1318,260.40146,2697.436	257.25165,437.4983,2643.093	307.05316,352.62244,2658.1995	262.9288,260.34647,2680.3838	325.58472,442.22437,2571.0881	336.64484,45.248657,2699.0405	197.5736,34.65976,2628.1362	
285.3971,128.78766,2753.515	284.42926,170.39914,2726.5522	252.38959,169.64023,2712.4033	210.83075,104.69946,2705.4666	284.42926,170.39914,2726.5522	316.13815,171.15024,2740.7012	336.8383,111.8963,2719.645	284.00327,215.0405,2707.0334	262.38968,260.13873,2678.2798	262.95374,351.31372,2688.9126	304.6074,260.52054,2696.7495	257.2575,437.7702,2636.107	307.09363,352.8945,2650.0403	262.38968,260.13873,2678.2798	325.40683,441.60318,2565.2014	334.621,44.635605,2689.644	196.05078,32.33516,2627.5596	
285.72052,128.41022,2755.208	284.6595,170.09276,2727.6567	252.63065,169.25658,2712.7324	211.23431,103.93045,2707.7275	284.6595,170.09276,2727.6567	316.33975,170.91983,2742.581	335.2855,111.71098,2722.33	284.1792,214.71175,2707.9404	262.51743,259.7594,2678.4836	263.2305,350.4445,2698.6917	304.71344,260.2094,2697.9646	257.88034,437.66016,2636.308	307.46042,352.5362,2651.3918	262.51743,259.7594,2678.4836	325.99252,440.57004,2567.6667	329.6857,44.261795,2676.8906	196.7005,30.988922,2627.8826	
286.89313,128.5346,2767.05	285.3623,169.73267,2732.783	253.40482,168.50247,2717.119	215.11075,110.683044,2713.535	285.3623,169.73267,2732.783	316.9555,170.94885,2748.447	333.158,111.63959,2719.6816	284.4277,214.08424,2707.9285	262.2644,258.7837,2672.85	263.10736,349.96274,2687.1428	304.5262,259.72772,2693.2979	257.4681,437.63113,2629.9136	306.99628,352.24847,2645.2866	262.2644,258.7837,2672.85	325.4748,440.7287,2563.0623	323.67422,44.345856,2665.2354	201.18015,41.05577,2649.6243	
287.11456,129.79327,2782.9744	285.41025,169.87877,2738.4265	253.52255,168.48526,2722.7021	216.50897,110.33913,2718.7537	285.41025,169.87877,2738.4265	316.9338,171.25635,2754.151	331.24084,111.73476,2718.8538	284.32037,213.83763,2706.2202	261.92398,258.2686,2663.7515	262.52475,349.288,2687.2415	304.32184,259.43768,2684.2764	257.2522,437.88428,2626.165	306.99896,352.23373,2638.046	261.92398,258.2686,2663.7515	325.9305,441.80707,2557.3613	319.35922,44.94879,2668.4685	203.94135,41.35608,2654.0474	
287.54425,129.57214,2780.935	285.60828,169.93372,2738.346	253.72495,168.45691,2723.2322	215.52304,106.50697,2724.3787	285.60828,169.93372,2738.346	317.14157,171.39432,2753.4597	329.85513,112.04038,2719.422	284.33868,213.96593,2707.54	261.7818,258.3569,2666.87	262.92102,348.71884,2700.2637	304.1418,259.6616,2686.5981	257.67334,437.75992,2639.7427	306.79968,352.14288,2650.4622	261.7818,258.3569,2666.87	326.19687,441.90845,2565.522	317.21246,45.254303,2670.155	203.39563,36.404083,2645.7573	
287.13495,130.29413,2790.416	285.22217,170.01947,2741.4207	253.3775,168.61014,2727.6284	218.06859,111.92462,2723.6096	285.22217,170.01947,2741.4207	316.74802,171.41467,2755.213	329.35452,111.538666,2723.7073	283.97348,213.78168,2705.555	261.37546,258.07687,2660.6873	262.5774,348.83203,2691.177	303.86377,259.3583,2678.6912	257.41837,438.1855,2628.1326	307.01044,352.11926,2642.1096	261.37546,258.07687,2660.6873	325.5576,441.35803,2556.6921	316.7515,44.555832,2675.742	206.27002,43.491882,2658.2908	
286.27515,130.19717,2774.66	284.5791,170.37575,2736.8582	252.68716,169.13953,2724.8596	216.78348,111.567566,2725.2961	284.5791,170.37575,2736.8582	316.19266,171.60117,2748.8567	330.06738,112.17068,2726.8665	283.37283,214.53342,2709.1882	260.9203,259.0414,2673.6868	262.5302,349.0514,2709.4463	303.2395,260.1601,2689.3499	257.41296,437.55353,2650.6597	306.53384,352.3758,2659.6255	260.9203,259.0414,2673.6868	325.5183,441.6241,2575.9585	319.38354,44.96286,2678.702	206.38931,42.4532,2656.5725	
285.35162,130.2188,2777.2852	283.8926,170.54807,2737.8853	252.0072,169.42719,2726.1362	214.84222,107.60687,2720.1567	283.8926,170.54807,2737.8853	315.50552,171.65935,2749.6343	332.73233,112.17541,2728.4355	282.82437,214.68924,2709.5044	260.5077,259.27487,2673.4558	262.6487,349.88837,2697.7766	302.8383,260.25217,2688.7913	257.5486,437.7176,2639.5896	307.00436,352.7329,2645.0774	260.5077,259.27487,2673.4558	325.39786,441.2082,2565.0964	324.69055,45.262985,2691.0833	204.60799,37.426956,2642.2812	
284.8395,130.78549,2777.599	283.57718,170.94218,2738.4736	251.69604,169.89137,2726.8706	213.41577,106.14496,2719.591	283.57718,170.94218,2738.4736	315.18927,171.98413,2750.0767	334.49713,112.69252,2726.7188	282.59143,215.08366,2709.9028	260.35852,259.7191,2673.7593	263.17526,350.3624,2697.3496	302.69128,260.61005,2688.9048	257.6839,437.8653,2637.2112	306.94186,353.01956,2649.7417	260.35852,259.7191,2673.7593	325.8992,441.40692,2563.4326	330.2511,45.716766,2692.138	202.28445,34.86943,2634.517	
285.07883,130.8346,2779.7568	283.75137,171.18352,2739.4893	251.8789,170.11499,2727.4407	212.70566,105.51688,2719.2986	283.75137,171.18352,2739.4893	315.3447,172.24269,2751.5378	336.56668,112.89664,2722.37	282.77783,215.2864,2710.122	260.55072,259.90628,2672.8914	263.51382,350.56287,2696.923	302.89093,260.80222,2688.6184	257.96332,437.23273,2634.583	307.40643,353.23557,2649.2134	260.55072,259.90628,2672.8914	326.6129,441.7273,2562.8628	334.16,45.807693,2697.0752	200.90994,33.634125,2625.861	
284.4766,130.45656,2780.8308	283.3243,170.94115,2740.2104	251.45972,170.00911,2728.6328	212.28276,104.93553,2720.1562	283.3243,170.94115,2740.2104	314.9208,171.86536,2751.788	337.58972,112.879326,2722.1833	282.5057,215.01225,2710.2817	260.43262,259.6985,2672.7966	263.62936,350.11896,2701.2485	302.7856,260.4345,2687.9094	257.7337,436.84357,2635.1213	307.30734,352.8585,2650.159	260.43262,259.6985,2672.7966	326.46762,441.33087,2561.861	336.07114,45.704346,2697.488	198.29865,32.97603,2622.511	
284.4783,130.1514,2769.368	283.1804,171.08014,2736.8848	251.2897,170.07196,2726.3936	211.73277,104.136475,2714.5889	283.1804,171.08014,2736.8848	314.8275,172.08066,2747.376	337.15228,112.57414,2722.5872	282.15842,215.40659,2713.0854	259.9576,260.07706,2682.4387	262.729,349.80347,2717.5493	302.17166,260.9558,2696.1335	257.42487,437.6878,2644.7498	306.80594,352.94778,2664.2253	259.9576,260.07706,2682.4387	325.822,441.89258,2572.5037	333.657,45.68541,2698.92	196.47638,31.701126,2614.815	
284.89334,130.16454,2763.6343	283.3734,171.35117,2734.9841	251.47232,170.20413,2725.1465	211.3736,103.419815,2709.8005	283.3734,171.35117,2734.9841	315.0458,172.48996,2744.8218	336.49228,112.75233,2725.288	282.10837,215.79996,2713.997	259.6979,260.39627,2686.5894	263.33527,350.54877,2710.3384	301.84885,261.4842,2699.4307	257.59,437.75732,2641.2058	307.33224,353.53705,2657.107	259.6979,260.39627,2686.5894	326.15097,442.75317,2567.9287	330.98804,46.013077,2686.287	195.4422,30.806854,2612.881	
285.69006,130.19733,2763.2654	283.81897,171.40839,2735.6147	251.93655,170.13335,2726.263	211.00061,103.08447,2707.9019	283.81897,171.40839,2735.6147	315.48413,172.67474,2744.9666	335.73148,112.384544,2728.1387	282.34378,215.87918,2715.6748	259.74817,260.36768,2689.6313	263.33374,350.539,2711.538	301.8501,261.64517,2701.8384	257.84955,437.0318,2639.573	307.9512,353.65015,2656.5752	259.74817,260.36768,2689.6313	326.37543,443.4226,2569.2192	326.77435,46.32469,2683.0579	194.77603,30.31485,2613.1777	
285.66107,130.0813,2761.0745	283.97272,171.50719,2735.222	252.08545,170.2627,2725.9282	211.14578,103.06825,2709.943	283.97272,171.50719,2735.222	315.64404,172.74326,2744.5156	334.62018,112.341,2728.0615	282.5378,216.02568,2716.5732	260.0017,260.53912,2691.859	263.6362,350.5908,2714.8318	302.06985,261.7773,2703.9902	258.11505,438.01422,2637.4976	307.8293,353.85873,2651.4019	260.0017,260.53912,2691.859	326.43008,443.22784,2571.5574	324.49777,46.290985,2678.8901	195.16394,30.072449,2607.4668	
285.91473,130.8952,2771.4873	284.06464,171.71509,2738.4065	252.21375,170.28764,2728.4602	211.45966,103.7045,2708.9612	284.06464,171.71509,2738.4065	315.685,173.1322,2748.3528	332.58273,112.600006,2729.541	282.41577,216.00665,2714.4326	259.5965,260.3566,2683.967	262.92188,351.14615,2697.221	301.77673,261.81497,2696.9504	257.46503,439.24774,2626.751	307.3928,354.15396,2645.0854	259.5965,260.3566,2683.967	325.78168,442.9463,2561.6707	322.21555,46.45012,2684.4646	197.3313,30.720718,2604.35	
285.0508,130.97403,2764.1848	283.63818,172.01314,2735.7383	251.7569,170.96202,2726.76	212.13452,104.403595,2705.459	283.63818,172.01314,2735.7383	315.3109,173.05737,2744.7166	332.2064,112.74094,2728.275	282.45197,216.47214,2715.3413	260.14175,261.10367,2689.0842	264.12054,351.0251,2715.1301	302.2622,262.1024,2700.8044	258.2842,438.41876,2641.432	308.21225,354.15588,2656.0598	260.14175,261.10367,2689.0842	326.40567,442.59747,2569.2163	322.26978,46.295746,2681.5708	198.58911,31.380753,2602.6335	
284.86588,131.16461,2772.044	283.61246,171.97415,2738.1924	251.75674,171.01413,2729.265	212.13104,104.62184,2703.2346	283.61246,171.97415,2738.1924	315.2611,172.92795,2747.1199	333.27457,111.828125,2729.135	282.54898,216.27515,2713.892	260.31888,260.93356,2683.7654	263.55182,351.4712,2702.0266	302.52225,261.8178,2695.4182	257.89465,438.28833,2630.3389	308.3023,354.11908,2648.3625	260.31888,260.93356,2683.7654	326.42963,442.6784,2560.3123	323.4333,45.18515,2682.8708	199.20506,31.79776,2597.8337	
285.16013,131.21162,2765.4656	283.68225,172.22769,2735.724	251.78708,171.07954,2725.4421	212.31958,104.91647,2701.6155	283.68225,172.22769,2735.724	315.33856,173.36726,2746.006	334.01935,111.877426,2729.0566	282.44254,216.66562,2714.4558	260.05756,261.26892,2686.4766	263.32574,351.67087,2706.0144	302.20392,262.33923,2699.8984	257.43195,438.26794,2641.5417	307.83484,354.3382,2660.3865	260.05756,261.26892,2686.4766	325.7088,442.85596,2568.8252	325.6811,45.519836,2687.0657	199.49818,31.917465,2589.2844	
284.7805,130.43011,2761.1785	283.2835,171.89375,2734.3484	251.37085,170.74704,2724.193	210.03596,104.997955,2697.3037	283.2835,171.89375,2734.3484	314.96,173.03198,2744.5037	334.62732,111.92345,2725.0242	282.03433,216.41844,2715.2744	259.66565,261.03607,2689.5728	262.97403,351.27277,2710.5632	301.76587,262.10748,2702.8281	257.34885,437.05194,2641.5205	308.0363,354.02356,2660.5305	259.66565,261.03607,2689.5728	325.47546,442.06894,2568.106	327.93762,45.776413,2685.1348	198.85435,32.12561,2582.9006	
284.5909,129.38467,2759.0356	283.10168,171.07144,2733.9294	251.18706,169.95018,2724.186	209.55312,104.6369,2695.6484	283.10168,171.07144,2733.9294	314.7896,172.18472,2743.6729	335.23267,111.66472,2726.0076	281.86536,215.64604,2716.5435	259.53516,260.26642,2692.7983	263.41965,350.44476,2712.6045	301.59204,261.32083,2705.5166	257.60287,436.84778,2639.9426	307.88763,353.1502,2662.5435	259.53516,260.26642,2692.7983	326.25336,441.00354,2566.7803	329.01944,45.88655,2686.5703	197.41678,32.203293,2574.4053	
284.7003,129.46094,2759.4749	283.0186,170.99521,2733.8713	251.10733,169.76517,2724.2356	208.84058,105.49188,2696.3318	283.0186,170.99521,2733.8713	314.7057,172.2166,2743.507	335.6559,111.73689,2724.011	281.6215,215.54906,2715.7324	259.11685,260.09906,2691.3047	262.8349,350.43542,2709.1338	301.19626,261.30228,2703.8823	257.66135,438.49838,2635.8691	307.3258,353.1968,2661.213	259.11685,260.09906,2691.3047	325.85834,442.1989,2563.4153	329.53412,45.964813,2675.3274	195.77489,33.67903,2581.1858	
284.9699,130.52272,2758.685	283.341,171.64432,2733.2493	251.4173,170.4385,2723.1587	207.88506,106.37921,2695.155	283.341,171.64432,2733.2493	315.02988,172.84126,2743.3398	335.66818,111.65317,2720.511	282.00488,216.22069,2715.291	259.55792,260.8138,2690.747	264.1469,351.24142,2706.157	301.64127,261.9646,2703.9185	258.42325,438.92627,2638.6165	307.70044,353.92172,2658.8916	259.55792,260.8138,2690.747	326.84842,442.98682,2566.553	328.887,46.222244,2662.9463	194.45824,34.53798,2578.9443	
285.35614,130.89252,2760.8035	283.71582,172.06543,2733.772	251.79652,170.84113,2723.3665	208.19833,106.65956,2695.5847	283.71582,172.06543,2733.772	315.3931,173.28047,2744.1775	335.68124,110.71788,2717.7712	282.374,216.61346,2714.9546	259.91046,261.2007,2689.346	263.67023,351.52185,2708.4753	302.01038,262.363,2702.9285	258.36295,437.86554,2637.6833	308.39825,354.4583,2650.338	259.91046,261.2007,2689.346	326.50272,442.6089,2566.7764	327.54028,45.588333,2652.9563	193.84793,34.981598,2575.47	
284.94263,129.8482,2759.8528	283.57202,171.21771,2732.9697	251.63089,170.08228,2721.6267	208.4668,107.08696,2690.7886	283.57202,171.21771,2732.9697	315.24908,172.34375,2744.3127	335.38565,109.78653,2713.3916	282.41772,215.78413,2714.3975	260.13623,260.46155,2688.4216	263.39383,350.72614,2709.7942	302.24316,261.46494,2703.2288	257.97052,437.35458,2635.6035	308.47275,353.4679,2655.3555	260.13623,260.46155,2688.4216	326.09122,440.9129,2570.6748	326.03644,44.828033,2649.398	192.98074,35.44661,2574.5784	
285.0509,128.97513,2759.3748	283.91248,170.5317,2733.035	251.9656,169.52747,2721.1868	207.99728,107.36684,2691.8894	283.91248,170.5317,2733.035	315.58356,171.52722,2744.883	335.44403,109.36755,2712.198	282.97998,215.11206,2715.0498	260.93198,259.8819,2689.3318	264.17593,349.62085,2719.8616	303.0175,260.68976,2704.7976	258.3252,436.9269,2636.6692	308.55786,352.5824,2661.6184	260.93198,259.8819,2689.3318	327.20563,441.3687,2569.2583	325.79764,44.563522,2644.8455	193.04665,35.469696,2573.2107	
284.64777,128.98091,2760.1377	283.7038,170.39938,2732.6462	251.75224,169.5437,2721.2134	208.0449,107.33508,2688.9487	283.7038,170.39938,2732.6462	315.38913,171.24792,2744.079	335.47318,109.15735,2711.596	282.95615,214.98245,2714.46	261.0892,259.85086,2688.8118	263.55347,349.8069,2716.158	303.19107,260.48132,2703.7356	257.6921,438.47534,2635.8591	307.406,352.3869,2664.7622	261.0892,259.85086,2688.8118	326.6527,442.51108,2564.7866	325.7819,44.51378,2637.885	193.7466,35.6427,2568.151	
284.60077,129.07082,2759.0146	283.79147,170.4047,2732.4692	251.83221,169.64285,2720.5566	208.3695,107.50737,2686.9666	283.79147,170.4047,2732.4692	315.47327,171.15994,2744.3818	335.49097,108.71022,2710.7974	283.20312,215.02242,2715.4285	261.51306,259.9604,2690.6128	263.57135,349.5172,2724.1914	303.58038,260.44553,2706.1626	257.94168,438.14703,2636.9927	308.05344,352.33786,2663.5796	261.51306,259.9604,2690.6128	326.9911,442.70493,2566.3489	325.1654,44.257202,2634.4277	194.14111,35.779068,2567.5588	
284.63205,128.69489,2757.9453	283.8855,170.25473,2731.7734	251.9187,169.5573,2720.0222	208.84894,108.253296,2688.4753	283.8855,170.25473,2731.7734	315.57846,170.9462,2743.5247	334.66037,109.02524,2708.384	283.37872,214.896,2715.1929	261.77386,259.88174,2690.9429	263.32425,349.57657,2722.1304	303.83804,260.28873,2706.2817	257.73672,438.08093,2633.928	308.26675,352.1554,2665.09	261.77386,259.88174,2690.9429	326.71597,442.19098,2564.587	325.4026,44.270447,2629.791	195.82495,36.428238,2568.53	
284.9948,130.14616,2757.9263	283.99692,171.0916,2730.615	252.02843,170.36955,2719.9565	208.83865,108.23918,2685.744	283.99692,171.0916,2730.615	315.7168,171.80803,2741.2734	334.88925,108.71222,2706.1938	283.38763,215.73285,2713.131	261.65942,260.70895,2688.6907	263.4208,350.39352,2721.2742	303.77283,261.19617,2702.6038	257.23413,439.48566,2631.0603	308.2829,353.28778,2657.002	261.65942,260.70895,2688.6907	325.9863,442.62067,2564.0645	324.99332,44.100983,2630.839	195.36102,36.40268,2570.455	
284.71652,129.11978,2748.4104	283.7912,170.98264,2727.1711	251.7767,170.2579,2716.092	209.5625,108.5285,2683.869	283.7912,170.98264,2727.1711	315.54663,171.70148,2738.2502	335.00577,108.531235,2704.5955	283.1936,215.77687,2714.0916	261.5194,260.76968,2693.781	263.3334,350.44382,2723.5486	303.54855,261.23895,2708.243	257.63242,439.11743,2639.744	307.97995,353.13187,2663.2783	261.5194,260.76968,2693.781	325.8657,440.9922,2574.005	324.70758,43.93895,2632.4163	194.99142,36.269897,2571.2542	
284.19128,128.35922,2753.658	283.44232,170.14484,2729.326	251.44337,169.40369,2717.2883	209.06573,108.79823,2685.437	283.44232,170.14484,2729.326	315.16025,170.87946,2741.3635	335.27728,108.569565,2704.3013	282.88666,214.83665,2713.5085	261.22314,259.82654,2689.8345	263.303,350.24713,2707.1274	303.30322,260.2773,2705.5479	257.41113,437.18457,2634.3823	308.10104,352.29718,2656.5413	261.22314,259.82654,2689.8345	325.4182,440.37323,2565.9902	325.17273,44.070755,2628.7378	194.73894,36.163376,2566.3333	
284.36972,128.58688,2755.7812	283.442,170.08873,2729.4014	251.45876,169.3418,2718.795	208.23727,108.453186,2685.223	283.442,170.08873,2729.4014	315.1776,170.82986,2740.0078	335.20856,108.60008,2702.1523	282.79572,214.75314,2712.4546	261.02832,259.71762,2688.5852	263.55652,349.64194,2716.1072	303.1461,260.23935,2702.4304	257.61172,438.48047,2639.4116	307.6885,352.3125,2657.205	261.02832,259.71762,2688.5852	325.8253,441.86594,2565.7227	325.4589,44.20984,2626.9758	194.65367,36.06407,2562.2058	
284.279,128.49889,2756.347	283.35797,170.11082,2729.269	251.37642,169.34305,2719.039	208.30142,108.084885,2681.1216	283.35797,170.11082,2729.269	315.10065,170.87286,2739.499	335.15866,108.54793,2704.0793	282.6593,214.76292,2711.6982	260.82996,259.7138,2687.451	263.91382,349.8133,2712.5076	302.9687,260.27972,2700.804	257.55103,438.35602,2636.1936	307.19366,352.3175,2660.7627	260.82996,259.7138,2687.451	326.2868,442.57635,2566.7893	325.61337,44.311737,2627.6562	194.64491,35.99933,2560.0793	
284.5833,128.43628,2758.6316	283.56927,170.01369,2729.4934	251.59216,169.20468,2719.338	208.22629,107.900314,2679.0698	283.56927,170.01369,2729.4934	315.30933,170.81671,2739.649	335.58835,108.49194,2700.048	282.81033,214.63657,2710.9978	260.90704,259.55966,2685.874	264.00665,349.76044,2710.277	303.07104,260.1838,2699.1304	257.82648,437.71802,2635.0833	307.31506,352.28537,2658.9834	260.90704,259.55966,2685.874	326.94574,442.66406,2564.0254	325.72293,44.392975,2626.5022	194.60301,35.98793,2560.998	
285.1271,127.99934,2749.264	284.062,169.98334,2726.0642	252.05362,169.20468,2716.5767	208.193,107.68559,2675.5334	284.062,169.98334,2726.0642	315.8484,170.75659,2735.5518	336.44568,108.56807,2698.0232	283.30768,214.7646,2711.9053	261.45685,259.71014,2691.5542	264.41464,349.9077,2712.454	303.53738,260.3203,2703.9385	258.23914,437.71484,2643.5017	307.52448,352.11188,2670.2786	261.45685,259.71014,2691.5542	327.22012,442.47693,2571.6487	325.0758,44.200165,2623.2007	194.60349,36.013153,2555.1143	
284.9021,127.92887,2753.0864	283.99255,169.73946,2727.095	251.98787,169.0178,2716.9734	206.95215,107.60359,2667.7715	283.99255,169.73946,2727.095	315.76056,170.45578,2737.2166	337.19656,109.33032,2696.5159	283.35724,214.46706,2711.2737	261.6043,259.46484,2688.8462	263.6091,349.99042,2705.3372	303.72134,259.97333,2702.0586	257.63385,437.64227,2634.204	307.28778,351.96622,2663.0962	261.6043,259.46484,2688.8462	327.30298,442.7649,2563.042	323.85583,45.208008,2614.721	194.62897,36.03424,2552.0913	
283.80032,127.726395,2755.9973	283.10837,169.40118,2727.9375	251.10275,168.81923,2717.26	206.21951,108.44258,2666.3923	283.10837,169.40118,2727.9375	314.8644,169.97859,2738.615	337.87598,111.966385,2698.2603	282.7029,214.07071,2710.3982	261.15686,259.17117,2685.89	263.7386,349.7076,2704.0718	303.3184,259.4723,2699.828	256.71686,437.38293,2633.495	307.11295,351.48807,2662.808	261.15686,259.17117,2685.89	326.28253,442.2224,2563.2258	324.18213,47.973938,2615.5918	196.16812,36.67244,2545.0383	
283.2019,128.48685,2757.4539	282.6952,169.85965,2727.8357	250.69006,169.36697,2717.5525	205.55168,108.93533,2656.2063	282.6952,169.85965,2727.8357	314.4599,170.34863,2738.119	338.7473,114.243324,2699.1316	282.38724,214.51688,2709.5776	260.92868,259.67932,2684.6082	263.8225,350.0465,2706.7927	303.11633,259.88022,2698.031	257.16458,438.04163,2636.9407	307.2373,351.90222,2663.1145	260.92868,259.67932,2684.6082	326.17877,442.80054,2562.9255	324.73038,49.963715,2614.5964	196.28378,37.348495,2538.1592	
283.49753,127.76279,2758.1602	283.12402,169.41843,2727.9822	251.12167,168.96735,2717.6987	205.2974,111.69475,2658.086	283.12402,169.41843,2727.9822	314.88605,169.86613,2738.2656	340.16965,117.7559,2695.549	282.88,214.07834,2709.958	261.49216,259.26306,2685.2222	264.28116,349.50067,2709.6963	303.66812,259.40915,2698.6455	258.26782,436.953,2638.2227	308.31305,351.47998,2659.0237	261.49216,259.26306,2685.2222	327.13367,441.79367,2564.4673	326.13287,53.607376,2613.8818	196.85866,40.566803,2524.8665	
283.62784,127.717834,2757.529	283.16827,169.469,2727.6753	251.15717,169.02295,2716.896	204.56671,114.46717,2645.035	283.16827,169.469,2727.6753	314.9274,169.91156,2738.455	342.31213,119.425354,2689.2822	282.96237,214.13603,2709.6853	261.60916,259.3412,2684.6597	263.88565,349.6873,2707.6323	303.78806,259.45877,2698.7305	257.73248,437.01794,2636.2583	307.46823,351.4414,2664.5527	261.60916,259.3412,2684.6597	326.32724,442.11755,2564.5283	327.20923,55.85942,2610.5986	197.41394,42.953278,2515.194	
283.6465,127.62226,2757.2139	283.1235,169.4311,2727.468	251.11494,169.01654,2717.1895	203.34729,117.84502,2636.525	283.1235,169.4311,2727.468	314.89172,169.84258,2737.7466	346.6381,120.96463,2682.6326	282.93085,214.10243,2709.5034	261.59186,259.32095,2684.8303	263.72638,349.34497,2713.7026	303.77417,259.41895,2698.2473	257.67392,437.99094,2637.076	307.26758,351.46503,2662.7695	261.59186,259.32095,2684.8303	326.34747,442.19955,2563.744	328.60962,58.583633,2602.2727	197.53278,47.319794,2501.2502	
283.63495,126.99385,2757.574	283.1978,169.20451,2727.4246	251.19061,168.79309,2717.3047	202.5593,120.56869,2630.7883	283.1978,169.20451,2727.4246	314.9684,169.61288,2737.5444	350.13794,124.81178,2675.8254	283.00165,213.86594,2709.1262	261.65442,259.08423,2684.2231	264.0258,349.09537,2713.768	303.84766,259.18506,2697.4326	257.46475,437.94702,2636.3508	307.3922,351.37714,2656.2273	261.65442,259.08423,2684.2231	326.17957,441.9695,2564.7942	331.16006,63.31064,2598.6667	199.20456,52.59378,2488.554	
283.62967,127.061295,2757.7378	283.0746,169.26956,2727.1345	251.08334,168.91304,2718.525	202.94846,124.58438,2623.398	283.0746,169.26956,2727.1345	314.86447,169.62384,2735.7441	353.33228,129.09547,2669.4111	282.85956,213.92789,2708.5366	261.49387,259.15634,2684.3193	263.88895,349.18408,2713.5347	303.701,259.25092,2695.558	257.60413,438.49847,2635.5632	306.971,351.38892,2660.151	261.49387,259.15634,2684.3193	326.1601,442.1458,2565.4067	331.6531,69.01961,2599.224	200.32144,59.11821,2478.2573	
283.5972,128.17635,2757.8179	283.02142,170.2247,2726.2754	251.10358,170.07251,2722.033	201.60336,130.33597,2619.7	283.02142,170.2247,2726.2754	314.8401,170.37643,2730.5178	357.3371,135.8114,2664.2034	282.8122,214.88522,2707.0261	261.47214,260.1775,2685.0068	263.3899,350.3448,2711.1372	303.68436,260.19336,2690.5469	257.75726,439.30634,2637.4216	306.77142,352.483,2657.1106	261.47214,260.1775,2685.0068	326.42856,443.78247,2562.627	332.04147,78.53818,2594.6345	202.62296,66.78836,2473.5828	
283.5156,128.27347,2747.3564	283.03033,170.96048,2722.2273	251.05255,170.74567,2717.702	199.97728,137.35089,2613.8503	283.03033,170.96048,2722.2273	314.90198,171.17456,2726.7527	359.93246,142.96307,2658.5967	282.7811,215.79842,2707.397	261.44443,261.08765,2689.6138	263.50238,351.52655,2706.9521	303.56763,261.17282,2695.5195	257.9515,438.3999,2640.9749	307.14285,353.189,2665.6821	261.44443,261.08765,2689.6138	326.18427,443.46658,2572.7925	332.90558,87.60237,2588.0862	207.1297,74.87369,2475.3926	
283.3837,127.998085,2742.127	282.82104,171.13834,2720.112	250.83942,170.95883,2716.7935	199.96347,146.82327,2613.925	282.82104,171.13834,2720.112	314.7247,171.31741,2723.4307	361.67023,151.10178,2655.796	282.5669,216.05432,2706.9644	261.24323,261.36316,2691.651	263.13507,351.77054,2708.497	303.3434,261.45428,2695.9824	257.79898,437.69672,2639.2266	307.1534,353.5219,2663.4287	261.24323,261.36316,2691.651	326.63223,442.83234,2566.372	335.8495,96.57811,2563.8936	209.34686,85.76877,2464.5586	
282.96976,127.26005,2740.5122	282.57098,170.75732,2719.5466	250.6127,170.65833,2717.6567	200.33191,156.65726,2614.9634	282.57098,170.75732,2719.5466	314.4849,170.8562,2721.4365	362.69635,159.31686,2651.3933	282.3595,215.69823,2707.056	261.0999,261.03192,2693.3318	263.38614,351.33478,2711.145	303.17297,261.0796,2695.7986	257.75006,437.42407,2639.2776	307.60266,353.14157,2662.4277	261.0999,261.03192,2693.3318	326.62625,442.41187,2564.7715	336.6522,106.17485,2551.8696	214.69183,96.01126,2476.8074	
282.73834,126.790016,2748.704	282.28223,170.17606,2723.6416	250.44427,170.21863,2724.524	201.82108,163.10684,2607.9841	282.28223,170.17606,2723.6416	314.14084,170.13345,2722.7593	362.82892,169.27988,2652.192	282.0711,214.96588,2707.8618	260.8297,260.2896,2692.658	263.35773,350.8041,2706.5198	302.89432,260.2719,2691.506	257.81873,437.53775,2638.6284	307.13663,352.45782,2659.1792	260.8297,260.2896,2692.658	326.8542,442.47302,2560.1855	334.34424,117.57633,2546.9207	217.27213,105.366104,2453.2754	
282.87357,127.29437,2742.8242	282.19852,171.01764,2721.643	250.52744,171.0809,2728.1162	202.83827,172.20493,2612.518	282.19852,171.01764,2721.643	314.0206,170.95409,2715.17	359.96054,178.84001,2654.1135	281.76108,215.9132,2708.896	260.4257,261.13376,2700.3762	262.92047,351.15634,2718.9592	302.27893,261.33307,2691.9216	257.77267,438.63336,2646.8728	306.26605,353.3501,2665.7937	260.4257,261.13376,2700.3762	326.39172,443.6886,2565.6536	331.93817,128.64078,2537.9797	216.65382,116.86801,2440.6448	
282.82755,126.616745,2740.3647	282.12637,170.61288,2721.1582	250.51242,170.67636,2729.6448	204.30011,178.07742,2601.763	282.12637,170.61288,2721.1582	313.93817,170.54901,2712.6716	357.80835,187.99911,2651.5566	281.60605,215.54037,2709.478	260.2557,260.71387,2703.335	263.14816,351.07733,2711.9539	301.9924,261.00052,2692.2607	257.92148,437.11133,2642.5193	307.39148,352.9676,2664.517	260.2557,260.71387,2703.335	326.24512,442.13092,2565.9307	328.09723,140.88437,2517.3835	222.27637,124.86156,2419.5647	
283.07654,127.29274,2728.764	283.24365,171.5008,2717.031	251.37167,172.02641,2717.3274	208.0952,189.26758,2621.9678	283.24365,171.5008,2717.031	315.1226,170.97507,2716.7346	353.44983,196.47159,2640.457	283.90018,216.5723,2711.4214	263.64014,262.1692,2706.0054	266.59763,352.31488,2717.583	305.48175,261.4921,2705.6182	261.7276,438.81012,2640.4473	310.76584,352.8533,2683.3638	263.64014,262.1692,2706.0054	330.27194,442.18323,2578.653	324.5936,152.24489,2499.1167	223.1029,138.42532,2422.8687	
283.41626,127.01527,2732.852	283.93567,171.13597,2719.2793	252.00607,171.91039,2716.7134	212.31335,199.17719,2637.5151	283.93567,171.13597,2719.2793	315.8051,170.363,2721.8452	346.81122,205.00713,2646.2402	285.04892,216.135,2711.3923	265.23145,261.96033,2701.8318	265.25943,352.7413,2701.697	307.08002,260.83353,2705.179	259.88675,438.595,2634.553	309.54236,352.64548,2667.544	265.23145,261.96033,2701.8318	327.93365,441.79114,2566.1047	319.95645,161.57874,2483.557	226.45724,150.60289,2433.2654	
283.20236,126.91617,2735.3645	284.12747,170.89938,2719.9365	252.24405,171.98236,2719.386	216.78755,206.11299,2650.7498	284.12747,170.89938,2719.9365	315.998,169.81683,2720.487	341.29132,211.48096,2653.107	285.5741,215.87135,2711.211	266.09833,261.85672,2702.1262	265.07227,352.52307,2705.079	307.9562,260.41092,2702.8445	258.93076,437.73105,2638.1438	308.74066,352.39145,2664.288	266.09833,261.85672,2702.1262	326.94098,441.62503,2564.9087	314.68866,169.67964,2480.919	229.91348,161.38498,2438.5564	
283.5094,126.98431,2737.1904	284.0605,171.32271,2718.4119	253.1452,172.97073,2737.1873	219.44156,209.29265,2655.4307	284.0605,171.32271,2718.4119	315.40576,169.65176,2699.6365	337.41196,214.31863,2658.615	285.31528,216.28157,2707.1274	266.01044,262.30087,2708.1963	263.44324,352.58408,2714.6538	307.3401,260.92645,2683.4897	258.211,437.7452,2645.5066	307.14673,353.63196,2644.5654	266.01044,262.30087,2708.1963	325.62885,444.15497,2547.776	310.6269,176.25195,2467.829	233.3182,170.10481,2434.0183	
283.65436,126.62815,2737.5166	284.13083,170.78947,2719.1882	252.78076,172.01376,2730.6726	221.84354,212.73213,2656.7205	284.13083,170.78947,2719.1882	315.74683,169.55481,2707.7039	332.23166,217.279,2668.2463	285.15424,215.75586,2708.481	265.5916,261.63382,2705.2456	263.04297,352.45142,2701.4255	306.89432,260.52145,2690.3018	257.555,437.0423,2635.3062	307.643,352.36096,2670.9133	265.5916,261.63382,2705.2456	326.2491,441.2144,2573.2214	305.11832,181.37973,2468.0999	236.67534,177.67046,2435.1448	
283.93015,126.64291,2737.6953	284.2244,170.73619,2719.7332	252.62823,171.67993,2726.5994	224.87262,213.94356,2638.8613	284.2244,170.73619,2719.7332	315.9805,169.78769,2712.867	329.51462,217.9692,2682.597	285.0968,215.716,2709.8867	265.2309,261.49414,2704.5112	263.43536,352.32013,2702.0347	306.78912,260.55206,2695.5693	257.91766,437.69067,2638.3706	307.0558,352.48907,2668.5815	265.2309,261.49414,2704.5112	326.7776,441.95712,2572.552	299.98383,185.6733,2479.0396	241.0404,182.59831,2414.0496	
283.73755,126.85679,2738.291	284.03027,170.96077,2720.6958	252.26273,171.68594,2722.993	229.4661,212.8481,2623.4307	284.03027,170.96077,2720.6958	315.85147,170.23438,2718.3987	328.0541,218.12016,2692.7861	284.81476,215.92743,2710.7705	264.7369,261.65094,2702.3428	262.99402,352.4834,2701.8132	306.49634,260.7978,2699.3477	257.87534,438.40262,2636.4065	307.23355,352.78128,2666.8943	264.7369,261.65094,2702.3428	326.1449,442.38535,2569.9226	295.73828,190.05794,2487.7314	247.0835,184.38618,2389.0537	
283.8044,126.25346,2727.5894	284.19336,170.82222,2717.185	252.28624,171.39842,2716.9087	229.15988,216.02179,2638.7168	284.19336,170.82222,2717.185	316.094,170.24612,2717.4614	327.79688,219.49257,2696.7874	284.95776,215.91881,2712.3247	264.84525,261.5604,2707.2842	263.7289,351.98462,2712.583	306.60178,260.79428,2707.6445	258.18976,437.7978,2642.2424	307.78503,352.3947,2679.3472	264.84525,261.5604,2707.2842	326.31155,441.32162,2576.3674	291.89606,192.50143,2499.6301	247.53479,189.34387,2407.5283	
284.1704,125.96204,2722.2397	284.41788,170.96204,2715.785	252.44167,171.45488,2714.0576	232.26663,218.22113,2655.8564	284.41788,170.96204,2715.785	316.35342,170.46985,2717.5122	327.47476,220.64981,2698.6848	285.1591,216.12337,2714.0864	265.0221,261.70062,2711.2612	263.9351,352.26315,2710.172	306.763,260.98218,2713.5146	258.21082,438.30258,2640.1377	307.51315,352.62146,2675.6255	265.0221,261.70062,2711.2612	326.96536,442.0661,2571.405	288.8883,194.86942,2507.8303	247.1112,192.4524,2428.9788	
