299.41742,119.450165,2549.6387	291.17133,175.99521,2551.9949	260.06906,175.67589,2545.9233	242.06995,225.11333,2503.5383	291.17133,175.99521,2551.9949	322.12595,176.31302,2558.0664	334.77274,229.64967,2582.5667	290.92874,219.9539,2547.5176	270.99054,263.99817,2539.206	262.21143,361.82355,2485.344	310.3207,264.13638,2546.8745	256.1937,439.67142,2597.2957	325.3113,356.7934,2465.0718	270.99054,263.99817,2539.206	335.07138,441.99615,2502.8481	357.78336,237.2566,2391.3477	295.73932,228.4695,2341.4055	
299.8645,119.546036,2549.1619	292.47195,176.62332,2546.6086	262.73367,175.77016,2535.5056	244.33916,224.14523,2489.5884	292.47195,176.62332,2546.6086	321.95203,177.46907,2557.7117	333.76035,230.21326,2598.457	291.63928,220.22104,2544.7642	271.37595,263.57434,2535.6667	262.12222,360.27298,2475.1013	310.1244,264.18796,2550.1726	256.33563,439.6381,2594.5686	325.33804,356.80957,2467.4358	271.37595,263.57434,2535.6667	335.06415,441.57178,2504.5186	360.27533,240.52997,2412.8342	301.72028,229.80885,2328.382	
299.87527,119.80724,2550.1628	294.21085,177.85277,2547.4956	264.08496,176.37183,2532.4656	247.21863,225.02774,2483.5754	294.21085,177.85277,2547.4956	323.98337,179.31633,2562.5256	332.9963,231.39207,2612.4167	292.63412,221.0345,2545.77	271.6759,263.6525,2534.3748	262.0891,360.45166,2472.081	310.2878,264.89243,2553.714	256.26,439.46072,2589.3577	325.28296,357.2021,2472.2227	271.6759,263.6525,2534.3748	334.93954,441.6819,2509.0227	361.6378,241.09294,2428.3906	302.68112,230.3032,2334.9907	
300.0952,120.07876,2549.235	294.6595,177.42027,2540.6484	265.3874,175.76572,2521.9016	250.14317,225.82431,2456.4937	294.6595,177.42027,2540.6484	323.50275,179.0506,2559.3953	333.36722,226.84572,2640.0896	292.84668,220.8428,2542.305	271.87778,263.54874,2531.6555	262.24512,360.99066,2471.763	310.01022,264.8625,2556.2673	256.23557,439.62485,2589.587	325.15817,357.25806,2472.7842	271.87778,263.54874,2531.6555	334.85266,442.20935,2511.519	363.41553,243.8594,2426.394	309.571,232.6101,2328.6045	
300.25754,120.39913,2547.8425	295.15826,177.58614,2541.1619	265.33252,175.65276,2517.1504	251.83438,226.10236,2448.047	295.15826,177.58614,2541.1619	324.4257,179.4833,2565.1733	335.0285,226.45428,2648.904	293.16492,220.95592,2542.1948	272.01147,263.58063,2527.7563	262.3938,361.43518,2468.7036	310.10312,264.99173,2558.6992	256.37793,439.79907,2588.9285	324.98712,357.2803,2474.3943	272.01147,263.58063,2527.7563	334.51495,441.40234,2514.4854	364.7155,245.73596,2434.0952	308.74194,232.14467,2343.8171	
300.66656,120.52714,2546.4734	295.12662,177.57233,2541.4236	265.10916,175.62001,2512.9163	252.47543,226.20094,2452.7654	295.12662,177.57233,2541.4236	324.47812,179.48135,2569.931	334.8992,227.72597,2650.206	293.31784,220.96045,2541.2546	272.7223,263.74942,2523.1958	263.05487,361.3807,2461.7378	310.03262,264.95078,2558.9756	256.54587,439.68405,2588.9543	325.0623,357.38632,2474.1162	272.7223,263.74942,2523.1958	334.54874,441.56384,2517.4934	366.88135,244.61,2437.905	308.8638,230.36095,2337.8647	
300.69376,120.72122,2546.3967	294.66913,177.24034,2538.2283	265.17838,175.43008,2507.2861	251.96198,226.13887,2454.782	294.66913,177.24034,2538.2283	323.44952,179.007,2569.1704	334.4695,228.68077,2653.3577	293.13623,221.07373,2537.7083	273.07062,264.46808,2517.6885	263.37238,361.72388,2463.9756	309.8521,265.3751,2556.688	256.6284,439.62564,2589.84	325.77222,362.15207,2490.237	273.07062,264.46808,2517.6885	337.141,445.287,2521.8262	365.0683,243.04327,2441.1572	308.5823,231.03024,2328.9119	
300.71988,120.826225,2545.6345	294.22635,176.9547,2536.0393	264.83014,175.31172,2505.8606	250.71841,225.76569,2461.5005	294.22635,176.9547,2536.0393	322.93118,178.55904,2566.218	334.55167,228.16855,2655.732	292.83734,220.97992,2537.2292	272.73257,264.59305,2519.1243	263.39737,362.09885,2462.5132	309.88428,265.3291,2557.714	256.55948,440.12607,2587.608	325.57285,360.42755,2485.0579	272.73257,264.59305,2519.1243	336.30234,443.45883,2521.6836	342.69165,239.52441,2403.261	308.4795,230.94969,2331.2002	
300.4661,120.89387,2546.101	293.96277,176.81337,2535.085	264.81448,174.97498,2502.0857	250.236,225.4774,2457.7056	293.96277,176.81337,2535.085	322.36194,178.60449,2568.0842	332.24466,225.74232,2671.6956	292.51477,219.52615,2534.2173	271.74704,261.79736,2511.4258	261.99838,359.72836,2458.2444	310.05304,262.73096,2555.2734	256.28955,442.49353,2586.7322	325.64383,357.1322,2480.903	271.74704,261.79736,2511.4258	335.9574,440.02344,2517.3328	361.31094,240.12708,2440.5637	303.50507,225.7471,2322.51	
297.70245,120.22535,2555.5457	292.38416,175.47195,2533.5596	263.6785,174.02179,2500.5864	247.142,223.97656,2455.7102	292.38416,175.47195,2533.5596	320.35223,176.88489,2566.5327	327.08548,219.41573,2689.2207	291.51605,218.20499,2532.8418	270.84045,260.7396,2509.3113	262.47272,362.89117,2457.1333	310.1007,261.18085,2554.9368	256.0974,443.89966,2581.3723	325.52206,355.44675,2481.9478	270.84045,260.7396,2509.3113	335.84476,438.2254,2518.0693	356.45224,235.72687,2429.8193	298.243,224.53876,2331.4888	
294.82578,119.75851,2567.443	288.31277,172.51935,2530.342	259.34573,172.19957,2506.7915	245.17984,224.40549,2454.6777	288.31277,172.51935,2530.342	316.74557,172.83322,2553.8926	324.48877,215.64276,2691.1729	288.84918,216.2075,2528.4668	269.38474,260.30707,2510.3015	262.51556,363.06104,2460.4897	309.13177,259.6184,2542.8816	256.1913,443.3482,2581.0906	325.41174,355.348,2477.0315	269.38474,260.30707,2510.3015	335.78647,438.08423,2519.727	352.04443,234.19307,2411.2278	294.3561,222.94772,2329.1985	
290.79642,121.84438,2593.499	284.79684,172.25537,2534.9272	256.2768,172.9558,2519.051	240.97565,225.08221,2468.8542	284.79684,172.25537,2534.9272	312.96188,171.56367,2550.8035	323.01874,214.44148,2681.5981	286.64697,216.1869,2528.8152	268.12997,261.22906,2511.3857	262.05072,363.55133,2461.5212	308.7002,259.4416,2534.0205	256.48615,443.69467,2582.0874	325.44434,355.19904,2472.943	268.12997,261.22906,2511.3857	335.57486,437.82434,2514.0305	346.3408,230.5971,2406.8286	285.5125,230.81015,2287.299	
288.6817,122.8465,2605.0093	282.7563,173.10747,2545.4133	254.27754,174.07423,2534.7332	236.08069,225.35081,2482.076	282.7563,173.10747,2545.4133	310.99704,172.14879,2556.0935	326.2786,217.90434,2671.1853	284.77948,216.9656,2530.332	266.9623,262.28394,2507.8755	259.70764,364.18915,2458.598	306.5754,260.4209,2522.626	257.66705,445.6128,2567.1582	325.38132,354.6405,2473.497	266.9623,262.28394,2507.8755	335.58148,437.2306,2515.0154	339.78915,225.81918,2364.997	276.534,219.01395,2308.8271	
284.1487,124.87617,2627.0745	280.64,172.58205,2551.9924	250.90398,174.00336,2545.4636	231.4165,224.4888,2488.2144	280.64,172.58205,2551.9924	310.22427,171.16797,2558.5212	324.32617,220.91295,2621.9229	282.94788,216.57335,2530.876	264.9812,262.43176,2505.368	258.77707,363.0372,2458.4363	305.53696,260.182,2514.1511	257.77667,444.97546,2567.4082	323.46698,356.11804,2462.79	264.9812,262.43176,2505.368	335.30798,437.80173,2513.4167	333.9121,224.25078,2346.1577	260.38162,218.28899,2317.8252	
280.88705,125.77919,2644.0862	276.87314,171.6587,2556.432	248.19452,173.59778,2569.3186	225.26076,222.2577,2528.6255	276.87314,171.6587,2556.432	305.84238,169.69998,2543.5452	322.1656,223.96288,2586.2395	278.28372,215.81552,2529.5735	258.93488,262.00067,2511.8433	257.1243,360.07837,2455.0225	300.66644,259.83157,2493.587	257.69223,441.84048,2567.5276	320.79068,357.0785,2433.718	258.93488,262.00067,2511.8433	338.35693,442.97803,2498.9333	321.92365,224.56319,2318.221	244.07025,214.93808,2326.6074	
278.76523,126.37543,2665.1792	275.07562,173.78622,2558.8623	246.43773,176.22484,2585.3281	222.6889,224.45879,2548.406	275.07562,173.78622,2558.8623	304.3121,171.29663,2532.3965	322.46405,223.42575,2572.5122	275.76617,216.68639,2528.2869	255.66537,261.76218,2516.4197	254.73523,359.46933,2457.368	297.59595,259.49454,2479.0032	257.5888,441.08292,2572.4204	315.24628,356.54626,2403.825	255.66537,261.76218,2516.4197	340.13834,444.00684,2445.1338	310.22015,219.28325,2286.558	233.73251,214.43219,2330.3982	
278.26855,127.052895,2675.5886	273.00772,173.80258,2562.0881	244.83582,176.5374,2595.6682	222.19052,226.7711,2566.1077	273.00772,173.80258,2562.0881	301.92792,170.9951,2528.508	321.1345,219.91678,2545.181	273.2215,216.4846,2528.1697	253.77197,261.45514,2516.981	250.78712,359.55576,2464.8088	293.472,259.17908,2471.5215	257.6525,440.64984,2567.9983	310.99854,351.94727,2376.1157	253.77197,261.45514,2516.981	343.89706,441.61157,2414.495	295.63364,218.6391,2276.834	232.14062,215.55507,2331.6697	
273.84793,131.88248,2687.7874	272.52332,173.26956,2574.2932	245.65529,176.18399,2619.8845	222.33705,225.93161,2571.3728	272.52332,173.26956,2574.2932	300.36017,170.25003,2528.702	315.4199,217.3069,2475.1907	271.2252,215.72978,2534.1438	252.58688,260.4683,2522.3025	249.12451,358.4265,2473.9316	287.58084,258.625,2465.6863	258.649,440.0571,2567.7078	308.48987,351.2649,2352.992	252.58688,260.4683,2522.3025	345.18732,441.65875,2394.5098	276.25024,211.65915,2272.6895	223.99524,211.95995,2311.2954	
272.49036,133.9614,2700.3518	270.58368,172.93674,2566.9597	245.52885,174.3504,2614.1636	220.16653,218.43634,2558.468	270.58368,172.93674,2566.9597	296.57727,171.47012,2519.7559	310.43796,216.53154,2439.3792	267.31735,216.40398,2534.2798	245.20511,260.87402,2536.0535	246.81088,358.33325,2478.9417	283.25018,261.1435,2467.1462	258.86057,440.52203,2567.9958	299.46906,354.25415,2318.3948	245.20511,260.87402,2536.0535	344.9208,442.21863,2381.6062	255.94753,209.98886,2241.7104	212.6983,205.35599,2297.6328	
272.30423,135.65015,2705.2178	267.9684,173.7761,2561.921	242.90305,174.58212,2600.265	218.7455,217.22128,2546.5193	267.9684,173.7761,2561.921	293.79547,172.94554,2523.577	306.06644,214.69504,2417.469	264.9646,219.55026,2533.605	245.91249,266.00134,2529.152	246.67215,362.3732,2500.0125	278.1806,266.72382,2481.426	261.04852,443.59708,2592.0837	293.32535,355.17032,2288.7183	245.91249,266.00134,2529.152	337.8918,445.87158,2339.9292	235.75546,204.992,2250.5718	237.3775,214.93614,2364.2947	
272.11356,136.2945,2706.1584	261.06888,185.70132,2543.0388	234.16269,186.82979,2574.1064	220.91225,212.87817,2545.0825	261.06888,185.70132,2543.0388	288.6406,184.54497,2511.9712	297.78802,222.23868,2387.7097	259.61685,229.0678,2515.8232	245.59856,273.41553,2502.698	245.68227,365.87143,2510.0132	270.8103,273.34967,2474.5173	260.54788,446.25348,2603.543	286.23483,358.4152,2262.305	245.59856,273.41553,2502.698	334.42923,447.50476,2326.2095	226.73248,211.38089,2255.0432	209.28043,195.883,2295.424	
271.86398,136.67032,2701.3625	257.1682,189.1056,2530.0737	235.12991,190.51501,2581.203	222.57776,215.05518,2544.5146	257.1682,189.1056,2530.0737	280.1156,187.63806,2478.9446	265.9645,231.39139,2349.5095	255.40622,233.52948,2511.621	244.54576,278.46082,2513.732	242.66855,368.32938,2520.624	262.8415,278.76355,2472.605	258.57166,444.74524,2586.8433	273.79608,361.21326,2253.601	244.54576,278.46082,2513.732	333.7579,446.44843,2327.4507	247.3544,213.06758,2242.912	241.97873,197.1235,2359.6362	
270.98788,137.01993,2675.9014	249.61938,190.721,2530.335	229.32501,194.87505,2610.3982	221.86624,208.93234,2558.2847	249.61938,190.721,2530.335	271.24002,186.29547,2450.2717	259.54797,222.74423,2306.662	250.1474,234.34344,2508.0112	242.68527,279.32172,2516.0571	239.96793,368.92426,2525.07	258.88245,278.163,2455.3179	256.66736,444.98602,2590.2869	268.5971,365.4579,2266.7007	242.68527,279.32172,2516.0571	293.86374,455.59863,2305.4724	235.69534,205.15799,2311.5342	204.2153,188.24481,2339.5825	
269.87695,137.87036,2655.3328	240.1531,200.46735,2505.326	210.30112,207.44519,2566.8389	210.66214,199.97739,2551.664	240.1531,200.46735,2505.326	271.5079,193.13823,2443.813	268.41068,229.5272,2328.9438	242.34106,239.42859,2465.5034	237.99611,280.789,2438.5645	241.2771,369.74158,2528.3584	251.2762,278.5372,2412.7974	261.47522,443.17963,2633.714	254.30025,369.2991,2256.9524	237.99611,280.789,2438.5645	294.60217,458.24347,2286.7925	246.87367,211.13347,2361.6072	181.35405,181.48991,2364.8064	
269.81903,137.82089,2652.192	238.85281,198.18387,2502.047	213.59946,204.47238,2579.0645	209.9178,200.90617,2566.0896	238.85281,198.18387,2502.047	265.7102,191.49594,2425.0298	263.005,228.2942,2331.1897	240.00056,237.77307,2467.3704	235.90031,279.3022,2447.938	239.03299,368.07748,2515.9756	246.52838,277.66943,2417.4492	260.83875,438.29523,2658.8044	247.65459,374.42184,2279.5835	235.90031,279.3022,2447.938	261.94147,478.93774,2262.7202	242.26616,220.21428,2311.182	193.63136,185.92429,2380.2517	
269.75616,137.44003,2651.991	236.07748,194.5956,2505.2722	213.45221,198.29506,2567.5386	206.7185,197.06389,2589.589	236.07748,194.5956,2505.2722	259.8561,190.70755,2443.0059	224.69609,236.1058,2355.9785	236.552,237.81331,2480.3032	229.38248,282.4446,2475.623	232.59064,372.4203,2471.3135	244.81744,281.36652,2435.0454	258.69064,432.06567,2677.873	242.96507,380.57132,2296.0315	229.38248,282.4446,2475.623	260.80972,481.6053,2278.427	180.5387,222.88956,2454.315	188.82779,178.00922,2415.9592	
269.67316,137.44878,2650.4373	226.173,201.22958,2512.8066	215.90222,205.00331,2573.4033	206.08078,204.75523,2587.4707	226.173,201.22958,2512.8066	236.95135,197.26935,2452.21	193.32507,225.63211,2457.3484	229.97421,243.88245,2491.8484	229.27336,288.02264,2496.5767	229.47537,382.4811,2448.834	238.50246,286.4791,2445.2036	259.73065,431.52972,2696.4133	234.74834,384.5201,2316.45	229.27336,288.02264,2496.5767	255.91809,481.82812,2276.0503	182.12674,220.48553,2798.9944	198.86856,184.64044,2395.7334	
269.5189,136.82956,2647.196	237.6991,195.72037,2548.3833	216.0092,194.36798,2550.6318	206.8626,202.25943,2585.926	237.6991,195.72037,2548.3833	259.4273,197.07516,2546.1348	222.67511,228.81538,2545.5322	233.53181,240.9051,2515.756	221.12314,286.73978,2483.9502	218.99399,384.85944,2412.6958	237.39227,287.8151,2482.3076	224.00928,455.51776,2549.5334	250.07866,376.03354,2467.937	221.12314,286.73978,2483.9502	242.61812,479.08722,2301.3354	172.41907,221.43704,2779.0564	203.09778,177.32764,2406.6992	
263.40454,135.35547,2622.4146	235.29118,196.2611,2547.3936	208.83961,193.25443,2523.849	206.17122,202.7472,2586.8293	235.29118,196.2611,2547.3936	261.25827,199.2127,2570.938	226.06627,229.47472,2564.9292	230.96121,241.1096,2530.3293	215.61589,285.67343,2503.6206	212.81042,383.8883,2438.044	237.4452,287.454,2522.9097	216.16777,473.23657,2431.4197	250.14339,377.2332,2477.685	215.61589,285.67343,2503.6206	264.847,459.36377,2585.809	179.48643,222.44073,2767.9426	201.39514,173.86322,2437.9832	
261.13455,132.80875,2611.677	239.5553,182.83449,2539.5977	216.73875,178.56877,2505.743	200.22787,215.04367,2614.8147	239.5553,182.83449,2539.5977	261.7715,186.98798,2573.4524	230.16003,218.33588,2571.695	231.79214,232.01054,2536.4915	211.76395,279.74615,2515.3118	196.66579,368.6681,2477.8594	236.08243,282.8461,2551.4587	190.71663,446.1788,2424.2935	247.31177,374.37292,2494.8374	211.76395,279.74615,2515.3118	260.58505,454.33136,2603.1194	187.72736,215.54065,2750.877	196.17278,194.74142,2455.552	
259.869,130.94136,2607.513	240.52066,180.57925,2547.8484	215.43958,174.86795,2510.102	194.85916,217.8754,2616.5732	240.52066,180.57925,2547.8484	264.86942,186.12381,2585.5947	267.6832,230.87282,2715.6538	231.19043,226.77475,2548.1208	205.99591,270.25644,2524.6423	197.70978,360.43872,2497.8274	237.43552,275.61432,2572.1443	186.51895,444.49582,2444.2976	245.24365,368.5061,2515.5027	205.99591,270.25644,2524.6423	259.74585,452.07843,2607.4692	190.14795,212.7663,2697.2368	215.0198,198.15453,2501.778	
258.04965,129.14545,2603.875	238.22675,179.75157,2556.6902	211.27168,173.78107,2522.4675	189.77751,222.09547,2612.7646	238.22675,179.75157,2556.6902	264.46973,185.56433,2590.9128	272.49768,227.43446,2727.2615	229.38724,224.06146,2556.8467	202.77296,265.24918,2534.5269	193.99796,355.53207,2519.8713	238.0149,271.42834,2579.4795	179.52782,445.10413,2489.291	243.2814,364.05377,2523.349	202.77296,265.24918,2534.5269	259.12292,449.78976,2603.6387	199.68483,211.48312,2691.863	216.3964,194.02185,2524.754	
253.2482,128.40805,2598.954	236.06633,180.40399,2567.666	208.0107,174.34882,2548.753	189.73126,221.48506,2629.1243	236.06633,180.40399,2567.666	263.7117,186.37062,2586.579	271.5879,228.60951,2724.4426	227.47986,222.4117,2571.1333	199.11028,260.48837,2561.244	190.60146,348.7114,2549.7021	238.51828,268.08475,2587.9573	174.6922,439.47693,2527.0425	241.6844,358.07602,2526.1206	199.11028,260.48837,2561.244	249.22095,442.5036,2504.311	205.6503,213.80916,2682.6624	197.22272,232.35672,2570.3118	
248.57173,127.18433,2601.2927	232.09007,180.79599,2583.1558	202.61246,175.25162,2572.7705	188.91168,219.3573,2629.5635	232.09007,180.79599,2583.1558	261.33163,186.29593,2593.541	270.98477,230.09383,2716.1526	224.69734,221.67403,2585.813	197.7189,259.0077,2581.555	188.55069,346.04797,2570.7097	236.81621,265.91016,2595.3855	171.32303,434.09793,2578.3052	239.67076,354.9837,2519.5588	197.7189,259.0077,2581.555	246.16379,441.9632,2465.9988	211.47919,212.81985,2669.259	196.80505,233.98526,2594.665	
244.50021,125.59093,2607.1348	229.2562,181.01476,2590.1846	199.23392,175.76297,2585.885	188.15376,218.22707,2637.3652	229.2562,181.01476,2590.1846	259.17896,186.24915,2594.4841	269.49817,233.48134,2681.6006	222.33731,221.72525,2593.4863	195.56653,258.94855,2593.9358	185.93166,347.33737,2612.0935	235.26193,265.7085,2599.6404	175.03555,426.63123,2718.3918	238.54892,355.44376,2519.119	195.56653,258.94855,2593.9358	243.93997,443.82324,2449.3296	216.30417,211.10834,2656.2576	195.17163,238.1054,2616.8113	
240.16573,124.139694,2614.0696	224.31076,179.98914,2587.591	194.93845,175.78836,2590.8987	187.06613,218.87253,2641.6038	224.31076,179.98914,2587.591	253.75829,184.20065,2584.2834	267.2265,231.83127,2646.889	218.71086,221.383,2596.4077	193.07133,259.55182,2607.501	181.47847,349.70874,2654.8137	233.2615,265.44672,2602.9478	174.40086,427.87234,2747.3997	237.05841,355.25616,2513.3975	193.07133,259.55182,2607.501	242.18982,444.60022,2440.698	218.30109,211.27722,2648.3894	194.2471,242.00952,2639.1726	
232.14307,123.78791,2625.6855	217.87192,179.42542,2587.8252	191.07559,176.6731,2609.4236	185.00806,218.80617,2646.8882	217.87192,179.42542,2587.8252	245.11932,182.22409,2566.2268	261.2691,233.14516,2618.331	214.54968,221.84828,2608.7336	192.00232,261.11017,2645.427	179.97118,350.17157,2670.3606	230.79105,266.11295,2613.8572	174.49675,427.1261,2788.2659	232.85132,355.69443,2506.9438	192.00232,261.11017,2645.427	236.37756,450.02222,2412.3337	220.6611,211.5369,2635.4946	193.72923,244.58517,2667.0657	
228.60233,124.650925,2632.6633	213.34346,181.1444,2607.7378	186.37178,178.73064,2647.7092	183.19952,217.39722,2653.5415	213.34346,181.1444,2607.7378	241.15488,183.63329,2567.7664	255.77238,234.07535,2597.7402	210.80704,223.89252,2629.6309	188.9167,263.27094,2680.7085	177.93802,352.0571,2708.5747	228.14001,268.65778,2622.3394	174.04565,426.6164,2807.2324	227.95251,363.03403,2502.1099	188.9167,263.27094,2680.7085	229.15305,456.24646,2385.0437	221.442,220.18602,2633.248	191.37633,248.07309,2694.331	
222.08221,126.34144,2640.783	207.6041,183.00595,2627.808	181.42418,182.21948,2679.9216	167.59491,228.26471,2793.8535	207.6041,183.00595,2627.808	234.84341,183.82425,2575.6946	251.09518,233.98839,2609.3833	207.17421,226.93103,2647.1062	188.48015,268.48676,2703.111	180.73695,352.36923,2756.275	225.53098,272.00223,2629.6975	174.63293,429.33517,2824.6099	223.5932,362.61874,2492.0842	188.48015,268.48676,2703.111	221.33368,454.12695,2382.7764	221.26683,226.61009,2622.9792	191.34102,250.0212,2682.523	
216.71722,128.50067,2660.2598	202.07167,182.10316,2635.1301	177.8038,182.3623,2700.458	167.26991,225.96774,2804.7698	202.07167,182.10316,2635.1301	227.57336,181.83084,2569.8022	242.7308,234.49605,2575.6394	202.93976,227.73904,2652.9102	188.19211,271.52576,2712.8157	186.43896,353.88135,2805.2678	219.90067,274.04858,2628.5647	174.38857,431.20364,2830.4072	214.65405,359.6624,2491.7954	188.19211,271.52576,2712.8157	217.02374,450.45428,2384.631	216.9384,184.95935,2553.973	190.21854,248.51321,2676.7935	
214.06198,129.93304,2670.0017	197.81462,185.11792,2644.0354	177.86531,186.24014,2715.4668	173.20564,229.73155,2819.7854	197.81462,185.11792,2644.0354	218.87177,183.93338,2572.604	237.32803,234.54568,2573.4146	199.20023,229.86528,2654.7004	187.57578,273.46082,2711.6765	181.26335,358.01868,2912.782	214.03343,275.07632,2619.0544	173.5068,433.0651,2830.5588	211.76956,358.92383,2492.9795	187.57578,273.46082,2711.6765	212.20187,445.0495,2407.0933	209.8657,213.58545,2570.623	184.68983,232.8201,2652.9246	
208.31357,132.19547,2679.2502	194.41068,190.8914,2686.583	182.84724,192.61263,2713.8823	176.36368,240.90196,2854.3809	194.41068,190.8914,2686.583	206.21155,189.13484,2659.2837	218.1247,228.67213,2883.2834	197.15529,233.0726,2677.5068	185.24637,276.63904,2702.7627	180.06404,364.20215,2865.5645	214.97324,274.41385,2634.0986	171.11162,436.63678,2816.81	207.80597,360.13876,2519.4775	185.24637,276.63904,2702.7627	212.21408,441.88354,2431.7317	204.80432,220.89532,2544.0854	0.0,0.0,0.0	
200.18301,131.3555,2691.4873	194.03406,189.3778,2667.8677	183.29118,188.68613,2677.4353	178.66322,236.2652,2831.9248	194.03406,189.3778,2667.8677	204.85428,190.07445,2658.3	217.67728,230.12006,2872.4636	191.58786,229.798,2675.8674	181.15192,269.24612,2691.0437	178.52663,354.72687,2838.6392	197.20349,270.7123,2676.6907	162.49884,430.34546,2808.6484	212.82968,362.27158,2557.047	181.15192,269.24612,2691.0437	213.74881,445.42075,2479.623	200.88751,226.24593,2541.8677	0.0,0.0,0.0	
196.29622,131.5561,2701.9836	192.48264,188.32338,2667.375	179.79276,187.77347,2635.3674	184.25781,235.44955,2543.3496	192.48264,188.32338,2667.375	204.87158,188.86023,2699.3826	218.31956,228.83195,2902.2861	191.68419,229.47754,2679.7917	184.18971,270.48688,2675.072	182.57857,352.4015,2820.8296	197.51169,270.02026,2709.345	167.58485,429.32672,2811.6265	210.14636,359.13132,2564.5125	184.18971,270.48688,2675.072	176.07477,417.66745,2842.894	210.59634,218.70898,2721.1987	228.92497,221.39317,2755.3145	
190.39146,132.71838,2722.2373	185.84999,184.6828,2747.88	176.63751,180.66173,2611.1047	179.41551,225.65591,2552.2866	185.84999,184.6828,2747.88	194.18884,188.32256,2884.655	215.7142,234.73671,2920.6953	186.55037,227.10425,2739.9578	183.43407,269.954,2673.4868	195.79767,350.66388,2578.0024	190.91527,269.59705,2790.5845	195.46725,455.93298,2496.1624	201.39911,344.3274,2910.1726	183.43407,269.954,2673.4868	179.04593,425.88232,2870.303	226.42844,228.6687,2736.5723	218.92114,215.49127,2702.576	
186.63937,132.03362,2731.4607	183.728,184.12375,2758.5845	172.73119,180.91635,2630.0374	172.28946,227.20085,2569.0024	183.728,184.12375,2758.5845	193.74554,187.04552,2887.1316	211.80894,233.7607,2927.1045	184.69475,227.06973,2754.2292	180.01537,270.66858,2681.9497	192.14677,348.13528,2587.34	191.0414,269.65988,2817.7983	191.24706,446.23605,2532.5356	202.10391,343.8406,2910.525	180.01537,270.66858,2681.9497	183.93878,424.08453,2882.8003	215.99176,224.81795,2753.517	217.04552,215.32724,2688.786	
182.91747,130.86319,2738.9656	180.28976,183.74213,2765.8452	165.962,181.11935,2641.6074	171.06543,227.58705,2572.7527	180.28976,183.74213,2765.8452	193.38568,186.13939,2890.083	209.82777,233.1109,2936.7383	181.92728,226.91205,2763.6162	175.89429,270.9319,2692.8247	190.28864,345.21695,2594.9001	190.86876,269.40927,2829.9497	169.30504,426.63922,2595.1523	202.4765,343.62122,2911.1306	175.89429,270.9319,2692.8247	184.03412,423.31842,2881.5664	216.06819,227.9986,2754.9084	211.4924,215.15388,2683.0889	
179.47061,130.44165,2747.9785	171.29262,181.36043,2792.362	150.92123,179.62958,2689.9675	151.4507,231.59451,2629.8083	171.29262,181.36043,2792.362	190.22284,182.96883,2894.7566	206.86198,231.47787,2944.247	175.63414,224.64456,2781.153	168.69034,269.17026,2711.6348	186.24455,344.18533,2610.6	190.86449,267.42447,2828.2534	163.5161,423.2229,2637.6575	203.76071,342.19467,2904.6853	168.69034,269.17026,2711.6348	187.15047,417.0889,2909.6873	223.5209,230.1876,2790.8828	209.43198,218.69345,2655.0623	
173.47188,131.52908,2770.1934	170.87491,181.88298,2791.8948	150.9194,180.46544,2686.6565	151.68074,232.67305,2628.8057	170.87491,181.88298,2791.8948	189.38066,183.19753,2897.133	203.8783,230.36023,2951.5527	174.15732,225.3815,2789.6074	165.41187,270.1689,2722.182	179.03757,345.5907,2629.1345	188.92877,267.78955,2852.4583	156.47092,423.48004,2674.9514	200.17696,347.01404,2892.6675	165.41187,270.1689,2722.182	158.18854,434.94904,2723.1152	216.67654,233.45093,2813.061	206.01799,218.58731,2643.646	
170.68422,132.12212,2782.8489	168.53705,181.52019,2798.784	147.95319,180.77231,2715.0483	142.96799,229.5665,2638.0708	168.53705,181.52019,2798.784	187.925,182.22461,2882.5195	189.35721,219.71867,3026.1892	171.37244,225.69675,2799.3242	164.4913,270.79715,2759.3528	158.02989,353.63202,2664.0286	183.64502,268.9422,2840.3762	156.85641,425.73495,2705.4888	189.27684,349.5686,2857.9924	164.4913,270.79715,2759.3528	157.99013,432.99,2766.2664	228.72534,236.44473,2907.728	187.96436,217.51608,2629.102	
168.7308,131.81628,2789.2158	166.65083,181.4136,2795.5215	145.81381,181.30457,2731.9836	136.75035,227.1588,2659.669	166.65083,181.4136,2795.5215	186.56172,181.51782,2859.0593	190.38034,222.91959,2978.7246	168.89207,224.5167,2803.8862	159.35423,268.43585,2775.6182	153.6613,356.83423,2641.4421	182.58315,266.31848,2848.8838	147.56882,433.43127,2701.0828	180.03613,348.6413,2831.1287	159.35423,268.43585,2775.6182	157.77463,430.5021,2792.229	224.55508,232.57124,2884.92	184.24858,220.68787,2645.228	
165.84917,131.2267,2798.337	164.43655,182.7595,2800.3772	142.40305,183.61308,2745.9072	132.7792,229.08893,2682.5735	164.43655,182.7595,2800.3772	185.62927,181.9385,2854.8472	190.24692,221.69872,2982.9822	168.00333,223.8721,2811.0354	155.61803,266.47702,2781.5564	148.15172,351.56134,2650.9905	187.02159,262.92175,2861.8308	140.0439,428.0335,2723.3955	176.75598,346.81644,2803.5193	155.61803,266.47702,2781.5564	158.94173,430.76532,2795.0408	222.26447,234.20517,2846.6267	178.33554,220.04822,2632.094	
163.9919,131.08005,2803.7139	162.12552,183.05368,2802.971	139.08044,184.02524,2750.641	126.35979,227.76678,2675.9531	162.12552,183.05368,2802.971	184.32587,182.11775,2855.3008	191.26195,222.35342,2996.752	165.90039,224.28319,2810.7898	153.9423,267.02374,2782.2942	148.11942,353.16165,2684.0242	184.96663,263.58838,2854.923	137.07495,428.30457,2735.4382	174.45384,347.86316,2794.0044	153.9423,267.02374,2782.2942	159.15765,429.7369,2798.514	218.19466,233.32156,2828.503	177.65228,221.64688,2649.5867	
162.07002,131.94489,2812.3708	159.88753,182.75644,2808.2756	135.42543,183.0345,2764.964	125.74577,225.85394,2698.575	159.88753,182.75644,2808.2756	183.60655,182.48682,2851.5872	191.75037,223.94774,2979.5447	162.08199,223.26465,2807.328	149.61412,264.73053,2780.2004	142.15477,348.85846,2706.4573	178.67065,262.88712,2832.5598	132.60725,424.77948,2762.5754	172.76808,348.6399,2794.4062	149.61412,264.73053,2780.2004	158.81258,428.63806,2808.1548	212.64978,237.2721,2800.717	167.03261,220.87321,2628.5073	
161.11221,132.64035,2818.6492	158.57304,182.56332,2811.4292	132.91635,182.57944,2770.3984	120.2146,227.98079,2728.337	158.57304,182.56332,2811.4292	183.49164,182.54767,2852.46	192.28296,224.48969,2970.909	160.10397,223.78683,2811.6946	143.67352,265.87012,2783.054	138.4554,347.3405,2718.5168	179.23016,264.15268,2840.866	128.99745,427.1238,2781.5156	171.75269,349.90195,2795.089	143.67352,265.87012,2783.054	158.49162,427.74817,2828.4	207.74234,239.81833,2790.7512	167.65335,218.48787,2615.9753	
160.08452,132.53146,2823.758	156.90178,182.21278,2813.7898	130.40178,182.07858,2776.3816	120.47847,226.64075,2753.3203	156.90178,182.21278,2813.7898	182.70639,182.34346,2851.198	195.46979,227.10052,2980.4785	157.99245,223.3969,2813.9675	140.95328,265.24396,2788.4133	132.41963,345.02856,2720.1392	176.88412,263.91977,2839.8772	130.57222,420.87354,2772.6758	169.86691,350.91797,2791.0054	140.95328,265.24396,2788.4133	158.62517,427.70593,2827.8184	199.25406,242.01254,2771.1707	166.99574,218.84157,2625.2688	
159.46916,132.38382,2827.0771	155.65294,182.28903,2814.746	129.80363,182.08792,2778.7388	118.72789,226.76901,2764.8003	155.65294,182.28903,2814.746	180.84923,182.48506,2850.7534	194.57217,226.31564,2967.6597	156.58069,222.78508,2815.6265	139.01067,263.86325,2790.6067	130.0633,344.94125,2722.9075	175.66798,262.65945,2842.407	130.47859,421.78845,2770.5647	166.9697,348.85373,2785.6206	139.01067,263.86325,2790.6067	155.89102,426.8667,2811.2654	195.17764,242.95529,2734.5098	155.81496,219.54599,2632.8818	
159.17642,132.26169,2829.3892	153.65979,182.09099,2817.7168	127.28279,181.46472,2788.197	118.85841,228.93582,2795.7588	153.65979,182.09099,2817.7168	179.48984,182.70425,2847.2366	193.42657,227.2516,2952.7046	153.59613,222.8829,2812.7598	137.87871,263.9607,2790.272	128.43883,341.24072,2717.433	168.9915,263.67877,2825.3335	130.99759,414.57578,2785.8645	164.99265,347.8908,2782.2878	137.87871,263.9607,2790.272	157.13019,425.5605,2821.9382	192.60742,241.85938,2717.1118	143.97218,218.63863,2648.3643	
158.69568,132.0523,2829.887	152.55495,182.0752,2819.9683	126.01555,181.4414,2793.265	118.76494,228.54501,2790.4246	152.55495,182.0752,2819.9683	178.59644,182.6971,2846.6716	192.5158,226.90309,2946.2922	152.30281,222.74438,2811.5315	136.95023,263.7415,2787.9343	127.982635,343.39502,2722.91	166.98563,263.57614,2818.2551	132.00566,415.10617,2807.0972	161.72937,348.63385,2772.7021	136.95023,263.7415,2787.9343	156.66212,423.80908,2823.78	186.3042,241.27112,2714.2388	142.78722,217.6031,2647.2393	
158.13339,131.75941,2831.9824	152.05014,182.10982,2826.4456	124.69318,181.43895,2805.2158	118.34056,228.24649,2782.7478	152.05014,182.10982,2826.4456	178.9992,182.77069,2847.6753	189.52388,229.42596,2892.185	151.40154,222.86441,2815.3457	135.77136,263.9134,2792.68	133.4374,349.00815,2751.2898	165.6012,263.9696,2815.8118	144.2267,427.0357,2819.3225	159.5383,349.77856,2766.7866	135.77136,263.9134,2792.68	156.66866,423.62775,2820.8003	152.31801,252.22253,2657.541	138.64189,221.63123,2636.4502	
157.22551,130.94812,2832.5469	151.85535,181.69418,2831.412	124.571304,180.6431,2817.9006	117.55046,228.25775,2782.6755	151.85535,181.69418,2831.412	178.88023,182.73528,2844.9236	188.93323,229.91763,2871.639	150.22264,222.80293,2820.2424	132.40057,263.8503,2801.1143	136.65761,345.80878,2761.097	164.66193,264.6247,2817.0312	149.24765,425.54153,2824.9097	158.21204,351.10733,2767.755	132.40057,263.8503,2801.1143	156.66777,424.0745,2822.483	154.38261,250.31033,2658.9612	132.97054,217.667,2624.7004	
157.1145,130.91577,2833.8494	151.34964,181.36328,2834.591	123.87331,179.99603,2815.4812	115.43631,227.5581,2779.0142	151.34964,181.36328,2834.591	178.45796,182.7122,2853.701	188.0321,230.61993,2866.5889	149.26468,222.34317,2815.5713	130.37738,263.38824,2785.0232	139.1434,346.81427,2775.9558	163.78761,264.36868,2808.0798	152.94864,423.9382,2840.524	156.47531,351.9863,2756.6758	130.37738,263.38824,2785.0232	155.4441,424.49625,2816.0264	155.19713,253.30116,2650.4	133.73325,217.90675,2619.5876	
156.76161,130.42935,2836.5903	150.67133,181.01073,2836.815	123.06528,180.07895,2821.4644	113.84741,227.82553,2789.8323	150.67133,181.01073,2836.815	177.98021,181.93248,2852.1655	186.99768,230.25708,2858.139	149.02246,222.08206,2817.444	131.55049,263.4465,2789.3928	139.44606,348.1629,2781.025	163.05333,263.9959,2806.7537	153.1631,421.7848,2862.1726	155.21417,352.23785,2755.539	131.55049,263.4465,2789.3928	154.78735,424.10098,2816.9167	154.97136,252.88731,2630.6829	130.8274,218.83823,2629.4165	
156.66301,130.12369,2838.827	150.33125,180.80061,2839.0571	123.39035,179.77225,2829.6504	115.53708,224.71396,2804.3599	150.33125,180.80061,2839.0571	177.09421,181.82219,2848.4639	186.47804,230.34808,2854.934	148.08896,221.86166,2818.4688	130.44548,263.0975,2792.5876	139.40182,347.83774,2781.4688	161.12378,263.9549,2803.173	143.45885,418.6208,2839.0745	154.94173,352.7708,2755.6453	130.44548,263.0975,2792.5876	154.27452,424.62115,2817.904	155.72926,249.24792,2609.3105	126.27246,219.90195,2615.978	
156.7083,130.37817,2839.865	150.43103,180.90697,2840.249	123.70216,179.81409,2832.5803	113.6349,225.45374,2824.0305	150.43103,180.90697,2840.249	177.01595,181.99397,2847.9177	186.25838,230.95149,2853.0886	147.9453,221.81798,2819.0723	129.62141,262.83444,2793.427	131.74965,345.0987,2776.5798	161.1721,263.8605,2802.364	131.88583,424.13007,2813.2803	154.52779,352.41284,2755.6978	129.62141,262.83444,2793.427	154.36673,424.14606,2817.5469	148.33188,245.62903,2603.906	124.16002,219.9825,2612.2363	
156.57016,130.2814,2842.2737	150.5904,182.18309,2846.6125	124.14043,181.30411,2843.5635	112.0923,225.8489,2829.5498	150.5904,182.18309,2846.6125	176.98378,183.06021,2849.6616	186.13075,232.21805,2853.8652	147.98134,222.04565,2822.1052	129.64238,262.13663,2795.8206	130.42093,344.87564,2771.4192	160.99083,263.076,2799.3752	131.10806,413.6512,2835.9658	154.27817,351.48138,2755.4424	129.64238,262.13663,2795.8206	153.95001,423.41458,2816.8904	147.43523,244.91118,2598.2017	121.81331,218.50546,2614.721	
