211.59221,131.5993,2780.506	208.82939,174.9894,2768.228	178.82408,174.12045,2788.466	163.59836,219.49818,2752.1401	208.82939,174.9894,2768.228	239.27664,175.87112,2747.99	245.27768,218.40543,2755.788	206.49527,219.21729,2762.339	184.45662,262.6404,2769.6592	188.60912,349.1433,2811.911	224.03546,264.63748,2743.2412	187.00009,428.3802,2737.4714	231.1735,353.41388,2753.2449	184.45662,262.6404,2769.6592	247.9079,436.60605,2658.0803	207.51279,212.07167,2549.5078	159.3472,196.13914,2485.2996	
211.10736,131.36357,2769.2192	208.27277,175.14633,2765.0198	178.42679,173.87598,2787.2883	163.94829,219.70941,2751.617	208.27277,175.14633,2765.0198	238.6034,176.43732,2742.7512	246.13788,218.55675,2757.874	205.7641,219.44518,2765.9639	183.76045,262.41995,2781.4438	188.00636,348.5363,2824.1792	222.9598,265.02127,2752.372	186.41719,427.78436,2748.1665	230.16183,353.516,2762.069	183.76045,262.41995,2781.4438	247.15607,436.50095,2669.04	207.13524,212.04515,2552.0369	162.06108,194.94034,2483.5916	
211.30264,131.93295,2774.077	207.88553,175.6185,2766.1953	178.31488,174.26642,2791.4248	164.04124,219.25826,2748.3198	207.88553,175.6185,2766.1953	238.00052,176.99547,2740.9658	244.72632,218.83517,2756.955	204.99112,219.87366,2764.957	182.74908,262.75787,2780.1865	187.84683,349.50098,2810.75	221.67105,265.59598,2747.251	185.99937,428.9975,2734.4438	229.78601,354.4651,2749.663	182.74908,262.75787,2780.1865	246.71524,436.93536,2654.2964	207.00069,212.17989,2555.6604	162.99255,194.26346,2474.586	
211.01363,131.96045,2776.9949	207.77069,175.5329,2766.5088	178.15938,174.40118,2791.4233	160.99158,217.85547,2769.1667	207.77069,175.5329,2766.5088	237.92021,176.68517,2741.5942	245.91748,218.55638,2756.9802	205.10004,219.79361,2763.875	183.03514,262.87787,2777.4998	188.93666,349.582,2810.065	222.0431,265.4146,2744.9827	187.50873,429.03598,2735.1475	231.6195,354.18042,2748.2412	183.03514,262.87787,2777.4998	248.3555,435.84906,2656.9277	206.51408,212.53355,2560.3105	157.45293,197.15533,2494.2998	
211.27664,131.88257,2778.4553	207.76688,175.34146,2766.4976	178.09286,174.20087,2790.7126	160.26132,215.95786,2784.0862	207.76688,175.34146,2766.4976	237.96497,176.50218,2742.2825	243.9866,218.54503,2759.997	204.98611,219.58575,2762.2266	182.74454,262.71326,2773.7585	188.46625,349.51776,2807.0815	221.87306,265.23538,2742.1526	186.92177,428.19543,2733.17	231.0339,354.09116,2746.8064	182.74454,262.71326,2773.7585	248.01051,435.8584,2657.2651	206.21498,213.01024,2561.9895	157.77187,200.46692,2515.845	
211.12485,130.98213,2778.1833	207.66754,174.4865,2767.0771	178.2004,173.32843,2793.54	160.64244,216.9177,2772.049	207.66754,174.4865,2767.0771	237.70374,175.66693,2740.6143	243.34198,218.82565,2758.0	204.77628,218.71928,2763.1113	182.56067,261.76755,2776.4182	188.3562,348.3314,2812.949	221.4361,264.40744,2741.8728	187.24033,427.27432,2741.609	230.94717,353.21072,2747.3457	182.56067,261.76755,2776.4182	247.84431,435.34055,2657.2644	206.07404,212.7292,2559.666	159.01288,199.63808,2512.2427	
211.0251,131.3353,2778.551	207.62437,174.6269,2765.901	178.10205,173.4963,2791.9253	161.53336,217.70926,2765.5288	207.62437,174.6269,2765.901	237.70752,175.77898,2739.8765	245.82848,218.15816,2760.5098	204.72087,218.87054,2761.0037	182.44513,261.98566,2773.0903	188.00517,348.82477,2806.5952	221.40909,264.57312,2739.1226	187.32295,428.73346,2736.646	231.32811,353.72852,2736.223	182.44513,261.98566,2773.0903	248.42986,436.28265,2656.0144	206.627,212.54764,2558.086	160.00967,198.30879,2501.685	
211.14053,131.23825,2779.2207	207.69174,174.44522,2765.8232	178.19014,173.33063,2792.123	159.45645,217.90248,2736.7769	207.69174,174.44522,2765.8232	237.75977,175.58124,2739.5234	250.57811,219.25082,2772.1396	204.80408,218.69273,2761.019	182.55815,261.81348,2773.3792	188.31102,348.4278,2810.7803	221.49707,264.39154,2739.0505	187.70715,428.2194,2741.7651	232.2356,353.80807,2724.6082	182.55815,261.81348,2773.3792	248.78902,435.45,2658.807	207.95526,213.91876,2565.6162	161.91759,196.56026,2475.394	
211.63364,130.57901,2768.0486	208.23308,174.18651,2759.5312	178.28453,172.73506,2781.019	158.05403,219.73546,2743.3782	208.23308,174.18651,2759.5312	238.65167,175.66074,2738.0435	250.55592,219.297,2779.0486	205.27094,218.55072,2757.5908	182.69804,261.5759,2769.6821	188.4559,348.39215,2805.5771	222.11191,264.39325,2741.6187	187.90292,427.74265,2738.0596	233.78186,353.81323,2719.9287	182.69804,261.5759,2769.6821	249.07668,435.4287,2660.0022	209.34207,214.8789,2558.902	161.04115,198.36728,2477.3064	
212.57849,130.46484,2762.9734	209.12335,174.17844,2755.901	178.86594,172.57457,2773.9866	157.39137,217.90823,2770.1855	209.12335,174.17844,2755.901	239.78053,175.8035,2737.8152	250.90907,219.66997,2788.5208	206.13824,218.60776,2754.8652	183.36914,261.64117,2765.6333	189.06209,348.4006,2804.876	223.10295,264.51212,2742.026	188.26,427.59708,2736.8564	234.92538,354.18866,2706.7644	183.36914,261.64117,2765.6333	250.00778,436.51404,2651.6287	211.22447,215.44574,2562.166	163.02455,203.23445,2504.6497	
213.72125,129.91641,2761.938	209.97748,173.53537,2752.8003	179.59564,171.81586,2769.7734	157.74034,219.0786,2756.089	209.97748,173.53537,2752.8003	240.73633,175.27621,2735.8271	253.03821,219.84607,2780.517	206.8013,217.996,2750.7927	183.75024,261.03845,2759.8604	189.00864,347.86035,2801.623	223.65144,264.01672,2737.71	188.07216,427.25128,2734.1794	235.82582,353.92374,2695.8237	183.75024,261.03845,2759.8604	249.50848,436.02014,2639.8025	211.05891,216.43494,2557.53	165.34537,203.53467,2501.7268	
215.4386,129.8808,2749.8787	211.3002,173.7843,2744.0789	180.4629,171.54633,2755.3743	159.55594,218.62251,2723.5134	211.3002,173.7843,2744.0789	242.3924,176.0408,2732.7834	254.10362,219.87286,2776.4897	207.78659,218.3724,2745.1802	184.14287,261.22345,2753.6584	189.17697,348.27933,2794.84	224.5172,264.6352,2738.9045	188.07309,428.01276,2734.2698	237.58597,354.46375,2691.4697	184.14287,261.22345,2753.6584	250.75177,437.58322,2634.7588	212.2315,216.52666,2550.448	169.17128,202.8559,2473.0735	
216.74948,130.45694,2743.957	213.0443,174.33282,2737.6497	181.64027,172.24503,2740.751	160.90222,218.3287,2697.8298	213.0443,174.33282,2737.6497	244.51955,176.42537,2734.5483	251.61642,219.32182,2785.803	209.97617,219.05508,2737.6304	186.38568,262.34717,2739.6375	192.29436,349.76688,2781.179	227.46075,265.21094,2735.5847	190.03778,430.13116,2726.7712	241.66425,355.06226,2672.9949	186.38568,262.34717,2739.6375	254.1489,438.54276,2616.4915	219.79944,216.64227,2543.0745	172.33156,202.15317,2453.773	
218.45518,129.80704,2741.4146	214.44287,173.80948,2732.73	182.6642,171.43983,2729.3936	160.72798,218.01102,2690.4028	214.44287,173.80948,2732.73	246.14401,176.17336,2736.0664	254.10788,219.90729,2795.3823	211.14572,218.58914,2731.0813	187.08397,261.94678,2727.2551	191.1049,349.6385,2771.5955	228.57217,264.89667,2731.61	188.07158,428.3322,2728.453	241.70781,355.0859,2654.6216	187.08397,261.94678,2727.2551	253.91843,438.65448,2600.3604	227.91937,217.46173,2543.5867	176.52045,202.14186,2452.9592	
221.02,131.06853,2730.5903	216.73335,175.1753,2723.617	184.52928,172.25493,2709.935	162.3547,218.16571,2674.1445	216.73335,175.1753,2723.617	248.6155,178.06647,2737.2988	255.60541,220.53714,2803.108	213.04631,220.08244,2723.0513	188.3121,263.398,2713.543	192.90445,351.0285,2765.2197	230.26555,266.60794,2731.4282	188.70226,430.06723,2724.2222	244.0709,356.71976,2644.7385	188.3121,263.398,2713.543	257.17764,443.3813,2581.9995	235.39815,217.06749,2545.0571	182.82623,203.05948,2449.0635	
223.17398,130.85219,2723.7095	218.69275,175.09749,2716.1882	186.22026,171.7537,2693.5442	164.29688,218.21425,2648.048	218.69275,175.09749,2716.1882	250.62825,178.38599,2738.8323	259.7806,218.97864,2787.862	214.70203,220.10126,2715.0068	189.51082,263.4591,2699.0444	193.23114,351.7468,2748.0913	231.67526,266.81107,2728.6064	188.5832,429.14145,2722.0347	246.82202,356.55246,2626.8474	189.51082,263.4591,2699.0444	258.96323,443.95108,2557.3438	238.62021,217.83282,2524.1465	189.42809,202.33519,2438.9524	
226.55753,130.24394,2720.201	221.4697,174.40945,2710.621	188.93692,170.18405,2680.0679	165.82564,217.61844,2625.4155	221.4697,174.40945,2710.621	253.27722,178.54068,2741.1743	262.06567,220.20488,2804.8242	216.51035,219.38525,2706.8228	190.25616,262.40244,2683.0852	193.80717,351.24902,2731.9421	232.50632,266.54193,2722.9636	188.08086,428.45355,2721.3586	248.074,356.2733,2612.9053	190.25616,262.40244,2683.0852	260.45532,445.18976,2532.4648	247.37074,216.90274,2537.4663	195.77359,202.13162,2433.3018	
230.4195,131.02548,2719.0134	224.81927,174.76273,2704.45	192.30173,169.91458,2667.0662	168.49667,217.60966,2608.6558	224.81927,174.76273,2704.45	256.45007,179.47864,2741.8337	264.32806,221.18039,2823.3857	219.29668,219.72401,2695.6357	192.38736,262.63858,2662.435	196.54395,352.20242,2710.4722	234.70425,267.2799,2711.208	189.27606,430.28622,2712.6187	252.85956,356.62305,2591.88	192.38736,262.63858,2662.435	263.67038,448.60703,2507.4038	257.53378,216.87694,2555.8271	202.93736,202.1443,2430.9026	
233.64938,131.45764,2708.0708	228.6305,175.99365,2696.0264	196.29352,171.29358,2647.1016	173.09795,217.69823,2587.9517	228.6305,175.99365,2696.0264	259.81473,180.52615,2744.9512	267.49393,223.0161,2835.2866	223.73068,221.18797,2688.417	197.55298,264.6623,2648.816	200.52501,354.65466,2696.871	239.55197,268.56882,2712.7993	191.75623,432.40533,2714.0574	257.6721,357.87152,2588.0537	197.55298,264.6623,2648.816	267.38693,449.35724,2503.7065	264.7928,217.5555,2568.3618	212.87833,202.34348,2432.589	
238.89255,131.38028,2702.9944	233.62888,175.9914,2688.988	201.64572,170.86908,2631.2715	179.29881,217.94775,2559.9897	233.62888,175.9914,2688.988	264.26788,180.8984,2746.7046	270.74747,223.75446,2848.6335	228.6237,221.25653,2678.2954	202.55817,264.84247,2629.9485	201.84442,355.49698,2676.0193	244.01349,268.8698,2705.257	191.09369,430.78815,2699.806	259.74203,358.4781,2565.0474	202.55817,264.84247,2629.9485	267.21768,449.5,2480.9634	272.46194,218.2461,2582.3452	224.87306,202.05249,2426.852	
243.91835,131.58365,2700.4573	238.74731,175.98233,2683.7756	207.87866,170.2774,2611.8232	185.38223,218.09972,2535.0178	238.74731,175.98233,2683.7756	268.00403,181.38934,2755.728	276.47424,223.97699,2866.2993	233.65297,221.28625,2670.4531	208.08803,264.9493,2609.9983	204.56306,357.40308,2635.588	248.21527,269.06662,2704.263	189.40654,432.17914,2682.9377	261.10953,359.4056,2565.055	208.08803,264.9493,2609.9983	266.92508,449.36508,2479.7034	280.32156,218.06436,2600.396	235.28879,201.72365,2427.0583	
249.18373,132.31052,2719.232	244.31883,175.36102,2687.2427	214.71661,168.37149,2605.3823	193.46326,218.10434,2506.4604	244.31883,175.36102,2687.2427	272.17084,181.93733,2769.103	281.45532,223.61722,2887.8064	239.07974,220.1806,2660.8838	214.06621,263.17346,2581.2344	208.9263,357.80222,2588.363	252.62546,268.51257,2687.8154	187.10983,430.6618,2651.729	263.75177,359.7829,2547.7905	214.06621,263.17346,2581.2344	267.62006,450.20447,2461.0645	287.31433,218.079,2620.1396	247.72678,200.71167,2429.0938	
254.40271,133.4946,2728.5178	249.36237,175.7261,2686.3901	221.24069,167.36363,2595.4995	202.69891,216.72119,2484.1257	249.36237,175.7261,2686.3901	275.6434,183.54126,2777.2808	285.73315,223.78828,2903.4072	243.645,220.18974,2651.1287	218.8851,262.40488,2556.5896	214.17319,359.1168,2528.7102	255.8248,269.14655,2675.1448	184.45193,429.64697,2629.2031	267.2313,361.28226,2547.2278	218.8851,262.40488,2556.5896	262.117,455.0041,2463.756	294.92676,218.95879,2638.9534	260.8023,198.73004,2437.3135	
259.9231,134.57478,2732.7158	254.71921,176.32466,2686.048	229.7153,166.82356,2580.644	215.60275,214.12079,2458.5747	254.71921,176.32466,2686.048	277.83484,185.10825,2791.4521	291.61307,225.2109,2920.702	248.9169,220.61267,2646.0571	225.90277,262.36475,2536.813	225.42807,360.38,2489.1267	259.08838,269.95343,2675.3193	186.65144,427.4159,2597.1377	270.6604,362.42422,2561.2065	225.90277,262.36475,2536.813	259.47946,457.08344,2477.4001	302.2744,219.41522,2657.4395	276.57318,197.00957,2451.7168	
265.03802,136.84213,2735.2349	259.5694,178.1974,2683.5183	237.84827,167.64857,2566.564	227.88531,213.41069,2439.2615	259.5694,178.1974,2683.5183	279.47626,187.86516,2800.4727	295.54044,226.14384,2933.227	253.44748,222.33577,2639.4412	232.26688,263.6705,2518.8855	234.63641,362.6807,2459.6638	261.1182,272.02988,2671.8425	188.24957,426.99506,2554.5476	271.22906,364.88623,2552.535	232.26688,263.6705,2518.8855	257.7278,460.58728,2473.3425	307.02795,220.99174,2670.2588	290.02716,195.99492,2465.9417	
269.42746,138.03333,2736.5051	263.78723,178.95561,2680.201	245.5667,167.47906,2554.0515	239.44095,212.89243,2426.6077	263.78723,178.95561,2680.201	280.36972,189.40038,2806.3503	302.28662,227.1445,2971.5095	257.3826,222.92911,2632.2393	238.16885,263.83542,2501.9287	245.00516,363.27527,2444.5845	262.53516,272.94397,2666.6265	192.42657,425.25323,2507.9712	271.08673,366.05304,2538.3757	238.16885,263.83542,2501.9287	255.2901,461.86618,2472.1655	311.31323,222.95578,2703.3535	301.5184,196.41287,2486.9197	
274.25018,140.35327,2746.716	268.59747,179.93726,2682.4324	255.86417,167.0486,2548.7703	250.61337,211.80559,2415.7742	268.59747,179.93726,2682.4324	280.12204,191.60243,2816.0945	306.27408,227.59615,3008.3088	262.00565,223.2609,2625.0923	246.03156,262.94556,2479.8184	261.474,361.81873,2426.2524	263.60544,273.72418,2655.686	201.35052,424.95178,2452.0945	271.86905,366.41425,2503.8691	246.03156,262.94556,2479.8184	254.31584,459.21674,2489.0146	312.6593,224.97017,2737.1482	310.9427,198.69978,2504.5886	
278.2037,142.67294,2752.474	272.27814,181.93463,2686.0286	264.98502,169.39185,2546.5312	262.7691,209.98972,2408.551	272.27814,181.93463,2686.0286	278.85114,193.23894,2825.526	302.0014,235.3542,2979.3794	266.22528,225.34015,2628.8984	254.54294,265.5081,2480.3914	278.77036,361.59076,2454.888	264.89624,275.48566,2663.1453	215.12537,429.10712,2422.4465	277.65338,366.98108,2504.2212	254.54294,265.5081,2480.3914	246.53659,451.3625,2526.0657	310.62378,242.64232,2707.409	319.65393,200.70197,2529.5032	
281.95078,145.04971,2755.1782	275.4851,184.06561,2686.6812	273.69595,172.05003,2545.1611	276.8895,209.70987,2410.7373	275.4851,184.06561,2686.6812	277.0952,194.87871,2828.2012	297.31662,241.8082,2952.6062	269.4726,227.5139,2629.456	261.53357,268.14764,2479.7214	288.78937,363.32202,2467.6658	264.7364,277.3135,2664.7405	229.10785,432.44238,2377.6174	280.0734,369.0222,2521.6917	261.53357,268.14764,2479.7214	239.02975,453.21948,2492.47	307.23474,258.04224,2690.1897	328.508,201.5319,2557.2966	
285.94183,145.00919,2777.8901	278.27475,182.90642,2702.7454	279.60153,170.15535,2561.724	291.9679,209.25616,2416.2	278.27475,182.90642,2702.7454	277.07956,194.39285,2843.7666	294.1572,244.40108,2943.5205	271.4414,225.4564,2638.6685	264.6391,264.81497,2483.2913	290.7656,359.8402,2483.473	263.92224,275.07013,2665.8918	244.85156,441.5065,2334.9727	280.61395,366.82666,2538.087	264.6391,264.81497,2483.2913	250.04639,457.60297,2446.5981	304.8357,268.03806,2694.2231	335.3904,202.51904,2586.538	
299.55878,146.17224,2710.922	295.84644,186.23547,2643.5535	282.01523,176.26602,2537.161	310.17776,216.97717,2468.0354	295.84644,186.23547,2643.5535	308.60742,195.43353,2749.946	322.44714,249.34174,2829.5767	292.45935,230.45882,2585.1467	278.826,272.31488,2453.2397	317.38626,376.7406,2501.2825	298.43494,280.88898,2600.2402	252.90614,432.87088,2315.6382	307.3929,364.74933,2512.5674	278.826,272.31488,2453.2397	308.8066,452.14484,2493.1658	336.6829,280.71585,2595.5447	347.804,205.2229,2660.8943	
306.25702,142.76366,2752.6436	306.26404,178.74432,2661.6562	286.23102,167.84283,2567.8877	321.40305,220.27367,2486.687	306.26404,178.74432,2661.6562	324.9336,188.90381,2755.4248	335.98578,244.36589,2818.855	306.3855,220.16283,2579.2603	292.1176,258.72336,2432.9858	309.87936,374.0876,2450.6855	320.194,269.62753,2560.7427	267.66342,451.9131,2341.5955	332.00232,367.58466,2523.6882	292.1176,258.72336,2432.9858	334.4113,444.2149,2504.5078	351.34485,280.6336,2601.1692	352.7902,210.4856,2705.5383	
315.95312,143.99463,2702.0286	317.3292,182.38165,2620.3364	294.265,172.54805,2526.3342	319.47678,225.62514,2426.101	317.3292,182.38165,2620.3364	338.7959,191.53413,2714.3386	347.74393,248.7522,2764.8235	318.81058,225.20842,2542.2715	304.44125,266.2012,2402.1108	315.00458,366.12878,2418.8408	335.54657,275.07257,2526.3022	289.2197,456.40033,2334.2114	342.5241,365.664,2524.7751	304.44125,266.2012,2402.1108	346.0215,452.5436,2503.5728	363.87674,290.50153,2563.7927	339.88693,217.17117,2684.1572	
312.30258,143.95737,2732.7683	320.69586,177.85324,2635.1333	296.92035,168.21985,2538.3513	313.96152,223.64346,2434.6533	320.69586,177.85324,2635.1333	342.7868,186.80408,2731.9153	349.9814,244.37614,2772.0945	328.16876,217.0966,2538.8516	320.01532,254.87134,2379.122	318.0755,366.72333,2393.388	351.62515,263.7652,2506.0176	310.97504,465.01074,2285.9126	344.32208,365.69034,2530.87	320.01532,254.87134,2379.122	355.5409,444.96252,2501.6665	365.47083,289.20953,2587.4883	323.30908,220.13148,2709.2832	
0.0,0.0,0.0	330.86832,188.09369,2615.1897	307.96432,176.84985,2515.3877	319.27533,235.49823,2419.336	330.86832,188.09369,2615.1897	352.08844,198.5109,2714.9917	357.85776,256.71338,2746.98	335.8315,228.8853,2519.6309	325.4745,267.38962,2358.7065	319.82214,363.07327,2369.128	356.07248,278.1073,2489.4375	322.82922,465.583,2259.124	331.70456,354.5382,2556.2544	325.4745,267.38962,2358.7065	360.29697,451.9159,2498.1628	373.10974,305.68088,2578.2065	318.30185,236.85641,2698.0132	
0.0,0.0,0.0	341.87436,195.95996,2583.0288	314.89288,188.36502,2504.5183	322.03256,249.39557,2420.7637	341.87436,195.95996,2583.0288	367.26398,203.10683,2661.5393	371.8823,262.72565,2687.0195	344.1454,239.5709,2505.0527	328.52444,282.77576,2376.99	329.11954,379.5349,2329.6077	363.87085,289.06262,2477.1633	336.89563,458.03552,2225.77	331.69403,364.6257,2590.5288	328.52444,282.77576,2376.99	368.54865,457.2397,2489.29	387.3049,315.50998,2533.26	312.87906,256.07745,2694.0295	
346.0562,156.37247,2584.47	347.98987,199.89981,2538.2295	318.799,198.66522,2528.5356	323.04822,260.51053,2458.0205	347.98987,199.89981,2538.2295	376.95865,201.125,2547.9233	380.77618,263.61816,2568.2314	347.63165,246.28967,2490.0242	327.69214,293.92676,2435.5603	322.2259,357.68845,2313.8557	366.72638,295.09253,2448.0774	362.58582,434.9061,2173.93	350.19678,380.0681,2543.6482	327.69214,293.92676,2435.5603	353.54236,472.21722,2482.8032	396.26526,320.8998,2428.5361	307.96194,272.83002,2719.301	
341.56287,169.18599,2611.2273	343.27118,211.65732,2548.7402	320.43982,216.52751,2602.349	322.78647,277.6477,2544.2112	343.27118,211.65732,2548.7402	367.08362,206.57784,2495.1313	370.28894,270.50317,2511.3262	345.04013,257.49777,2485.7012	331.16876,307.73788,2457.4314	348.89954,367.10468,2227.1584	363.0917,303.65115,2387.8928	382.2253,420.6054,2125.275	357.46918,389.87155,2518.6648	331.16876,307.73788,2457.4314	351.25937,467.33658,2480.5437	384.32898,330.99655,2384.685	304.0044,294.5045,2789.3572	
336.37894,163.17117,2625.6167	336.5975,205.21057,2559.0085	312.415,211.49731,2632.0366	313.47995,272.16162,2584.7063	336.5975,205.21057,2559.0085	362.20074,198.55447,2485.9805	364.81442,262.86932,2498.9019	336.87802,250.63574,2491.08	320.77957,301.11136,2469.5747	371.07965,354.52896,2182.6262	354.20938,296.0063,2376.7285	393.2827,391.2259,2092.0796	359.02963,384.4491,2533.6965	320.77957,301.11136,2469.5747	350.09933,453.68387,2506.862	377.49963,324.42456,2384.292	292.93292,295.23004,2811.4587	
329.68298,145.19269,2669.71	335.3894,185.93494,2608.4504	314.7673,196.39503,2702.4873	318.26593,242.38678,2648.533	335.3894,185.93494,2608.4504	357.554,174.69244,2514.4136	359.64954,238.45094,2524.7278	341.33017,229.9131,2547.4055	333.26004,281.0284,2546.581	387.9642,332.86273,2230.9072	362.5753,270.82602,2426.1401	412.2458,366.70068,2079.077	365.68076,372.7957,2547.6594	333.26004,281.0284,2546.581	354.97617,447.5934,2523.4211	370.90988,299.18506,2421.1465	319.76755,236.29178,2791.858	
328.06708,145.43788,2692.1316	335.42285,185.07877,2622.942	315.2155,197.75827,2721.6243	315.67572,227.40129,2693.5488	335.42285,185.07877,2622.942	357.21014,171.4079,2524.2595	358.88696,234.95782,2532.4958	343.30096,228.02974,2553.1555	337.38565,279.88287,2546.5828	370.93964,313.63153,2198.374	366.60165,266.56754,2420.1555	426.03262,355.79208,2021.2643	364.75616,361.90723,2532.544	337.38565,279.88287,2546.5828	354.3969,455.73718,2499.8423	369.103,296.14386,2438.9814	327.68304,198.04507,2814.4849	
330.63364,135.55411,2695.028	337.9775,175.7489,2634.2246	316.75293,188.18918,2733.9282	311.47336,222.5997,2720.4702	337.9775,175.7489,2634.2246	360.87195,162.3299,2534.521	362.20215,225.66249,2541.1003	346.1436,218.95316,2571.9155	339.6995,270.6369,2574.1648	366.35883,280.81696,2163.413	370.52374,257.63412,2445.048	448.73166,326.3505,1997.3584	359.68127,352.55032,2551.154	339.6995,270.6369,2574.1648	360.62097,446.13483,2518.4326	371.5883,286.93317,2456.7446	326.66675,177.35612,2736.341	
333.17563,129.31471,2685.947	340.8298,170.45914,2633.652	318.52695,182.3487,2732.5127	307.64453,220.37823,2742.828	340.8298,170.45914,2633.652	364.87238,157.64218,2534.7915	365.93045,220.98248,2540.0486	349.04648,214.15578,2578.6172	341.8914,265.70337,2587.8665	371.335,262.56122,2130.2046	374.17404,253.50246,2459.298	466.52917,314.07098,1967.1772	355.43042,346.86572,2546.3752	341.8914,265.70337,2587.8665	365.12787,440.5854,2509.5486	374.5817,282.64767,2464.004	316.68845,170.53708,2659.0496	
336.14047,125.88205,2681.8948	342.96857,167.76974,2632.6003	320.10437,179.01431,2731.8499	305.8864,217.86642,2764.2427	342.96857,167.76974,2632.6003	367.6243,155.64415,2533.3508	368.4682,219.02365,2537.5525	350.29468,211.85901,2580.9043	341.86572,263.2208,2593.842	377.05835,248.30783,2114.774	374.81683,251.99352,2464.5745	476.9076,304.4414,1937.2603	352.52905,345.79993,2525.7866	341.86572,263.2208,2593.842	363.80038,440.2605,2494.8591	376.3983,281.11115,2469.035	305.13412,169.76764,2616.8389	
339.04724,124.760635,2660.3347	345.91278,167.9482,2618.1377	321.33133,178.05252,2711.6394	304.594,216.95084,2764.8855	345.91278,167.9482,2618.1377	372.315,157.09543,2524.636	372.98718,220.68953,2527.9946	352.8828,212.81862,2573.8286	342.95316,264.0175,2590.6045	387.22995,240.59326,2111.6538	378.0894,254.2691,2468.4346	491.18207,298.04657,1897.8969	355.99445,348.99304,2511.1248	342.95316,264.0175,2590.6045	368.52194,443.68903,2487.2197	380.316,283.3885,2466.2827	295.09253,173.5303,2583.906	
342.00925,123.84227,2659.902	347.76135,166.72281,2614.5586	321.46695,176.05257,2699.1836	302.82523,211.59473,2801.3188	347.76135,166.72281,2614.5586	375.81482,156.76892,2529.9336	376.3483,220.22841,2532.619	353.637,211.66545,2567.9062	341.4715,262.6936,2576.5579	391.9397,231.10779,2115.6343	378.8077,253.65059,2465.95	499.39282,283.0994,1855.7559	353.57172,348.75018,2487.7715	341.4715,262.6936,2576.5579	368.26782,442.85037,2480.2043	383.0467,283.0501,2477.0535	270.8324,185.93123,2596.6208	
344.1654,123.863304,2659.8728	349.20187,166.5908,2612.698	322.5506,175.73004,2696.473	303.2472,211.53304,2793.135	349.20187,166.5908,2612.698	377.61893,156.84607,2528.923	378.04474,220.32869,2531.07	354.38248,211.48587,2563.2393	341.3266,262.44995,2568.3188	399.84036,236.29205,2169.1484	379.0252,253.65431,2459.2422	512.4984,270.96716,1830.8868	351.80472,348.93466,2473.3147	341.3266,262.44995,2568.3188	368.66525,442.85742,2471.4993	384.1418,283.38528,2481.05	271.2192,185.63292,2585.443	
346.82352,123.79736,2658.8296	350.70383,166.55608,2609.345	323.58276,175.164,2691.6785	301.60394,209.68808,2773.9993	350.70383,166.55608,2609.345	379.59216,157.38724,2527.0115	379.932,220.91544,2528.7285	354.7575,211.4612,2557.585	340.21036,262.2008,2559.5024	406.04193,243.76218,2197.8562	378.56866,254.06781,2452.1475	521.2192,255.60687,1805.584	350.1186,349.65253,2459.3496	340.21036,262.2008,2559.5024	368.1204,442.62845,2472.0742	385.48254,284.18967,2483.7083	271.3713,183.52252,2555.719	
349.53128,124.55269,2648.7456	352.4022,167.58464,2600.978	324.06717,175.03757,2676.56	302.88687,211.22221,2771.8926	352.4022,167.58464,2600.978	382.43326,159.68558,2525.396	382.70392,223.2514,2526.769	355.62686,212.87524,2551.5703	339.42783,263.27542,2551.5544	412.58447,253.20346,2221.4163	379.31735,256.49976,2452.7708	528.8791,244.87793,1792.7903	350.84116,352.1689,2458.1597	339.42783,263.27542,2551.5544	370.10873,444.0671,2480.1365	387.7671,286.72382,2486.2537	273.16043,183.86804,2548.0361	
351.07846,124.1187,2644.2974	0.0,0.0,0.0	0.0,0.0,0.0	303.29987,211.31383,2765.4219	0.0,0.0,0.0	0.0,0.0,0.0	384.08203,224.42468,2525.7715	0.0,0.0,0.0	0.0,0.0,0.0	417.31982,259.1112,2239.9102	0.0,0.0,0.0	535.2882,236.97374,1792.8529	350.7084,353.73447,2446.444	0.0,0.0,0.0	370.6375,444.80573,2479.4849	388.6754,288.01764,2489.3135	275.34262,184.52202,2532.6492	
352.3358,124.38626,2642.5933	0.0,0.0,0.0	0.0,0.0,0.0	301.6712,211.77924,2752.2034	0.0,0.0,0.0	0.0,0.0,0.0	384.75848,225.01303,2525.216	0.0,0.0,0.0	0.0,0.0,0.0	419.50327,263.67462,2248.4287	0.0,0.0,0.0	543.1556,237.04633,1796.4172	350.41138,354.56537,2436.3845	0.0,0.0,0.0	370.8464,445.43073,2474.1504	388.9137,288.68228,2492.4111	277.3484,183.68993,2514.3855	
353.50085,124.21567,2632.2415	0.0,0.0,0.0	0.0,0.0,0.0	300.00092,211.63843,2729.5962	0.0,0.0,0.0	0.0,0.0,0.0	385.08496,225.30763,2524.88	0.0,0.0,0.0	0.0,0.0,0.0	420.47815,267.63065,2252.4211	0.0,0.0,0.0	551.514,245.70834,1804.7052	350.50717,355.0581,2431.3586	0.0,0.0,0.0	370.9448,445.98874,2470.467	388.83795,289.0258,2495.3633	278.57806,182.83496,2487.1133	
354.70935,124.03689,2636.0222	356.7877,166.08792,2577.7947	328.62274,174.93076,2654.92	297.89148,210.76132,2708.5933	356.7877,166.08792,2577.7947	386.68997,156.69965,2500.6694	401.826,189.53027,2484.3047	359.98233,210.4509,2512.8218	343.677,261.46756,2498.1907	421.25046,269.75082,2255.3171	383.8422,252.6897,2397.507	559.3088,262.4273,1815.6367	349.56152,355.21777,2417.3608	343.677,261.46756,2498.1907	371.27676,444.8437,2469.5068	394.05133,244.52798,2357.1067	278.71454,182.47646,2459.2505	
355.92282,124.89159,2628.9656	356.8842,168.11446,2577.2874	326.662,174.20016,2638.9749	297.29675,210.35866,2688.826	356.8842,168.11446,2577.2874	388.58862,161.73029,2515.5999	410.20364,221.69357,2495.3157	358.85477,213.2944,2521.2417	341.0419,263.10187,2503.5586	426.98212,276.04163,2244.422	381.41626,257.87408,2426.8335	559.27844,285.6038,1843.0377	345.8257,349.93826,2426.1316	341.0419,263.10187,2503.5586	367.16013,438.65057,2485.2893	404.48923,280.9056,2375.4663	279.88602,181.57764,2436.2449	
356.7089,124.912254,2624.2944	357.29312,168.80801,2575.0867	326.0267,173.59439,2628.0159	297.31915,211.94597,2671.4155	357.29312,168.80801,2575.0867	389.87183,163.82077,2522.1575	407.26526,225.0033,2507.7703	358.67142,214.34982,2522.4497	339.20804,263.7764,2503.456	426.566,278.1217,2247.3481	381.58612,259.83557,2436.1694	564.09485,310.0981,1848.4478	349.36096,354.63132,2413.0137	339.20804,263.7764,2503.456	369.72217,443.7941,2473.5132	402.82712,285.23773,2397.7234	282.77908,181.80676,2414.449	
357.80618,124.83095,2612.9407	357.86667,169.07068,2568.3232	325.81076,172.7677,2613.863	297.7256,211.89603,2643.699	357.86667,169.07068,2568.3232	391.0799,165.24016,2522.7834	405.06354,227.2893,2512.4775	358.74738,215.02469,2519.5366	338.04794,264.18396,2500.0918	426.17944,280.6739,2246.9053	381.7973,261.3696,2441.4082	561.1119,339.4422,1871.1375	350.28653,357.28885,2402.6082	338.04794,264.18396,2500.0918	370.33624,445.36438,2474.5793	401.64798,288.42715,2411.8154	286.06842,180.89726,2380.8918	
358.6044,125.03517,2598.808	358.72525,169.70175,2556.7717	325.6469,172.0466,2587.2144	298.59366,211.93349,2624.9075	358.72525,169.70175,2556.7717	392.60077,167.30037,2526.329	403.8083,229.82951,2518.8667	359.43454,216.022,2510.0098	337.75546,264.93677,2483.0361	426.86703,286.44824,2237.3677	382.9492,263.25153,2443.4595	555.7311,369.61832,1893.39	352.57333,360.068,2394.0542	337.75546,264.93677,2483.0361	371.16345,447.83203,2472.5117	401.23352,291.62427,2427.07	289.12143,179.57622,2355.21	
360.1744,125.31046,2591.221	360.65634,169.91718,2547.492	326.96237,171.45897,2565.597	300.16827,212.1594,2613.028	360.65634,169.91718,2547.492	394.83267,168.3533,2529.387	403.80716,231.16763,2523.9229	361.59152,216.363,2499.6064	339.85526,265.2116,2463.4321	389.45938,325.78552,2309.1577	385.48917,264.02905,2440.0098	449.53436,414.2392,2188.805	389.4967,330.19525,2324.8032	339.85526,265.2116,2463.4321	442.3906,436.7126,2233.7676	401.9316,293.43665,2440.4163	292.3007,179.04016,2334.235	
361.9338,123.375015,2587.876	362.0707,168.12682,2542.671	328.10675,169.0279,2554.402	301.42743,211.74503,2589.4827	362.0707,168.12682,2542.671	396.34952,167.21738,2530.9397	403.53326,230.22095,2526.8948	362.8192,214.52237,2492.9946	340.6298,263.11975,2450.9287	371.80127,344.6749,2339.285	386.71002,262.48727,2435.708	403.6631,430.82712,2344.9036	419.39816,333.9547,2260.8535	340.6298,263.11975,2450.9287	477.5955,435.78497,2131.3186	402.19318,292.81287,2451.0803	296.82907,178.49338,2306.7185	
363.12265,122.51477,2576.7065	363.07877,167.60309,2532.1255	328.9109,168.25456,2542.9104	302.0567,210.87044,2558.7122	363.07877,167.60309,2532.1255	397.53897,166.94604,2521.3406	403.31165,230.33789,2518.3145	363.5993,214.24117,2483.2954	340.99017,262.91812,2441.4805	363.06296,354.94812,2352.0176	387.42502,262.5812,2427.4502	381.43243,439.872,2418.57	430.2397,342.76205,2249.2207	340.99017,262.91812,2441.4805	489.84134,443.3583,2101.8325	402.3833,293.48538,2449.5938	302.6175,176.21722,2277.9075	
365.2421,121.64363,2570.6145	364.9198,166.61224,2523.8748	330.58273,166.74704,2531.3994	302.50586,210.49472,2529.8171	364.9198,166.61224,2523.8748	399.46225,166.47665,2516.35	404.09204,230.0895,2514.0642	365.12015,213.38226,2475.0254	342.0239,261.9346,2431.0803	360.39948,359.27606,2352.1912	388.72757,262.1371,2421.2717	368.49643,442.33435,2458.304	434.765,348.07104,2246.496	342.0239,261.9346,2431.0803	489.03455,450.14502,2117.865	403.50854,293.59366,2451.8542	306.25287,174.94565,2250.2612	
367.49628,120.46414,2560.0837	366.947,165.61913,2511.6077	332.43262,165.59357,2520.254	305.31064,210.29507,2504.891	366.947,165.61913,2511.6077	401.69983,165.64485,2502.9614	405.42502,229.65947,2501.2192	366.8274,212.57442,2462.439	343.24994,261.20233,2418.9094	359.46964,361.4289,2351.735	390.26575,261.68497,2407.631	359.97498,444.3603,2472.3455	434.88336,352.86215,2246.4006	343.24994,261.20233,2418.9094	481.6994,456.88556,2137.5757	405.11786,293.67966,2444.9626	311.48145,173.92764,2221.8843	
370.18494,119.5544,2545.301	369.59158,164.86858,2498.544	334.8873,164.23676,2501.5867	306.52933,210.60909,2478.9148	369.59158,164.86858,2498.544	404.38055,165.50194,2495.5012	407.3708,229.74794,2494.163	369.31448,212.14304,2450.7324	345.45914,260.79004,2404.9075	361.47458,362.7601,2340.4316	392.63254,261.80832,2400.9343	355.25015,443.75818,2479.849	434.74823,356.58566,2257.0227	345.45914,260.79004,2404.9075	473.09283,461.34192,2173.5159	407.2882,294.0982,2443.3335	315.46304,175.86281,2196.8987	
372.94724,119.14412,2521.9182	371.96606,165.25287,2480.0896	337.05725,164.02573,2477.7969	308.84384,210.50911,2454.9438	371.96606,165.25287,2480.0896	406.8104,166.47772,2482.3823	409.21594,231.08972,2481.3474	371.40472,213.18016,2437.162	347.22235,262.0575,2392.7378	362.8438,364.9644,2339.6677	394.3947,263.5937,2395.7314	349.64557,445.04517,2483.4753	432.1632,361.43634,2266.1255	347.22235,262.0575,2392.7378	464.1047,466.78943,2197.2898	409.3012,295.90833,2435.4536	322.94885,177.18741,2176.2788	
377.24054,118.9881,2501.2031	375.27142,165.56912,2462.2734	340.30084,163.16077,2452.9697	309.0886,212.99611,2449.4016	375.27142,165.56912,2462.2734	409.97873,167.95932,2471.5771	411.91235,232.87106,2470.772	373.7162,214.05777,2423.7515	348.5517,262.74246,2379.1526	363.27747,366.3741,2336.7449	395.55,265.4759,2391.3064	346.68082,445.83475,2484.131	430.087,365.2874,2275.5164	348.5517,262.74246,2379.1526	457.1113,471.04337,2214.3406	412.13702,298.07333,2429.358	328.98016,182.53862,2176.3745	
381.21106,118.03444,2473.8582	379.34686,165.85495,2442.0095	344.627,162.91464,2419.8425	312.3594,212.14503,2418.243	379.34686,165.85495,2442.0095	413.44205,168.74239,2464.1765	414.99426,233.85999,2463.5469	378.08716,215.06406,2409.5513	353.52426,264.25983,2362.5981	368.32336,368.33728,2332.7886	399.7798,266.95776,2391.588	348.70514,447.47903,2480.794	432.06268,367.80222,2289.5442	353.52426,264.25983,2362.5981	457.04773,473.98035,2222.3994	415.32684,299.31607,2426.1929	336.71518,185.65475,2159.1814	
385.27692,118.22194,2452.47	383.87244,166.49509,2424.04	349.62985,163.36835,2390.3044	317.27777,211.472,2384.2156	383.87244,166.49509,2424.04	417.175,169.53598,2457.7756	423.9968,203.08778,2470.726	383.07047,216.37048,2397.125	359.47983,266.24698,2348.1868	370.46655,370.6522,2335.3347	404.6015,268.4894,2392.2332	347.52774,448.79825,2484.507	432.42752,370.66214,2294.8474	359.47983,266.24698,2348.1868	456.24023,477.26788,2223.9968	424.6848,257.19598,2337.7817	345.49258,187.11604,2134.8232	
389.58987,117.29936,2427.1604	387.65982,166.27582,2403.8335	353.58563,162.85004,2363.9648	321.7667,211.03166,2349.0986	387.65982,166.27582,2403.8335	420.62216,169.58981,2443.7021	428.95233,208.13718,2473.971	386.34833,216.83165,2384.2588	362.5543,267.10114,2338.7183	368.04752,371.2884,2343.6316	406.98804,269.32343,2390.65	342.65692,448.51285,2492.9958	430.77005,372.5577,2296.3599	362.5543,267.10114,2338.7183	453.0063,479.72272,2222.0752	429.6488,249.678,2282.1968	353.9561,188.26411,2110.131	
394.2682,115.09323,2406.515	392.139,164.74167,2387.4382	358.39615,161.11723,2341.6516	327.21906,210.6919,2312.0393	392.139,164.74167,2387.4382	424.61197,168.22968,2433.2249	433.0678,212.0559,2469.9138	390.47513,215.81085,2373.6484	366.6406,266.41833,2330.0083	369.66058,370.37598,2347.9736	410.3896,268.509,2389.709	342.5441,448.56656,2488.7988	433.51385,372.02374,2295.9446	366.6406,266.41833,2330.0083	453.36365,479.41287,2224.5781	435.31976,240.9341,2235.9963	364.87268,188.48514,2082.4934	
399.088,113.78618,2381.2842	397.1138,164.5885,2371.3425	364.5581,161.32597,2314.003	333.94907,210.38858,2276.5518	397.1138,164.5885,2371.3425	428.13226,167.69698,2428.6821	435.5781,215.44608,2462.722	395.67792,216.18683,2366.413	372.98593,267.54465,2323.9773	373.21164,371.50912,2347.5881	414.82166,268.44226,2398.99	343.60577,448.55466,2490.9683	436.83118,371.825,2303.7478	372.98593,267.54465,2323.9773	452.83588,478.74982,2240.4536	441.3048,231.5289,2204.4194	376.73367,188.52745,2057.4553	
403.92645,112.66893,2360.5857	401.75287,164.02045,2355.2278	369.8228,160.92203,2291.747	341.92538,211.99117,2243.76	401.75287,164.02045,2355.2278	432.00687,166.95624,2418.7085	438.5647,217.59422,2446.8264	400.00034,216.06075,2356.8528	377.6065,267.8892,2317.1072	372.51883,371.5585,2347.0393	418.18216,268.16464,2399.8484	340.5659,447.94855,2489.8276	437.59854,371.87216,2289.2537	377.6065,267.8892,2317.1072	451.94064,479.28275,2231.9602	448.60065,223.19719,2175.549	389.83182,188.63626,2036.583	
408.92212,111.36426,2343.2085	406.285,163.15814,2341.1975	374.94974,159.87646,2272.888	352.99615,212.76195,2201.3508	406.285,163.15814,2341.1975	435.84357,166.25375,2409.507	442.58426,232.08614,2438.6887	403.8683,215.53676,2346.8862	381.25308,267.5716,2308.042	371.5203,371.3037,2338.8228	420.92258,267.74915,2397.108	339.40503,446.82336,2488.074	438.85977,371.85776,2287.4104	381.25308,267.5716,2308.042	450.7901,479.82605,2227.0698	454.2124,250.19821,2169.7168	406.51978,186.37355,2008.9224	
413.59204,110.89279,2314.0654	410.0654,163.85022,2321.529	378.39752,160.91066,2253.9785	360.4197,214.38004,2181.16	410.0654,163.85022,2321.529	439.9425,166.62357,2389.0796	445.34842,233.30638,2412.518	406.74387,216.60513,2335.8281	383.15805,268.8476,2306.0894	371.99033,372.08612,2343.8367	423.02045,268.59332,2394.165	336.4082,447.53918,2484.4465	440.45697,372.98706,2281.6753	383.15805,268.8476,2306.0894	450.21838,481.16284,2225.0566	457.78253,260.9362,2155.0474	417.8285,187.14772,2003.1792	
418.65424,110.16557,2304.935	414.85788,162.93861,2311.4722	384.0491,159.52866,2238.7678	369.3399,215.45804,2159.5374	414.85788,162.93861,2311.4722	443.78766,166.1406,2384.1765	448.09482,233.15332,2402.9822	410.84497,215.9175,2326.173	387.08545,268.23694,2293.4146	374.7581,372.15857,2329.0276	425.89264,268.22516,2388.3335	337.67303,447.27515,2471.8596	443.8718,372.82944,2272.5508	387.08545,268.23694,2293.4146	450.67224,480.89413,2224.6978	460.82794,268.61768,2159.6897	429.1934,186.265,1991.3492	
423.2239,108.82811,2293.9075	419.22095,161.79288,2300.9204	388.75635,158.1723,2226.1106	377.39047,215.80098,2142.2576	419.22095,161.79288,2300.9204	447.76697,165.18546,2375.7302	451.20154,232.56093,2390.8074	414.75845,215.00539,2316.67	390.79535,267.45584,2283.6216	375.65686,370.96097,2326.1655	429.1154,267.5409,2381.2173	338.32175,445.91516,2470.6748	446.40753,372.5786,2270.271	390.79535,267.45584,2283.6216	451.61597,481.2536,2216.768	463.9712,274.6042,2163.205	440.0231,185.90689,1983.5717	
427.12494,108.93881,2282.4165	422.84854,162.14856,2290.0713	392.01266,158.462,2217.135	387.37445,215.08417,2126.144	422.84854,162.14856,2290.0713	451.78088,165.60751,2363.0076	454.52368,233.4166,2375.0889	417.79736,215.55806,2308.2188	393.0404,268.00732,2278.7773	375.63858,370.83356,2328.5046	431.8163,268.25613,2373.955	337.55408,445.92038,2470.0842	448.101,373.80328,2269.5115	393.0404,268.00732,2278.7773	450.8084,482.72522,2213.8916	467.1333,281.1645,2163.828	452.21695,184.10654,1966.3462	
431.1384,108.38208,2269.1687	426.4131,162.12317,2279.5356	395.23285,158.33388,2208.3748	397.11786,214.33356,2108.585	426.4131,162.12317,2279.5356	455.70557,165.68304,2350.6965	457.8955,233.89305,2360.3735	420.84137,215.72702,2299.5583	395.37286,268.17435,2273.1443	375.7975,370.677,2325.8367	434.57397,268.6275,2366.0178	338.10052,446.0865,2467.2046	449.8378,374.68304,2265.413	395.37286,268.17435,2273.1443	450.60992,483.38342,2215.5256	470.169,286.33957,2165.4885	463.67407,180.8286,1952.6514	
434.59277,107.17874,2255.5288	430.4601,161.11444,2271.4834	399.13486,158.2953,2201.1577	406.49112,212.79709,2095.2612	430.4601,161.11444,2271.4834	459.90393,163.76428,2341.809	461.64886,232.2685,2349.5579	425.4102,214.87538,2296.962	400.49854,267.82184,2276.534	378.93558,369.50797,2333.2734	439.66937,267.10583,2368.347	341.93,445.22723,2473.7327	453.16083,373.11963,2274.389	400.49854,267.82184,2276.534	452.85654,481.84576,2217.218	473.4745,288.33823,2170.6577	474.03955,176.98943,1941.2761	
438.5233,106.27658,2242.223	433.65323,160.5672,2263.6948	401.84534,157.96143,2196.0994	412.3524,212.57338,2088.1326	433.65323,160.5672,2263.6948	463.61658,163.02188,2331.2903	466.39987,220.65833,2355.815	428.17374,214.41248,2293.5315	402.6239,267.2938,2279.2527	376.0823,368.10532,2330.8513	442.29285,266.47137,2367.4836	341.8658,445.87152,2465.8591	452.23126,372.628,2262.6477	402.6239,267.2938,2279.2527	451.20602,480.8957,2218.5369	483.74695,259.0312,2127.6086	480.48633,174.6784,1939.3	
441.40405,105.786194,2235.0723	436.07312,160.45908,2257.9045	403.8852,157.73941,2192.504	415.28906,212.21857,2087.579	436.07312,160.45908,2257.9045	466.44885,163.02567,2323.3052	471.16852,221.50993,2369.549	430.18152,214.39331,2289.186	404.0114,267.15897,2277.7866	376.83203,368.11102,2327.6387	444.14792,266.59818,2363.1484	343.8607,449.12643,2445.646	452.62598,373.0019,2250.9092	404.0114,267.15897,2277.7866	452.08185,480.39514,2223.5369	489.42993,247.59663,2119.2366	483.71924,174.11502,1938.2429	
443.57153,106.19946,2231.4944	438.00604,160.93613,2254.4138	405.4881,158.01913,2191.084	415.99637,212.19638,2088.8	438.00604,160.93613,2254.4138	468.74695,163.69373,2317.7437	475.3589,221.8669,2380.4395	431.809,214.93045,2285.7024	405.1236,267.56836,2275.6597	378.00345,368.9778,2321.5637	445.71106,267.36823,2358.3223	346.52454,450.90308,2438.6533	452.84802,374.07214,2243.3591	405.1236,267.56836,2275.6597	453.96716,480.52686,2229.8086	492.591,239.31444,2118.225	484.73007,174.0987,1942.1167	
445.20792,106.34013,2229.6924	439.52997,161.0375,2252.5212	406.9534,158.10156,2189.6155	419.83658,210.67397,2079.8984	439.52997,161.0375,2252.5212	470.33646,163.8139,2315.427	478.662,221.68404,2391.3948	433.1616,215.04892,2284.5718	406.2875,267.64404,2275.5723	380.61874,369.667,2318.2842	446.9311,267.4904,2357.6724	347.66928,450.977,2437.224	453.79916,374.25177,2241.4727	406.2875,267.64404,2275.5723	453.58502,479.38318,2241.7976	493.65222,233.66666,2125.3008	488.6,173.53903,1923.3279	
447.01724,107.11679,2228.809	440.97687,161.60355,2250.8218	408.04077,158.39081,2190.3801	422.25613,209.46869,2073.962	440.97687,161.60355,2250.8218	472.19034,164.64827,2311.2634	481.47406,221.3577,2397.0417	434.30087,215.63615,2282.2798	406.8722,268.0289,2274.2847	381.47052,369.901,2320.6787	448.03867,268.36432,2353.191	348.56573,452.52936,2430.6943	453.7173,375.40518,2238.0383	406.8722,268.0289,2274.2847	454.63263,480.4192,2241.4238	494.09662,229.76753,2128.9153	492.2824,172.54723,1926.0083	
