299.2528,122.65785,2585.011	298.116,168.65585,2559.3682	264.54224,165.69604,2517.5156	255.01312,198.39996,2320.4592	298.116,168.65585,2559.3682	330.60934,171.5204,2601.2207	360.64874,207.77736,2474.6953	296.8385,216.09476,2536.6528	273.4251,263.49094,2486.7437	260.52133,360.13608,2507.1035	317.17746,265.27173,2541.1313	241.60266,449.9741,2531.0361	321.15082,361.93936,2537.0195	273.4251,263.49094,2486.7437	343.72372,449.2604,2465.9595	345.9266,166.54532,2263.669	300.95663,161.43338,2162.6272	
300.1195,122.84907,2584.9375	298.43738,169.1369,2556.463	264.94678,165.71095,2512.6667	258.5245,196.01462,2308.2122	298.43738,169.1369,2556.463	330.7998,172.44743,2600.259	360.47784,208.71858,2480.3398	296.71213,216.5713,2532.3315	272.86005,263.76178,2479.7383	259.49884,360.3088,2504.9214	316.5515,266.0491,2536.662	240.94693,450.9109,2522.87	320.7468,362.8675,2532.8645	272.86005,263.76178,2479.7383	342.96036,450.34113,2462.1003	347.2786,169.33105,2264.199	304.85327,159.30553,2145.5007	
300.91116,122.13101,2575.4124	298.95013,168.80606,2551.3994	265.41013,165.37079,2507.3008	258.29846,196.78133,2307.1006	298.95013,168.80606,2551.3994	331.3504,172.12457,2595.498	361.17627,207.37756,2477.666	297.03445,216.43811,2530.8374	273.02496,263.7043,2481.6226	260.12775,359.4007,2518.75	316.6519,265.97083,2538.9282	241.0522,449.79517,2532.581	321.9805,362.37857,2540.477	273.02496,263.7043,2481.6226	343.0374,449.407,2471.5703	348.54205,170.63531,2260.7712	305.61908,160.06506,2148.6284	
303.33536,121.91506,2571.6553	300.8875,168.46002,2547.7334	267.3388,164.56677,2504.2246	258.6146,198.70009,2308.5642	300.8875,168.46002,2547.7334	333.3096,172.22253,2591.2422	365.07123,206.31577,2473.326	298.21808,216.1594,2528.398	273.43884,263.13565,2480.7886	259.303,359.08093,2512.453	317.08435,266.01965,2537.3364	237.32448,447.72137,2538.3481	322.9447,362.66803,2534.5273	273.43884,263.13565,2480.7886	343.3703,450.10428,2467.0608	352.8696,167.78275,2258.3945	306.06085,161.7677,2152.6838	
305.3074,122.46226,2568.8145	302.3701,168.89832,2546.0227	268.64224,164.92097,2507.454	259.7257,197.96152,2297.8281	302.3701,168.89832,2546.0227	335.09128,172.75696,2584.5913	366.75488,205.37337,2467.198	299.1522,216.6502,2528.379	273.70316,263.43488,2485.6597	258.89487,359.15848,2516.44	317.6362,266.67917,2535.8105	234.1106,445.3404,2555.945	325.34985,363.6422,2523.6802	273.70316,263.43488,2485.6597	343.47604,451.37708,2466.2927	356.6574,162.81177,2252.12	309.18408,161.10555,2152.6006	
306.50317,124.10581,2559.3538	303.61792,170.64766,2539.5293	269.78442,166.62808,2501.7864	262.90802,196.1266,2281.9214	303.61792,170.64766,2539.5293	336.46045,174.5495,2577.2722	370.64755,203.43962,2452.098	300.01392,218.61636,2526.6863	274.21295,265.40073,2489.325	257.8944,361.40164,2509.1284	318.1052,268.71738,2538.3616	231.48514,445.96985,2560.2896	329.01,365.67053,2515.2058	274.21295,265.40073,2489.325	342.7384,452.3637,2472.4285	362.4102,157.94466,2243.867	314.023,159.7553,2144.9583	
308.3395,126.92022,2562.6406	305.19016,173.28992,2538.977	271.21936,169.29413,2506.3718	264.09235,197.31894,2272.4797	305.19016,173.28992,2538.977	338.2995,177.18437,2571.5823	373.81418,202.91672,2443.0688	301.33408,221.2502,2525.129	275.14038,267.94577,2490.084	257.64764,363.95312,2505.963	319.35736,271.50305,2532.4775	229.72847,447.8595,2559.484	332.67603,368.9098,2494.1675	275.14038,267.94577,2490.084	343.18362,453.46136,2465.035	368.59393,154.65509,2237.7693	316.93863,161.0731,2144.693	
310.1969,129.45752,2564.7761	307.21994,175.40619,2539.7532	273.1824,171.44287,2510.9463	267.20618,197.92728,2261.2507	307.21994,175.40619,2539.7532	340.494,179.28061,2568.56	377.60617,202.0551,2430.5454	303.18237,223.3478,2525.6626	276.76105,269.95734,2492.8538	259.24484,366.1737,2503.5266	321.10742,273.66962,2530.2903	228.944,448.50024,2563.1826	334.33682,371.27252,2492.419	276.76105,269.95734,2492.8538	343.20868,451.8375,2471.766	372.9113,151.51846,2233.587	321.1991,161.12718,2138.3833	
312.54535,130.58482,2565.8372	309.28284,176.49243,2541.1313	275.27213,172.43102,2512.9146	272.57483,196.03336,2254.1357	309.28284,176.49243,2541.1313	342.5465,180.46466,2569.3481	380.4325,202.23927,2425.7712	305.07846,224.39539,2526.7551	278.50348,270.89645,2494.0493	260.6652,367.8994,2487.7202	322.82504,274.7684,2530.7085	229.10403,448.19055,2562.5942	336.13397,372.423,2492.1733	278.50348,270.89645,2494.0493	342.91562,450.40308,2474.8784	376.58902,150.44089,2238.325	328.2321,160.34467,2130.025	
315.412,129.71014,2567.36	311.77148,175.63637,2542.1213	277.8686,171.23581,2512.4766	276.62018,197.19807,2254.0562	311.77148,175.63637,2542.1213	344.89273,179.93547,2571.766	383.44962,204.09578,2430.3901	307.2957,223.43037,2525.247	280.45465,269.72598,2489.111	262.68158,367.57986,2469.3872	324.72473,273.97623,2527.6345	230.17374,448.59076,2541.9502	337.62576,371.7301,2491.6692	280.45465,269.72598,2489.111	343.4923,448.4593,2469.642	379.88654,153.3046,2243.63	332.76337,161.79501,2125.143	
318.41428,128.36612,2584.614	314.66452,173.99081,2549.4082	281.24478,168.8302,2512.952	278.14862,199.06082,2258.9597	314.66452,173.99081,2549.4082	347.1419,179.00592,2585.8645	383.5493,207.03601,2461.2422	310.05746,221.29448,2523.214	283.17523,267.0963,2473.304	267.53403,366.3529,2442.9146	327.11496,272.03796,2520.736	232.20041,447.74722,2512.1216	338.67975,369.62314,2499.0784	283.17523,267.0963,2473.304	344.66174,447.11163,2465.9695	382.0637,159.10905,2258.3892	333.41223,165.9177,2121.3118	
320.95074,126.77951,2584.816	317.82266,172.5083,2553.5208	284.66006,167.76936,2512.305	276.69092,201.94232,2281.5474	317.82266,172.5083,2553.5208	349.93173,177.09671,2594.7366	381.6245,209.69576,2497.679	314.1932,219.84059,2528.022	288.5428,266.04703,2475.7407	275.96783,365.85388,2437.847	331.97205,270.18353,2529.3057	238.65822,447.7055,2499.731	341.01038,366.96567,2522.82	288.5428,266.04703,2475.7407	347.35898,446.5075,2482.0786	381.46896,169.06738,2280.6775	330.41278,171.26279,2131.6345	
323.44492,123.982414,2584.3706	320.79147,170.38144,2558.3755	287.71924,166.38779,2515.858	272.03836,206.86247,2326.7773	320.79147,170.38144,2558.3755	352.78247,174.24454,2600.893	378.3884,213.8372,2535.8635	318.23093,217.76527,2535.617	293.81848,264.4439,2485.2395	283.8171,364.5219,2413.3508	336.95532,267.5369,2540.4773	244.56789,442.28314,2502.9128	341.63837,364.05627,2536.1653	293.81848,264.4439,2485.2395	347.6679,445.45972,2485.3472	381.18433,178.34592,2301.896	321.1,181.74869,2156.3213	
324.557,122.245415,2584.6343	323.02487,168.83124,2563.537	290.0306,165.77632,2520.2275	269.06732,209.24318,2367.3953	323.02487,168.83124,2563.537	354.92282,171.78465,2606.8467	375.98135,215.1142,2582.4395	321.81082,216.21292,2542.5952	298.88055,263.45367,2493.512	291.81784,363.39337,2393.9133	341.79382,265.289,2549.7947	255.49045,434.35168,2454.4685	342.1343,361.8141,2539.0554	298.88055,263.45367,2493.512	347.7715,445.88464,2483.388	380.8528,190.35977,2331.0005	314.723,191.41475,2179.0703	
325.7404,121.500534,2584.2427	324.4994,168.32436,2566.3257	291.35852,165.57552,2526.5913	268.89505,212.08585,2407.6885	324.4994,168.32436,2566.3257	356.62967,170.98938,2606.06	376.26297,216.40176,2630.715	323.41788,215.7041,2546.4714	300.54202,263.00995,2500.8005	295.74854,362.4351,2376.8787	343.65613,264.6304,2552.4338	265.25714,424.49857,2417.3762	340.59735,361.45465,2529.803	300.54202,263.00995,2500.8005	345.0869,448.06616,2476.6704	380.1119,205.189,2371.1814	308.4985,199.85944,2196.7468	
326.78677,121.802505,2575.5818	325.34027,169.10695,2565.6235	291.8576,166.85947,2534.696	268.9239,214.42673,2459.847	325.34027,169.10695,2565.6235	358.02533,171.30087,2596.551	374.85944,217.76756,2667.8892	324.09695,216.63634,2550.7908	300.86716,264.01312,2515.8323	301.794,362.65582,2380.7678	344.465,265.41916,2556.0837	278.1801,414.91644,2388.5833	342.79733,362.6974,2516.4934	300.86716,264.01312,2515.8323	344.04672,449.35565,2478.1716	378.04333,221.5269,2412.9478	301.90027,205.99716,2231.613	
327.66443,123.63273,2570.707	326.32663,171.29288,2565.6394	292.60678,169.65561,2543.4612	267.9596,218.14833,2478.3767	326.32663,171.29288,2565.6394	359.46854,172.9021,2587.8176	375.74487,230.52649,2656.953	325.2556,218.92384,2554.46	302.10944,266.44836,2528.859	311.99875,362.66675,2368.7085	345.99213,267.49277,2557.7021	295.68066,406.263,2343.2456	344.32413,365.19153,2493.7644	302.10944,266.44836,2528.859	344.70813,450.84055,2475.4019	381.06937,245.78082,2386.698	297.7798,211.57416,2243.1667	
328.8245,126.76683,2559.7842	327.32193,174.73535,2564.1785	293.45303,173.57129,2547.721	267.84253,221.40416,2520.6445	327.32193,174.73535,2564.1785	360.75885,175.88457,2580.636	373.95395,235.17667,2636.55	326.33606,222.50266,2561.9592	303.3576,269.99814,2549.0527	330.49036,346.07135,2303.7275	347.15643,270.70447,2570.4272	311.60382,395.79688,2311.3193	346.99014,368.22864,2486.0498	303.3576,269.99814,2549.0527	344.3026,451.38666,2484.1514	380.28925,259.47717,2377.4678	292.78406,218.52849,2272.6611	
329.46326,131.57648,2545.8384	328.01453,179.70744,2560.4348	294.02542,178.78223,2548.5469	270.37125,226.51587,2523.8142	328.01453,179.70744,2560.4348	361.6895,180.62411,2572.3228	372.3563,241.05617,2617.378	326.97006,227.55286,2567.2532	304.00522,274.83524,2566.3513	349.4831,305.5075,2262.5674	347.72586,275.45255,2581.7917	326.05414,379.65088,2283.8633	349.62943,372.78735,2483.7278	304.00522,274.83524,2566.3513	343.50818,452.6469,2482.598	379.29807,273.31296,2372.3223	291.9946,223.31116,2265.8503	
330.01004,136.04352,2546.848	329.18967,184.49223,2558.995	295.1481,183.99794,2548.707	270.6666,231.98509,2518.3982	329.18967,184.49223,2558.995	362.9586,184.98257,2569.2832	371.53705,246.1085,2605.5015	328.69354,232.39433,2565.2056	306.2291,279.99503,2564.735	362.76706,275.3871,2236.0076	350.05673,280.1347,2578.097	342.284,364.3779,2239.1555	355.40433,377.47565,2457.3445	306.2291,279.99503,2564.735	345.26102,454.18793,2466.9243	378.81232,284.95572,2376.1082	293.90784,227.65637,2266.7476	
330.66858,138.96312,2538.8638	330.7269,187.29834,2557.6458	296.67087,187.67813,2547.7175	271.63925,234.75768,2528.6257	330.7269,187.29834,2557.6458	364.51953,186.92151,2567.574	371.39935,248.52107,2596.643	331.2639,235.10805,2572.3684	309.95227,282.85486,2580.6401	369.41016,252.91574,2259.7336	353.52866,281.8947,2593.542	355.23666,350.7938,2233.8076	358.29095,378.77594,2465.751	309.95227,282.85486,2580.6401	345.9153,450.16522,2486.2627	378.80582,292.58368,2383.645	290.94684,233.84885,2273.8005	
331.2649,141.50566,2534.8655	331.5032,189.79852,2555.1882	297.40082,190.3627,2547.1934	272.55176,235.5165,2568.805	331.5032,189.79852,2555.1882	365.39285,189.23785,2563.183	372.9115,238.23152,2626.6956	332.2369,237.63957,2571.781	311.11896,285.4198,2583.1802	369.63748,240.78705,2255.9062	354.716,284.31693,2593.5674	359.84753,345.0899,2208.9434	356.84613,381.04974,2451.4727	311.11896,285.4198,2583.1802	342.7037,451.63022,2474.9836	379.34186,274.87213,2433.6711	287.98584,236.97275,2308.3923	
331.16257,140.67792,2517.3635	331.58453,189.38913,2549.106	297.41525,190.10391,2546.0757	272.52588,234.80138,2591.888	331.58453,189.38913,2549.106	365.67267,188.67603,2552.1362	374.07263,232.8522,2645.4485	332.4285,237.13718,2574.4106	311.4885,284.4828,2597.7456	370.0338,232.7956,2268.2554	354.99063,283.4294,2601.685	361.23734,341.32053,2217.274	355.33774,379.87292,2460.0813	311.4885,284.4828,2597.7456	341.3898,447.95013,2485.103	380.919,272.03455,2446.7449	285.73758,237.56952,2331.663	
331.92548,138.35983,2507.6274	332.23117,187.48813,2547.3562	298.02502,188.14188,2544.427	274.04437,234.38792,2585.45	332.23117,187.48813,2547.3562	366.35873,186.8359,2550.2854	375.36472,228.72322,2665.214	332.92825,235.13065,2578.6633	311.93246,282.11316,2608.0676	371.32355,231.46277,2260.6748	355.25317,281.14792,2611.8733	358.69907,344.23114,2222.184	353.74472,377.06964,2470.965	311.93246,282.11316,2608.0676	341.29962,445.30066,2487.1956	383.27127,269.18576,2462.3604	287.8614,235.66722,2324.8801	
332.97238,135.6134,2527.7856	333.71146,184.26096,2553.8516	299.63943,185.0668,2544.2336	275.47263,233.06378,2565.2917	333.71146,184.26096,2553.8516	367.52777,183.46114,2563.4695	376.6836,223.12476,2683.072	334.76566,232.05066,2572.0903	314.17572,279.9069,2584.1262	375.0149,235.31882,2223.5852	357.331,278.43143,2596.532	353.64926,353.09222,2213.8396	352.57556,374.71753,2460.5735	314.17572,279.9069,2584.1262	343.3894,445.96448,2461.157	386.12726,262.23624,2474.4138	293.202,231.50433,2308.3875	
333.8435,132.51361,2529.835	334.73126,180.995,2555.3318	300.67395,181.73143,2544.299	279.22156,230.2536,2537.1438	334.73126,180.995,2555.3318	368.49576,180.26491,2566.3645	379.36453,223.5697,2695.4521	335.75055,228.8636,2571.6968	315.0376,276.8597,2580.9229	374.9325,244.26665,2231.0999	358.3568,275.39795,2595.2007	341.76675,362.97803,2256.727	347.11978,371.02252,2479.7278	315.0376,276.8597,2580.9229	342.64975,444.8683,2473.3174	389.53043,257.0925,2480.2576	299.15115,225.12918,2281.291	
334.88083,128.93814,2539.3315	335.55273,177.44905,2558.8262	301.62924,177.77325,2542.1658	282.82217,228.56578,2512.527	335.55273,177.44905,2558.8262	369.03735,177.12903,2575.4866	382.31104,222.45073,2701.1365	336.26434,225.34166,2569.06	315.18832,273.46402,2568.4827	374.0366,258.1428,2214.2173	358.5705,272.2495,2590.1052	330.265,374.38547,2273.031	342.09467,367.2272,2491.4268	315.18832,273.46402,2568.4827	342.1497,445.5042,2468.2236	392.83096,250.04637,2469.8838	305.7067,218.22223,2264.7664	
336.5445,126.72736,2544.106	337.0684,175.16791,2560.5574	303.3098,175.26385,2538.3137	284.24805,223.88261,2496.7595	337.0684,175.16791,2560.5574	370.2455,175.07361,2582.801	392.362,219.61186,2662.5874	337.78293,223.05968,2566.068	316.7395,271.348,2557.1328	373.1819,277.09427,2217.4976	360.00623,270.1511,2586.025	319.66785,388.1083,2302.4043	343.08057,365.18423,2509.8687	316.7395,271.348,2557.1328	343.52924,447.40857,2466.6191	400.74637,224.125,2397.2651	312.7298,211.13829,2256.169	
337.95895,123.949394,2546.4492	338.12292,172.46333,2561.919	304.7194,172.03793,2531.1277	287.8555,221.61366,2471.3347	338.12292,172.46333,2561.919	370.73306,172.87863,2592.7102	396.2133,213.82253,2643.2473	338.4823,220.3507,2565.7036	317.27933,268.57346,2549.4639	366.18054,296.13965,2228.7568	360.06848,267.62787,2589.5127	305.5394,399.66876,2342.2102	342.0012,362.29898,2522.606	317.27933,268.57346,2549.4639	342.04608,446.80914,2474.84	404.32312,209.25938,2375.9373	320.64542,204.61855,2244.1934	
339.79886,121.09233,2565.5886	339.39224,169.04773,2568.6426	306.39194,167.4931,2531.5886	292.80835,217.29568,2430.5227	339.39224,169.04773,2568.6426	371.45398,170.55814,2605.6965	400.3654,206.47903,2623.1138	338.97797,216.69046,2563.573	317.13376,264.41995,2534.4248	356.23245,313.2649,2247.7002	359.5908,264.62213,2582.582	293.08408,409.86786,2371.427	340.85464,359.40405,2519.7878	317.13376,264.41995,2534.4248	340.6431,446.95447,2469.8103	407.25558,194.44385,2358.905	330.44806,193.88219,2226.0374	
341.52536,121.23882,2575.1758	340.72183,168.45383,2570.4524	308.24017,166.03908,2525.843	298.73627,211.84808,2389.6821	340.72183,168.45383,2570.4524	372.09528,170.7862,2615.0618	402.99512,204.06725,2603.0188	339.84625,215.97585,2560.1606	317.78793,263.40643,2520.8718	336.32928,338.1046,2308.561	359.66306,264.34586,2578.866	280.57236,421.17523,2430.8455	342.3209,359.4961,2522.3835	317.78793,263.40643,2520.8718	341.40387,449.17392,2472.7676	410.06946,180.72202,2349.5344	341.72986,181.09164,2214.6892	
343.47684,121.94431,2589.9563	342.26398,167.99847,2572.7156	310.50284,164.39691,2520.065	306.57462,205.29938,2352.2102	342.26398,167.99847,2572.7156	372.75122,171.45555,2625.3662	406.3377,200.78696,2590.013	340.9536,215.21094,2553.366	318.76743,262.08664,2499.7812	321.91794,349.85165,2346.2966	359.92294,264.174,2568.2515	272.40118,427.4435,2468.8318	345.1701,360.24777,2507.9717	318.76743,262.08664,2499.7812	341.89108,449.49097,2465.7085	411.3745,168.99219,2352.8638	352.88196,169.24142,2193.9153	
345.98172,122.79639,2605.3472	344.72702,168.15685,2577.8098	314.00708,163.27301,2516.2944	311.07596,202.69414,2334.4731	344.72702,168.15685,2577.8098	374.01495,172.81302,2639.3252	408.3523,198.36035,2583.463	342.89395,215.02298,2551.5283	320.73346,261.1732,2485.2378	310.6838,353.92035,2398.1667	360.6791,264.5033,2565.2559	270.66125,432.3077,2479.9207	348.1721,361.0078,2507.999	320.73346,261.1732,2485.2378	341.76135,449.24982,2476.2905	413.36615,158.84956,2366.7031	358.03836,163.10254,2183.0845	
347.9282,124.718124,2611.5923	346.88504,169.64081,2578.8833	317.2485,163.96107,2508.7852	314.9087,199.72952,2317.2114	346.88504,169.64081,2578.8833	374.9531,175.01993,2648.9814	410.3243,196.4969,2580.7046	344.91995,216.3917,2549.3115	323.3057,262.23892,2474.1836	301.97397,354.80298,2446.5254	361.81555,266.16986,2565.296	268.4836,437.76978,2489.713	351.0336,363.0678,2496.6187	323.3057,262.23892,2474.1836	341.84265,450.00952,2480.3242	416.0959,150.98471,2380.2627	363.40045,157.82928,2182.7178	
349.79138,127.09572,2606.7092	348.51553,172.1217,2573.696	319.509,166.08286,2498.3694	317.4321,198.50066,2304.0894	348.51553,172.1217,2573.696	375.87247,177.81712,2649.0227	411.6173,195.24695,2579.304	346.18347,219.04381,2545.378	324.65164,264.93442,2468.1772	295.02222,354.80142,2489.2913	362.21664,269.02948,2565.9424	265.36615,441.11908,2500.416	353.05746,366.25104,2485.1257	324.65164,264.93442,2468.1772	340.8227,450.94537,2480.801	418.1056,145.49275,2395.5137	366.971,154.93637,2183.3835	
350.13873,128.65433,2613.3057	349.13202,173.23454,2577.295	320.76074,166.79791,2497.8804	321.23523,196.35757,2289.0454	349.13202,173.23454,2577.295	375.80716,179.28636,2656.7095	414.91974,194.57599,2576.663	346.92255,219.99036,2545.8982	325.88394,265.65768,2462.9443	290.8222,353.3405,2511.9175	362.6775,270.07922,2566.0586	264.2318,441.44293,2505.0903	353.86804,367.40997,2476.2659	325.88394,265.65768,2462.9443	340.7669,449.3189,2479.1467	420.9604,141.77945,2407.775	372.11343,150.8789,2183.774	
351.55048,129.87036,2607.5974	349.97366,174.62637,2573.4832	321.55655,168.00296,2494.2222	321.8782,196.3436,2285.0288	349.97366,174.62637,2573.4832	376.69263,180.854,2652.7441	417.06775,194.66714,2573.825	347.06308,221.51508,2544.27	325.2848,267.1212,2463.6023	289.22363,355.31052,2515.118	362.13116,271.76978,2566.5115	259.96136,441.41437,2531.4675	352.58456,369.0932,2474.154	325.2848,267.1212,2463.6023	339.65933,449.76605,2480.9504	423.2583,140.09583,2410.059	373.40652,150.45992,2185.897	
351.89307,129.54071,2614.2446	350.11865,174.29822,2578.3489	321.8946,167.45084,2498.2566	321.5697,196.53818,2287.0122	350.11865,174.29822,2578.3489	376.64206,180.73302,2658.4412	417.971,196.5799,2576.9167	347.12134,221.04147,2547.831	325.34637,266.40778,2465.2922	291.66956,357.6503,2491.9092	361.99896,271.32675,2569.3342	259.49017,440.10577,2543.0562	351.8689,368.47266,2478.6448	325.34637,266.40778,2465.2922	339.94458,446.62967,2486.541	424.7102,141.12155,2420.452	372.51938,150.32944,2188.224	
352.5596,128.52106,2617.5713	350.36948,173.3941,2582.597	322.06412,166.45267,2503.5007	320.78412,195.93877,2291.0125	350.36948,173.3941,2582.597	376.99255,179.92299,2661.693	416.43152,199.75955,2577.9587	347.0963,220.05147,2552.5688	324.9778,265.21454,2471.1548	293.9762,358.57883,2478.6206	361.76334,270.32074,2573.9268	262.51257,442.50674,2528.855	349.86987,366.9167,2497.8086	324.9778,265.21454,2471.1548	339.30542,445.18665,2491.4531	425.32788,145.56406,2424.2837	371.52643,149.88074,2188.554	
353.44388,127.06231,2609.7258	350.3971,172.32266,2580.73	322.12686,165.36726,2501.1633	319.51163,194.26572,2293.4983	350.3971,172.32266,2580.73	376.97626,178.86201,2660.2966	413.0185,204.05745,2580.4744	346.46075,219.11906,2555.5112	323.745,264.25955,2478.596	297.60406,359.9124,2462.4622	360.39807,269.3333,2581.989	265.36185,444.96332,2508.53	346.53784,365.27094,2511.3171	323.745,264.25955,2478.596	338.2553,444.98663,2494.4873	427.34937,153.7927,2411.5496	370.22433,148.77362,2181.2197	
353.15933,125.17927,2614.8264	349.59924,170.49838,2585.358	320.74637,163.54947,2510.4592	312.54163,196.323,2314.7644	349.59924,170.49838,2585.358	376.8274,177.056,2660.2566	411.747,207.91885,2585.2512	345.4811,217.16414,2559.585	322.16528,262.06262,2485.1145	302.01123,359.60776,2446.0488	359.67227,267.3934,2582.5095	272.9971,435.80258,2476.5693	343.92453,362.96985,2510.1814	322.16528,262.06262,2485.1145	338.778,444.65793,2486.739	428.3906,162.79126,2397.3718	364.20352,154.91464,2194.007	
352.32138,122.74254,2609.4385	348.18707,168.53629,2584.3887	318.22327,161.84991,2518.818	306.3711,198.3771,2340.45	348.18707,168.53629,2584.3887	376.66806,174.89175,2649.9592	409.12354,208.02983,2604.2117	343.49277,215.25153,2561.6199	318.86453,260.02377,2496.1558	306.0274,358.6848,2435.623	357.9074,265.49353,2581.5464	280.40598,425.92523,2450.5215	339.70685,360.50952,2517.09	318.86453,260.02377,2496.1558	338.37125,444.76312,2483.6614	428.6487,174.80904,2381.7441	357.2179,159.471,2202.0442	
350.4798,121.294716,2596.5723	346.27786,167.67377,2579.9062	315.22638,161.95752,2523.5498	298.96716,201.10158,2368.1165	346.27786,167.67377,2579.9062	376.00174,173.14563,2636.2627	408.7847,209.2749,2621.5913	341.8661,214.66278,2562.7583	316.9465,259.92697,2508.9468	308.9993,358.8084,2449.3906	357.2626,264.57574,2582.274	292.84406,415.9552,2422.8755	337.19278,359.08978,2523.444	316.9465,259.92697,2508.9468	340.51862,446.12512,2478.5415	425.18594,188.96094,2377.4863	349.2204,168.15018,2212.4668	
349.4532,120.82471,2590.7046	344.9542,167.56747,2578.8335	313.2156,162.41324,2529.381	290.13577,203.00577,2404.011	344.9542,167.56747,2578.8335	375.49844,172.52773,2628.286	407.28284,213.92006,2626.792	340.725,214.67337,2564.2888	315.63193,260.16254,2517.63	325.99417,352.01346,2363.8904	356.74536,264.41727,2581.8584	304.11584,407.32037,2390.2576	334.52737,358.51428,2513.6985	315.63193,260.16254,2517.63	341.07574,448.73358,2474.0825	418.2968,202.91011,2368.3796	337.9735,176.40915,2233.0652	
347.79233,120.91046,2587.237	343.69116,167.73392,2577.0105	311.28574,163.2414,2536.0676	285.36975,205.97827,2449.434	343.69116,167.73392,2577.0105	375.08298,172.0859,2617.9534	403.39453,221.34148,2638.3547	339.8587,214.93889,2563.37	314.73343,260.71503,2523.1182	348.2433,323.50018,2299.1455	356.7981,264.54288,2576.3413	315.49805,392.51398,2366.329	335.96442,359.15076,2488.0603	314.73343,260.71503,2523.1182	342.0913,449.83252,2467.2295	411.12955,216.61047,2371.9282	324.13257,185.28033,2244.2878	
346.16162,121.79251,2577.007	342.15582,169.17493,2572.33	309.1412,165.43893,2540.9663	281.32782,208.60703,2472.1309	342.15582,169.17493,2572.33	374.37506,172.82092,2603.6938	396.26154,229.53796,2659.1575	338.61023,216.57971,2562.5632	313.44293,262.6764,2532.405	362.3038,295.93274,2273.6455	356.28986,265.9916,2573.1877	327.0965,378.11603,2345.2373	334.79025,360.11118,2520.1692	313.44293,262.6764,2532.405	341.8149,450.8781,2466.3022	402.45453,228.72458,2389.077	315.92755,192.86827,2250.6597	
345.1081,124.032196,2562.9258	341.04745,171.95789,2566.5557	307.67792,168.75916,2539.8726	282.0923,210.99118,2497.5146	341.04745,171.95789,2566.5557	373.7303,175.09079,2593.2388	392.4732,235.52863,2667.0898	337.70563,219.577,2562.7148	312.66873,265.91455,2541.559	366.89856,263.12164,2256.2422	355.7473,268.7444,2576.189	338.26938,367.00797,2321.1533	339.3604,363.9603,2522.5806	312.66873,265.91455,2541.559	342.40714,453.0107,2470.3113	397.2278,238.38947,2399.0493	308.99805,200.46457,2254.787	
343.11667,126.31924,2555.9077	339.00436,174.36157,2563.893	305.34912,171.46362,2545.1296	277.5667,214.2512,2511.7488	339.00436,174.36157,2563.893	372.1706,177.21742,2582.6565	386.55038,236.05075,2638.9082	335.57516,222.07141,2564.521	310.3093,268.33594,2552.9543	364.28796,244.45985,2254.0725	353.77936,271.16638,2577.3435	346.97162,355.98334,2295.9248	342.2712,367.38293,2501.4236	310.3093,268.33594,2552.9543	340.44028,452.8222,2470.3203	392.50845,249.23206,2366.0627	302.3772,204.39822,2261.3596	
341.3394,128.04561,2552.4248	336.73016,176.11768,2562.2817	302.92953,173.19815,2550.132	274.5678,217.59827,2534.9001	336.73016,176.11768,2562.2817	370.21176,179.00964,2574.4314	381.88763,239.17076,2619.8481	332.98282,223.85219,2565.039	307.34775,269.88898,2559.904	362.14865,232.88808,2265.4705	351.00507,273.06964,2575.6887	353.92874,349.0552,2267.1882	345.07855,369.99908,2479.4487	307.34775,269.88898,2559.904	338.80322,452.20544,2470.4463	388.46857,261.67105,2357.0176	295.14368,210.25502,2279.2056	
339.79138,130.49991,2550.173	335.10452,178.34178,2559.8628	301.23438,175.16743,2550.6548	273.04102,220.85449,2550.4712	335.10452,178.34178,2559.8628	368.73187,181.49336,2569.0708	378.16968,242.51083,2605.6323	330.88995,226.08711,2563.2954	304.76447,271.87463,2560.75	361.39954,228.42543,2273.9136	348.50696,275.52634,2572.706	358.47968,346.63684,2243.4375	347.6031,372.9571,2465.7854	304.76447,271.87463,2560.75	338.68063,452.77463,2471.5374	385.07025,273.06287,2356.0967	290.4684,217.16837,2292.1338	
338.21942,131.29202,2541.0186	334.01797,179.41524,2555.4058	300.0283,176.6286,2547.4177	271.71967,219.69466,2605.7087	334.01797,179.41524,2555.4058	367.7958,182.18452,2563.3938	375.40536,243.83185,2592.7693	330.24075,227.26701,2563.5078	304.5617,273.21378,2566.422	362.08142,227.81636,2279.7068	348.32474,276.4143,2576.7976	360.10632,346.56256,2242.9524	350.28253,373.90094,2468.831	304.5617,273.21378,2566.422	340.8041,449.74982,2478.827	382.42255,281.00385,2358.4895	285.1266,220.66025,2342.04	
337.02933,130.90494,2529.9512	333.28076,179.6065,2549.2942	299.17548,177.10027,2540.858	271.0122,219.14923,2635.8452	333.28076,179.6065,2549.2942	367.16107,182.0962,2557.7305	373.2862,244.2085,2581.3018	329.86053,227.58658,2560.4578	304.51913,273.74213,2566.141	363.25482,234.80348,2263.4019	348.32755,276.55206,2577.1016	355.15268,349.5363,2243.358	348.98627,374.1571,2470.2646	304.51913,273.74213,2566.141	341.5727,448.19287,2471.1924	380.25577,286.81104,2363.2512	276.29593,224.8387,2369.1235	
335.29623,129.15868,2522.9333	332.44617,177.95671,2545.965	298.25314,176.29724,2536.7847	270.72952,220.73364,2636.9138	332.44617,177.95671,2545.965	366.3935,179.60425,2555.1455	371.31467,242.01071,2574.0427	330.18213,226.03911,2560.1582	305.98398,272.74826,2568.385	366.45972,240.6275,2254.517	349.80063,274.43048,2580.3176	347.11755,354.4994,2262.5574	346.514,371.52545,2498.7712	305.98398,272.74826,2568.385	343.4172,445.93005,2472.1658	378.07733,288.80923,2372.4795	273.74557,225.71306,2364.7202	
334.07513,126.87238,2535.4102	331.57327,175.18593,2547.0845	297.3945,173.50804,2536.1362	270.51178,221.64018,2620.9631	331.57327,175.18593,2547.0845	365.4595,176.84946,2558.0327	369.4036,239.33696,2573.1733	329.52972,223.26022,2551.103	305.37915,270.36627,2548.0085	364.99506,245.21288,2217.3076	349.48325,271.99582,2562.2346	333.4501,362.1504,2262.2463	338.6789,368.96985,2476.8972	305.37915,270.36627,2548.0085	341.8815,448.23956,2449.3936	375.83957,289.39145,2387.854	273.82846,225.30249,2346.697	
332.4907,124.34022,2524.6462	330.42517,172.8723,2541.3557	296.1481,171.45065,2530.5786	272.349,220.53102,2581.4727	330.42517,172.8723,2541.3557	364.41275,174.28192,2552.1328	373.00812,244.79736,2597.7744	328.69342,221.10449,2548.3616	304.84628,268.4193,2548.3652	365.51746,260.14505,2224.1995	348.9751,269.72153,2562.3696	321.65457,372.48492,2300.169	334.7924,365.9677,2500.291	304.84628,268.4193,2548.3652	342.04224,447.57013,2465.3665	378.23752,282.9416,2375.307	277.75082,221.44096,2307.0146	
330.91418,122.126854,2527.7554	329.32538,170.67323,2540.2065	295.0108,169.6218,2530.7415	270.10046,218.95116,2548.2395	329.32538,170.67323,2540.2065	363.38516,171.71686,2549.6716	375.3838,239.81693,2616.4036	328.1441,218.95392,2544.146	304.76093,266.6384,2541.9348	362.14236,278.92462,2211.9875	349.0651,267.53012,2554.236	308.03278,384.51044,2319.9724	336.31717,364.33527,2498.8735	304.76093,266.6384,2541.9348	342.93396,448.88745,2455.4883	379.84677,268.3315,2369.8882	283.1292,215.79953,2278.4595	
328.77206,119.83787,2529.8374	328.07614,168.56178,2538.3772	293.73462,167.961,2527.316	270.04962,217.57211,2517.654	328.07614,168.56178,2538.3772	362.1197,169.15738,2549.4385	376.73282,233.35011,2627.582	327.6534,216.87643,2539.2842	304.9613,265.04117,2533.003	352.87415,297.58914,2218.7937	349.37503,265.2714,2547.3794	293.8819,397.1974,2345.2861	336.48807,361.92868,2509.3655	304.9613,265.04117,2533.003	342.95078,448.45544,2457.456	380.66083,253.85349,2368.2664	286.993,210.14995,2252.1194	
327.12137,117.1607,2539.3977	326.91165,165.28752,2539.7917	292.65793,164.77975,2523.2368	271.164,215.37105,2477.3816	326.91165,165.28752,2539.7917	360.72174,165.7887,2556.3467	377.5816,226.75633,2637.872	326.99957,213.51474,2535.7288	304.79645,261.9788,2520.9019	341.56134,312.5793,2239.2537	349.19034,261.81537,2542.4297	280.13187,407.31927,2363.9998	336.345,358.49008,2512.1948	304.79645,261.9788,2520.9019	341.8531,446.9782,2460.6782	381.28006,240.825,2371.5396	292.1314,205.54276,2216.323	
326.00592,116.80719,2544.0818	325.4563,164.5285,2537.9263	291.2827,163.29453,2515.9458	270.31232,215.51797,2479.6199	325.4563,164.5285,2537.9263	359.04303,165.74127,2559.9067	377.76566,222.04381,2639.6775	324.95245,212.70468,2529.24	302.13864,260.95886,2506.2651	327.45917,330.14893,2262.0022	346.50015,261.46408,2534.8423	268.8635,409.45392,2398.9492	333.69427,358.52002,2503.9934	302.13864,260.95886,2506.2651	339.0745,450.64258,2459.1826	381.41278,231.39984,2369.0068	292.65485,203.43694,2221.9495	
324.2014,116.60377,2537.9807	323.6491,164.69406,2533.2559	289.64224,163.23314,2503.4358	271.30612,216.53137,2471.8176	323.6491,164.69406,2533.2559	356.8647,166.121,2563.076	377.16162,218.32925,2638.233	323.17627,213.00609,2526.2725	300.54602,261.38614,2499.8958	317.35324,340.24268,2298.9802	344.51712,261.78268,2538.6824	262.87177,415.69006,2424.9844	334.42963,358.85522,2512.7034	300.54602,261.38614,2499.8958	339.49847,450.29626,2471.7898	381.14087,223.68867,2366.8928	293.26242,203.16397,2225.166	
322.15485,117.267715,2517.949	321.39413,166.15073,2521.6917	287.44238,164.8635,2485.5403	268.28412,216.73885,2462.4055	321.39413,166.15073,2521.6917	354.38614,167.40157,2557.843	383.48596,213.20604,2633.189	321.09543,214.76807,2521.5806	298.83884,263.47186,2497.978	296.44385,352.49884,2359.362	342.34918,263.30905,2544.961	253.81076,430.73767,2467.2046	334.33795,360.7489,2504.0977	298.83884,263.47186,2497.978	339.53473,450.67908,2473.76	388.07346,209.11066,2359.333	294.3285,202.82143,2221.3594	
319.8963,118.10636,2508.4077	318.89755,167.26501,2515.1396	285.06674,165.9155,2473.5784	268.55353,217.72968,2424.6973	318.89755,167.26501,2515.1396	351.62845,168.57068,2556.701	383.55035,211.30338,2633.0862	318.52008,216.04504,2518.1235	296.3388,264.89496,2494.1082	282.21014,358.00244,2404.6836	339.48618,264.52814,2548.1067	246.79892,438.4908,2497.4805	333.81808,362.2918,2496.5127	296.3388,264.89496,2494.1082	338.32703,450.61768,2471.8755	387.84326,207.26152,2359.052	298.60507,200.3038,2194.7256	
316.94476,119.057655,2503.6155	315.71942,168.02986,2510.8025	282.1568,166.4166,2462.7078	269.59296,217.57391,2385.8264	315.71942,168.02986,2510.8025	348.0204,169.58249,2558.8972	380.9533,211.8937,2624.009	315.0691,216.90744,2515.4287	292.8195,265.79355,2488.7957	272.76248,360.33554,2439.2854	335.49347,265.42218,2551.3142	243.14786,443.78918,2512.563	332.75995,363.36252,2492.095	292.8195,265.79355,2488.7957	337.2574,450.17163,2471.0706	384.15662,206.28,2350.0845	304.9215,195.67346,2162.6628	
314.14258,120.27892,2492.2222	312.59586,169.52515,2504.967	279.15213,167.90295,2452.6443	267.13992,220.02116,2363.8862	312.59586,169.52515,2504.967	344.67105,171.08098,2557.2898	378.39407,213.8003,2625.9822	311.60968,218.50119,2514.9292	289.2165,267.3844,2490.9077	267.81613,362.1571,2473.2217	331.47726,266.80487,2558.875	241.26636,447.7453,2526.2988	331.7422,364.60925,2495.2607	289.2165,267.3844,2490.9077	337.38623,449.78906,2475.5269	381.41156,209.46196,2351.6975	307.14536,195.06941,2155.8467	
311.95087,121.24877,2486.55	310.34305,170.6156,2501.9453	277.01364,169.16835,2446.5676	264.33246,221.23454,2348.4353	310.34305,170.6156,2501.9453	342.22897,172.00015,2557.323	373.96643,216.05135,2625.9963	309.3748,219.63669,2515.2678	287.14014,268.6259,2492.6204	265.38864,364.159,2479.8289	329.0965,267.67014,2564.5603	240.91382,449.96948,2534.4622	331.7533,365.2634,2501.3594	287.14014,268.6259,2492.6204	339.96362,448.97345,2472.6743	376.86145,212.74792,2351.4094	306.57254,195.1921,2147.7512	
309.34827,120.456825,2475.7158	307.91696,170.28586,2497.5735	274.4587,169.34917,2442.2783	265.04428,221.74051,2326.1936	307.91696,170.28586,2497.5735	339.92578,171.18195,2552.8687	368.10422,218.56429,2622.021	307.244,219.33812,2516.5107	285.3257,268.4624,2499.529	262.16144,363.15097,2500.8376	327.24258,266.8754,2571.367	240.64688,451.4297,2533.259	330.83563,364.04498,2515.7817	285.3257,268.4624,2499.529	341.1587,447.716,2475.299	370.84018,215.94185,2346.6587	309.2405,193.02834,2132.0732	
307.08746,120.24473,2470.796	305.66116,170.05447,2494.8064	271.97504,169.34334,2441.416	263.35364,222.43001,2322.5898	305.66116,170.05447,2494.8064	337.93567,170.73578,2548.1968	361.90805,223.10483,2618.0103	305.10175,219.1355,2516.4878	283.1931,268.27594,2503.4812	259.8009,362.8902,2507.8708	325.33472,266.50427,2572.8572	239.95099,452.5852,2528.9675	329.5726,363.71466,2510.6091	283.1931,268.27594,2503.4812	339.11066,451.76645,2498.046	364.02597,221.96,2342.4214	306.35284,193.84653,2129.269	
304.9507,119.61016,2467.8447	303.38654,169.57712,2493.7673	269.50577,168.8145,2442.246	262.2694,220.87717,2316.304	303.38654,169.57712,2493.7673	335.89566,170.30887,2545.2886	355.02722,224.51474,2618.5076	302.6187,218.65103,2517.523	280.40622,267.6228,2507.8022	257.90393,362.27216,2515.0034	322.7663,266.0133,2574.755	238.72777,452.76178,2527.8062	326.8668,363.21494,2508.6904	280.40622,267.6228,2507.8022	338.9492,452.54968,2515.0771	356.8968,224.78236,2343.9355	306.47415,194.0568,2126.129	
302.7504,119.09459,2466.8591	301.3482,169.16959,2492.9307	267.33148,168.46939,2442.6567	258.784,221.22084,2329.1533	301.3482,169.16959,2492.9307	334.02008,169.84207,2543.2046	348.18195,223.78943,2618.2473	300.68292,218.26692,2516.9194	278.48843,267.2609,2508.2424	258.25885,362.2718,2518.6418	321.02515,265.6344,2573.574	239.47978,453.3512,2525.3088	325.8636,362.88718,2503.8313	278.48843,267.2609,2508.2424	340.3817,452.81216,2519.5942	350.08746,228.46877,2345.6038	302.3857,195.55525,2139.8223	
