271.33405,127.87208,2586.1472	270.8584,175.83148,2612.018	237.30426,175.42685,2586.614	218.56485,226.45224,2554.8557	270.8584,175.83148,2612.018	303.7661,176.22832,2637.422	320.2719,221.46956,2591.8586	270.60678,222.54,2642.294	249.0291,268.5096,2655.9885	247.2468,362.72098,2536.3022	291.42963,267.8748,2689.1511	239.36275,446.33032,2618.099	305.30267,359.89734,2619.1086	249.0291,268.5096,2655.9885	326.66437,443.3391,2559.578	316.15717,195.97049,2359.5818	247.06528,202.50356,2347.4424	
271.1439,128.0198,2586.034	270.00336,176.04103,2611.7407	236.4333,175.23164,2587.4087	219.3971,226.67966,2552.9375	270.00336,176.04103,2611.7407	302.9537,176.83548,2636.0728	319.69168,224.99345,2597.9417	269.21805,222.75209,2641.4038	247.08914,268.46344,2655.1855	245.3124,362.7264,2536.4512	289.5587,268.38834,2686.9482	239.10219,447.4014,2612.1028	304.20728,360.34912,2619.2437	247.08914,268.46344,2655.1855	324.49893,443.57947,2558.946	315.79745,196.37215,2361.268	247.18689,202.52533,2346.461	
270.96112,128.1883,2595.4663	269.62576,175.78763,2614.7336	236.08813,174.86075,2592.4524	220.02748,227.62018,2560.4622	269.62576,175.78763,2614.7336	302.59665,176.69885,2637.015	319.17416,226.18428,2597.9783	268.75717,222.53075,2640.3281	246.49295,268.29266,2651.3801	247.39767,362.56964,2532.793	289.0852,268.4591,2680.465	239.79324,447.36737,2608.0383	305.5452,360.2995,2614.5557	246.49295,268.29266,2651.3801	326.07483,443.3659,2554.5818	315.82513,196.64407,2356.1897	244.03937,202.64417,2344.9346	
270.6562,128.06427,2598.681	269.38907,175.57666,2616.2068	235.86829,174.63107,2595.4553	219.02032,226.92805,2556.2278	269.38907,175.57666,2616.2068	302.38223,176.5074,2636.9583	317.13663,223.28021,2588.4893	268.52185,222.3317,2640.1492	246.23917,268.1155,2650.5483	247.88759,362.49234,2538.1436	288.88446,268.37582,2677.6348	239.72,447.19794,2612.6401	305.32556,360.21466,2619.899	246.23917,268.1155,2650.5483	326.56186,442.9358,2558.2065	315.57117,196.81105,2351.2573	245.5927,200.80675,2342.8254	
270.94336,128.32309,2591.7812	269.23856,175.89261,2614.0278	235.69266,174.61517,2592.2302	217.93481,227.1151,2570.617	269.23856,175.89261,2614.0278	302.22958,177.14893,2635.8254	316.45303,220.73967,2588.2283	267.87463,222.60873,2640.6362	245.13098,268.07416,2653.0183	246.71494,362.40518,2542.7117	287.71777,268.708,2681.471	239.64595,447.56253,2613.389	304.3205,360.3852,2624.3916	245.13098,268.07416,2653.0183	325.4675,442.99066,2562.3564	315.6009,197.16316,2350.281	244.07101,202.05547,2353.7473	
270.55267,128.0924,2588.3398	268.8281,175.73552,2612.8435	235.26044,174.51976,2591.5503	219.26433,228.55872,2579.8086	268.8281,175.73552,2612.8435	301.85303,176.93161,2634.1367	317.00497,223.70407,2589.6165	267.5465,222.4558,2640.6208	244.89072,267.91284,2654.5017	247.42392,362.0835,2541.3086	287.4707,268.4909,2682.2947	240.22446,447.3011,2612.0076	305.6922,359.86917,2618.8853	244.89072,267.91284,2654.5017	326.5899,442.94955,2560.084	315.53406,197.83647,2343.149	241.16757,203.34427,2357.8027	
269.93625,128.76477,2589.6184	268.34344,176.26935,2613.3977	234.77994,175.10718,2593.1208	217.34738,228.69319,2578.4019	268.34344,176.26935,2613.3977	301.3901,177.41364,2633.6746	318.16852,226.62253,2588.8086	267.14175,222.97762,2641.2803	244.56586,268.43008,2655.929	247.36081,362.429,2536.2205	287.15332,268.9872,2682.3967	240.58322,447.28558,2611.525	305.72958,360.3482,2615.1038	244.56586,268.43008,2655.929	326.46985,443.162,2559.2307	313.7638,197.08362,2347.6812	239.37782,204.00903,2355.9956	
270.1979,129.38567,2590.2588	268.42572,176.60933,2613.458	234.86624,175.3702,2593.6426	216.16437,227.97891,2577.7014	268.42572,176.60933,2613.458	301.48016,177.82982,2633.2734	316.74738,227.74596,2587.907	267.11487,223.30621,2641.5059	244.43542,268.68216,2656.621	248.21704,362.4252,2529.9995	287.02133,269.35825,2682.4863	239.95021,446.12994,2614.4604	305.94305,360.6546,2615.8623	244.43542,268.68216,2656.621	326.63382,442.3955,2560.6562	314.76733,197.89775,2338.9526	238.52647,204.95651,2355.5166	
269.6461,130.50986,2587.0835	268.39407,177.9746,2612.8206	234.81973,177.13446,2592.4607	215.44034,227.4797,2571.3503	268.39407,177.9746,2612.8206	301.44922,178.80173,2633.1804	316.80698,228.95074,2581.4666	267.59985,224.63496,2642.794	245.45367,270.17535,2659.4783	249.02512,363.74152,2526.3774	287.98184,270.32153,2686.0564	242.02046,447.3158,2613.6506	307.20416,361.4772,2617.0105	245.45367,270.17535,2659.4783	328.17032,443.1178,2560.8525	315.25436,198.14905,2338.4543	239.47334,206.68178,2352.964	
269.7192,131.57648,2585.9917	268.804,179.00418,2612.8455	235.23004,178.35228,2592.2126	214.76306,228.93715,2574.1753	268.804,179.00418,2612.8455	301.85184,179.64587,2633.4783	317.40485,229.14427,2586.7363	268.24277,225.63826,2643.6665	246.3435,271.24957,2661.0215	248.69966,364.8357,2525.1467	288.83148,271.14594,2687.9536	242.0726,448.77502,2610.0579	308.8156,362.07947,2602.9211	246.3435,271.24957,2661.0215	327.96426,442.98492,2559.5374	315.29044,199.73906,2350.117	240.13446,209.07538,2357.8481	
269.86554,132.99199,2585.452	268.46606,180.50119,2613.2898	234.9029,179.48862,2593.3765	214.62872,229.88683,2575.0989	268.46606,180.50119,2613.2898	301.5216,181.49843,2633.2031	316.3628,228.55281,2584.8728	267.3981,227.07687,2644.6821	245.01166,272.36554,2663.0771	246.30678,365.58545,2515.541	287.49243,272.75226,2689.0718	240.58163,448.36804,2611.6733	308.25162,363.5041,2596.3525	245.01166,272.36554,2663.0771	325.50308,443.3982,2558.4368	315.60736,201.56595,2348.7893	239.26761,211.47739,2358.7463	
269.9682,134.52902,2594.1743	268.32416,181.88004,2616.5454	234.80333,180.67197,2596.157	215.75287,230.65392,2563.5403	268.32416,181.88004,2616.5454	301.3266,183.06941,2636.9338	317.8621,231.54686,2601.9421	266.99835,228.46655,2644.2288	244.32352,273.77933,2658.6057	247.1554,366.58795,2498.7551	286.86462,274.3931,2685.2185	240.926,447.57144,2610.4119	310.15338,364.59808,2584.3079	244.32352,273.77933,2658.6057	326.24063,443.94516,2553.7966	315.55966,206.19191,2359.0771	241.27173,212.107,2345.7058	
270.37503,135.73814,2589.5378	268.8207,183.24136,2615.6697	235.28934,182.14957,2593.4321	216.4072,231.37271,2557.269	268.8207,183.24136,2615.6697	301.78677,184.31477,2637.9072	317.37817,233.78252,2601.476	267.5892,229.77701,2645.5508	245.04105,275.0806,2660.9175	249.4494,367.82123,2501.9102	287.49896,275.46362,2689.9463	242.14911,447.59637,2620.165	312.09143,365.10825,2581.844	245.04105,275.0806,2660.9175	327.38712,442.53012,2562.5583	315.7622,208.89415,2362.7705	242.27733,213.48143,2336.5332	
271.23218,136.27525,2587.2178	269.71973,183.99435,2615.4573	236.2219,183.03271,2588.8245	218.14438,231.90822,2538.6345	269.71973,183.99435,2615.4573	302.5422,184.93661,2642.09	318.57755,234.25664,2609.7437	268.55298,230.48593,2646.8901	246.11958,275.8759,2660.9336	250.42558,368.4464,2496.342	288.4329,275.89645,2695.7124	242.72931,447.84796,2617.9417	313.78528,365.04025,2580.764	246.11958,275.8759,2660.9336	327.4447,441.25916,2564.6824	319.33167,209.5495,2369.3909	246.87923,212.73663,2326.165	
272.22385,136.44754,2587.5588	270.757,184.10838,2615.8284	237.30365,183.20073,2586.1445	217.95743,232.65132,2533.8193	270.757,184.10838,2615.8284	303.4596,184.99567,2645.5122	318.4135,233.95584,2621.3713	269.5985,230.59737,2647.1948	247.21722,276.0909,2659.1885	251.91148,368.68802,2493.7598	289.41193,275.90558,2697.934	242.13126,447.83405,2615.6086	314.47488,365.06177,2581.14	247.21722,276.0909,2659.1885	327.54236,440.28146,2563.6853	322.71893,208.2103,2380.6948	249.31155,212.0397,2333.0723	
273.9921,135.17677,2586.2117	272.1793,182.7796,2616.0083	238.81793,181.78271,2582.2112	218.77637,233.7117,2534.3967	272.1793,182.7796,2616.0083	304.68967,183.75104,2649.8054	319.97308,230.85025,2627.1707	270.80194,229.2486,2648.2146	248.28171,274.73083,2658.3594	252.12848,367.60858,2498.2944	290.2879,274.47308,2702.4824	240.97952,446.04013,2622.8325	313.78156,363.903,2587.9087	248.28171,274.73083,2658.3594	327.38565,438.6123,2565.274	327.56973,205.7265,2387.781	252.36552,211.06186,2343.2573	
275.3057,134.49884,2586.0593	273.46738,181.91325,2615.82	240.21652,180.98256,2578.0266	221.13936,232.26147,2517.7039	273.46738,181.91325,2615.82	305.77106,182.81744,2653.6135	322.60147,229.35391,2643.5867	272.1181,228.40764,2647.7324	249.70197,274.0584,2654.9766	253.28482,367.2506,2499.3235	291.51508,273.53558,2704.313	241.38309,446.53607,2617.4272	314.12186,363.1279,2589.7664	249.70197,274.0584,2654.9766	327.56934,439.22177,2564.7102	331.80817,201.34177,2400.3994	257.12866,207.39148,2336.6252	
277.20364,133.47809,2586.9685	275.12143,181.03003,2615.5308	242.00714,180.0329,2573.9514	224.07196,229.45303,2506.8457	275.12143,181.03003,2615.5308	307.19937,181.99599,2657.11	325.4261,224.58786,2650.284	273.61368,227.53941,2647.2742	251.13385,273.25552,2651.8804	254.01366,367.1033,2513.2515	292.72812,272.64386,2706.1548	240.66031,447.76263,2617.0305	313.7578,362.62814,2597.487	251.13385,273.25552,2651.8804	327.77432,439.19186,2564.7773	337.35574,195.9439,2410.028	261.50543,201.92863,2329.279	
278.6998,131.72562,2594.4048	276.33115,179.10184,2616.656	243.4056,177.55278,2571.1667	224.65985,225.71562,2495.8801	276.33115,179.10184,2616.656	308.13147,180.59795,2662.1453	328.6884,221.77315,2653.6287	274.22775,225.68924,2643.8855	251.20038,271.3793,2641.4226	252.07635,365.96576,2516.906	292.6731,271.27548,2700.8074	239.36783,448.33984,2608.5945	311.64355,361.95258,2606.345	251.20038,271.3793,2641.4226	326.3022,439.41772,2558.126	343.58054,191.59111,2423.7205	266.2161,198.21347,2332.0334	
281.2234,130.64337,2598.628	278.39194,178.03592,2616.7861	245.67068,176.04068,2567.7373	228.21188,222.56897,2475.411	278.39194,178.03592,2616.7861	309.90912,179.95773,2665.835	332.0843,219.40796,2670.7952	275.76544,224.6616,2641.3147	252.3046,270.28275,2633.8318	253.10544,365.35495,2531.791	293.57443,270.5724,2697.8547	240.64346,449.819,2603.7668	311.65186,361.56552,2614.9773	252.3046,270.28275,2633.8318	327.49408,440.50192,2559.825	348.45023,185.547,2446.154	271.94183,193.27747,2330.5981	
283.44235,129.24115,2609.2449	280.4219,176.0745,2619.7239	248.04865,173.54288,2565.9717	231.22209,220.7354,2462.668	280.4219,176.0745,2619.7239	311.4934,178.50433,2673.476	334.3229,216.1763,2678.4023	277.43698,222.73418,2637.7979	253.72116,268.38162,2620.781	253.92126,363.99756,2532.6382	294.72247,269.1261,2690.9626	240.3704,449.3499,2596.5093	311.53378,360.5488,2618.8213	253.72116,268.38162,2620.781	327.7954,439.689,2557.0217	352.19995,180.89507,2460.0872	275.9037,188.99777,2328.459	
286.17322,127.9573,2614.5935	283.28094,174.4308,2622.7954	251.68456,171.88522,2559.866	232.57048,219.44081,2455.3635	283.28094,174.4308,2622.7954	313.39664,176.85709,2685.7249	337.45428,216.51956,2683.715	280.3982,221.0816,2639.8284	257.24487,266.96365,2615.7166	256.85968,362.76913,2537.0579	297.24054,267.29968,2698.006	242.8935,448.09995,2600.0479	312.96558,358.59424,2633.3381	257.24487,266.96365,2615.7166	329.2645,438.76996,2571.5393	356.7399,177.54935,2475.3164	278.4076,187.66203,2328.8093	
288.53326,126.931526,2617.2146	285.5172,173.52628,2623.6018	254.5432,170.71167,2554.0508	234.75102,218.19348,2451.1604	285.5172,173.52628,2623.6018	314.89145,176.19553,2693.1528	339.55585,216.90222,2685.3179	282.33167,220.16272,2639.8657	259.30194,266.0428,2610.7444	256.74686,362.06665,2527.8665	298.40027,266.40707,2701.515	240.9769,445.7945,2603.3093	311.7151,357.97284,2635.633	259.30194,266.0428,2610.7444	327.92905,439.89398,2567.7983	361.4012,176.1436,2486.5945	283.1952,187.29164,2331.146	
291.65082,126.96708,2610.5112	287.95544,173.76071,2622.3381	257.57773,170.99796,2547.1072	238.96094,217.77554,2448.0354	287.95544,173.76071,2622.3381	316.63882,176.36937,2697.569	339.6617,217.9276,2694.6152	284.38156,220.33208,2642.6565	261.41602,266.172,2613.8918	258.23663,362.11615,2530.703	299.60452,266.2128,2712.0579	240.87508,444.36703,2614.328	312.66534,357.51822,2639.0066	261.41602,266.172,2613.8918	327.64288,440.2204,2576.1677	364.32895,178.24811,2501.0073	289.18243,187.42093,2330.3684	
294.73834,127.73962,2615.6372	290.5121,174.50142,2625.1777	260.98502,171.27238,2543.6401	242.25247,218.55304,2449.4578	290.5121,174.50142,2625.1777	318.26016,177.53592,2706.7153	339.4018,218.87503,2702.2332	286.27914,220.9849,2643.8213	263.1443,266.6457,2609.2397	259.2054,362.77942,2517.521	300.32343,266.98233,2715.69	240.9996,444.8728,2604.3193	313.87558,358.0647,2625.066	263.1443,266.6457,2609.2397	327.12408,441.60358,2568.9756	368.59506,183.00565,2514.907	293.4729,190.55383,2330.7295	
297.6951,129.61386,2609.2068	292.41205,176.30832,2622.614	263.39975,172.84134,2537.1716	245.7589,220.45674,2450.1807	292.41205,176.30832,2622.614	319.59363,179.55655,2708.0564	338.58032,222.4762,2711.544	287.31158,222.69266,2643.624	263.6735,268.11243,2608.9075	259.8648,364.28226,2508.0095	300.14676,268.5691,2720.3606	239.86218,443.9131,2610.4714	315.17224,359.22668,2618.523	263.6735,268.11243,2608.9075	326.2168,442.36624,2570.9224	370.86505,189.7526,2531.574	299.03473,196.38641,2331.304	
300.95984,133.25183,2606.4585	294.50934,179.81401,2621.758	266.1905,175.96417,2531.9607	250.60265,222.17758,2443.5156	294.50934,179.81401,2621.758	320.95255,183.40884,2711.5554	337.06445,224.95082,2724.1577	288.20105,225.99255,2644.3792	263.77994,271.00632,2608.4001	259.8505,366.92938,2485.4402	299.43616,271.75275,2725.6003	240.56648,444.6543,2605.6477	316.88937,361.66122,2610.1965	263.77994,271.00632,2608.4001	325.67065,443.84467,2569.8757	372.42276,197.96202,2539.3364	305.3164,199.9428,2326.5454	
303.65344,135.46207,2604.641	296.1903,181.79227,2620.0015	268.2797,177.53209,2527.8442	258.18347,225.28027,2438.233	296.1903,181.79227,2620.0015	322.20413,185.76294,2712.1587	336.71326,228.92848,2734.5308	288.95367,227.84795,2642.7002	263.8431,272.5301,2605.281	260.85413,368.53976,2473.8752	299.04352,273.68228,2725.5168	241.1592,445.81238,2598.6443	319.47275,362.37662,2588.994	263.8431,272.5301,2605.281	326.20413,442.77905,2563.8276	373.5481,206.66936,2546.6985	315.15787,202.95972,2331.6655	
305.72757,139.36148,2603.732	297.91898,185.67809,2620.19	270.73358,181.47968,2524.0103	266.263,227.5495,2436.583	297.91898,185.67809,2620.19	323.17923,189.57918,2716.3696	335.56415,234.06927,2744.2263	290.21207,231.61511,2643.499	265.0727,276.2885,2604.0308	264.1537,372.2479,2462.081	299.39908,277.18857,2729.5854	242.35876,447.03052,2599.3643	322.1121,365.08334,2583.2769	265.0727,276.2885,2604.0308	327.34775,444.21744,2566.5269	374.14468,215.33939,2548.071	325.20898,208.01224,2332.6523	
308.484,142.40723,2603.2886	299.6206,188.78055,2619.2065	272.88437,184.30463,2520.8638	270.93146,231.53082,2437.271	299.6206,188.78055,2619.2065	324.42178,192.9325,2717.5493	335.1702,237.78082,2755.5808	291.2055,234.60196,2641.745	265.6084,279.05917,2600.1191	268.76395,372.4881,2438.2732	299.44238,280.20938,2728.4482	240.31384,442.50363,2591.4927	323.34375,367.29294,2565.4678	265.6084,279.05917,2600.1191	326.71704,443.714,2562.1453	374.01047,222.4484,2558.4624	332.36917,212.55748,2343.4153	
310.547,144.3776,2604.068	300.989,190.59573,2618.9517	274.71396,185.8308,2518.5068	276.81757,234.23106,2438.116	300.989,190.59573,2618.9517	325.32306,195.00868,2719.3965	334.7687,240.5632,2760.7627	291.95248,236.31203,2640.4995	265.9788,280.56165,2596.5015	272.1613,371.75208,2429.5278	299.32468,281.97986,2727.5933	239.65738,438.71747,2592.0347	324.22354,368.72232,2559.0327	265.9788,280.56165,2596.5015	326.35077,441.86206,2562.7866	374.3163,229.07997,2559.5747	339.06152,215.13385,2348.2627	
312.32538,145.47292,2604.499	302.06375,191.20639,2616.9995	275.81677,185.65186,2517.07	280.84998,235.58447,2440.58	302.06375,191.20639,2616.9995	326.38,196.35233,2716.929	335.47784,241.63184,2767.8909	292.05945,236.79669,2636.0493	265.04974,280.4892,2589.8796	273.0949,370.95428,2424.478	298.52533,282.91678,2720.3186	237.78711,436.73734,2588.051	323.93988,369.951,2553.2805	265.04974,280.4892,2589.8796	325.48688,441.676,2558.066	375.92633,228.96,2567.999	342.96542,216.23291,2349.086	
314.9823,144.83421,2604.6995	303.50177,190.53703,2616.1562	277.4788,184.12465,2515.9878	281.55887,234.4733,2433.802	303.50177,190.53703,2616.1562	327.60544,196.47647,2716.3247	337.42322,241.64906,2766.436	292.3948,235.92795,2632.9365	264.33502,278.95148,2584.3398	274.42166,368.63727,2427.4937	297.6989,282.4501,2715.0938	237.79416,434.84094,2586.6235	323.7595,370.05496,2563.3896	264.33502,278.95148,2584.3398	325.57294,439.61984,2558.4297	378.28693,228.41127,2565.8582	344.7221,216.17131,2343.0327	
315.59567,143.86253,2595.3032	304.13766,189.70894,2612.4028	278.36728,183.96712,2510.247	282.0203,232.36626,2429.8865	304.13766,189.70894,2612.4028	327.96844,195.01862,2714.5586	339.1781,238.95442,2770.7417	293.1705,235.09607,2634.4094	265.52072,278.4163,2589.738	277.09183,367.53848,2441.42	298.4235,280.98172,2723.094	239.99701,433.01102,2601.8384	324.01703,368.9179,2590.4617	265.52072,278.4163,2589.738	327.3622,438.05676,2569.82	379.6726,224.40253,2573.1672	345.4564,213.45515,2344.909	
316.77347,142.27737,2590.6052	304.9416,188.16713,2608.6426	279.03693,182.27173,2507.138	281.71448,229.40248,2423.4504	304.9416,188.16713,2608.6426	328.90582,193.62093,2710.1472	341.33856,237.18927,2769.8767	293.61078,233.52264,2632.083	265.53992,276.65265,2589.2952	275.0665,364.28925,2443.5469	298.59573,279.43292,2721.7517	239.68335,432.0937,2596.8088	322.21973,368.1567,2597.159	265.53992,276.65265,2589.2952	326.80994,438.7726,2560.0796	380.24664,218.32434,2577.727	345.59985,208.22372,2342.218	
317.68094,140.17062,2596.2424	305.80237,185.86182,2610.5684	280.278,179.38788,2507.7935	282.04187,225.25368,2412.7117	305.80237,185.86182,2610.5684	329.39313,191.84532,2713.3433	343.73785,232.6786,2773.4363	294.1174,231.19139,2630.5068	265.83444,274.07352,2583.3677	274.8758,360.155,2450.0842	298.55396,277.51724,2717.523	239.96759,430.4372,2591.1558	321.31442,366.7753,2605.3208	265.83444,274.07352,2583.3677	326.55945,438.82507,2557.9526	382.49097,212.37509,2581.025	346.5707,202.27507,2335.539	
318.04218,137.94858,2599.0898	306.57028,184.12233,2613.1343	281.54663,177.9839,2507.883	281.24347,221.48846,2407.3787	306.57028,184.12233,2613.1343	329.6562,189.78542,2718.3855	346.3851,229.45113,2764.2358	295.25528,229.50798,2633.7324	267.67587,272.69598,2585.6265	276.6119,359.97037,2467.259	299.72638,275.60712,2723.0347	240.4921,429.7692,2604.974	320.2971,365.26678,2623.648	267.67587,272.69598,2585.6265	327.827,438.37778,2569.124	384.96997,204.9125,2585.0547	346.94186,197.69067,2329.3772	
318.6062,136.03961,2600.5583	308.1424,182.30237,2616.7175	283.6004,177.0885,2509.1492	279.52682,219.12451,2405.268	308.1424,182.30237,2616.7175	330.74634,187.10449,2724.286	347.8523,228.6462,2756.1692	297.93536,227.8439,2639.8188	271.84924,271.74664,2592.6853	278.80066,358.54004,2485.5305	303.1364,273.40027,2733.155	242.19675,430.1186,2608.2432	321.35403,363.2284,2637.2075	271.84924,271.74664,2592.6853	330.10434,437.77435,2572.4146	386.05048,198.88899,2591.8694	346.32556,193.13092,2333.6511	
319.4402,135.18109,2602.249	309.4952,181.35864,2619.2722	285.38464,176.66815,2509.8484	278.3985,217.44174,2402.1567	309.4952,181.35864,2619.2722	331.67203,185.67294,2728.696	349.00323,227.57529,2742.6042	299.74823,226.93163,2644.3022	274.45303,271.17462,2597.9263	271.1303,362.48376,2504.376	305.09534,272.10052,2740.7383	240.60226,437.47296,2615.1787	319.2981,362.3097,2639.88	274.45303,271.17462,2597.9263	328.46326,439.37512,2573.1797	387.4538,194.08362,2592.2773	346.49188,189.24216,2332.8137	
319.67593,133.67487,2602.589	310.2302,179.92342,2619.8308	286.58685,175.56851,2508.3967	278.2972,216.23012,2399.596	310.2302,179.92342,2619.8308	331.94427,183.92297,2731.265	350.17212,227.15988,2739.816	300.80377,225.55241,2645.8918	276.1485,270.07697,2599.2312	266.65726,363.49487,2511.8906	306.1572,270.49432,2744.6746	240.00447,441.1727,2612.3687	318.0799,360.83496,2637.615	276.1485,270.07697,2599.2312	327.80698,439.45673,2567.6865	388.40247,191.60931,2598.5222	346.9072,187.1318,2332.42	
320.4534,133.71695,2602.756	311.15335,179.93224,2622.4517	287.97342,176.07265,2509.2434	278.3649,215.98169,2398.3093	311.15335,179.93224,2622.4517	332.4148,183.4724,2735.66	348.82532,227.07426,2741.9214	302.01068,225.52621,2650.578	277.97388,270.29556,2604.8206	265.7834,364.6777,2515.3176	307.3363,270.03702,2752.5876	241.2998,442.768,2617.7048	318.19315,360.18616,2639.0532	277.97388,270.29556,2604.8206	328.03415,440.53818,2571.769	388.78403,193.6979,2598.4756	347.26868,186.94814,2326.9158	
321.32364,134.44098,2602.3286	312.0358,180.53952,2623.784	288.78406,176.89032,2510.987	277.9064,217.29112,2396.655	312.0358,180.53952,2623.784	333.37076,183.88791,2736.5808	348.53992,227.10632,2736.4648	302.9377,226.07661,2653.4346	278.93423,270.85635,2609.4858	265.3036,365.61893,2509.5518	308.3406,270.37146,2756.6846	240.20084,442.70258,2618.82	318.70844,360.0024,2624.4014	278.93423,270.85635,2609.4858	327.7244,441.32468,2568.513	389.1446,195.92584,2591.7222	347.81174,189.77771,2324.6262	
322.16397,136.96545,2602.1392	312.58936,182.8915,2622.313	288.83774,178.98378,2511.7551	272.48605,221.04037,2406.8572	312.58936,182.8915,2622.313	334.41925,186.48303,2732.8708	347.93573,227.55841,2737.7542	303.01953,228.32823,2652.0566	278.2158,272.78714,2609.6318	263.9128,367.72675,2492.5952	308.29858,272.7286,2753.9688	239.805,443.72186,2613.833	319.61227,362.02505,2607.5122	278.2158,272.78714,2609.6318	326.787,443.86713,2562.4736	390.0173,201.18692,2582.5718	341.8536,198.89645,2325.8428	
322.64517,138.46494,2602.0176	312.47482,184.45764,2622.4338	288.77515,180.42645,2511.6436	272.86652,223.72578,2410.4302	312.47482,184.45764,2622.4338	334.25317,188.16202,2733.224	348.06375,231.78009,2737.3738	302.46634,229.77141,2652.3945	277.2516,274.0238,2610.0613	263.6346,369.20398,2484.89	307.3014,274.11945,2754.6492	239.91702,444.8523,2610.4246	319.99506,362.98926,2599.9094	277.2516,274.0238,2610.0613	325.47714,442.33203,2566.2676	389.81296,207.57303,2574.3013	342.13016,204.38113,2322.372	
322.7578,140.6275,2593.4812	312.1763,186.79387,2618.2249	287.7549,182.85077,2510.4316	273.76978,227.01477,2417.7388	312.1763,186.79387,2618.2249	334.66635,190.42513,2726.018	346.91412,235.87793,2733.21	301.83932,231.97765,2651.2769	275.895,275.97934,2613.9553	265.36453,371.15027,2474.639	306.8084,276.11456,2754.7024	238.60558,444.80392,2607.0564	321.65408,364.05905,2585.8635	275.895,275.97934,2613.9553	326.22128,443.3385,2565.8254	389.55997,215.86316,2566.3103	343.8235,210.30243,2326.5977	
322.45544,143.1308,2579.7585	311.05685,189.35516,2609.0723	285.33932,185.20923,2507.2292	276.6081,231.63734,2421.4482	311.05685,189.35516,2609.0723	334.84207,193.1896,2710.9153	346.16495,238.97571,2728.665	300.1929,234.4082,2645.5957	272.96994,277.89868,2615.5676	267.61417,371.12817,2452.9336	305.47327,278.55356,2748.6707	237.00452,440.9661,2601.3103	322.50583,365.50073,2564.0652	272.96994,277.89868,2615.5676	325.46597,443.76324,2558.8584	389.05103,225.41182,2551.9058	346.35684,215.76086,2330.9856	
321.53128,145.17255,2564.828	309.98386,191.36362,2603.2551	283.50626,187.69394,2504.6113	275.9745,235.84438,2428.2104	309.98386,191.36362,2603.2551	334.52814,194.76535,2701.899	345.54163,240.64001,2740.3484	299.19678,236.2583,2645.4187	271.734,279.62674,2623.226	271.33627,372.30786,2447.184	304.96646,279.85648,2751.9385	238.04117,439.0221,2606.787	324.75415,365.85916,2562.3367	271.734,279.62674,2623.226	326.67398,442.468,2566.709	385.62448,234.66061,2548.12	346.73178,221.15573,2340.5737	
319.9507,147.53122,2565.8135	309.09128,193.6254,2603.8064	281.92798,190.1184,2508.797	273.50595,239.45903,2431.5557	309.09128,193.6254,2603.8064	334.3421,196.88548,2698.8157	341.77847,243.79692,2740.8254	298.9853,238.66843,2645.3816	271.781,282.2251,2624.9585	274.14838,374.67633,2432.551	305.8177,282.4058,2748.955	238.9155,439.7389,2598.1052	327.19418,367.52496,2547.9636	271.781,282.2251,2624.9585	328.2356,443.8703,2560.1794	383.4467,239.45454,2540.0745	343.85574,226.58789,2347.362	
318.6461,149.25203,2566.3472	307.77203,195.36708,2602.6938	279.95953,191.5492,2511.4263	271.24658,241.025,2435.2622	307.77203,195.36708,2602.6938	333.70004,198.92628,2693.962	340.85248,244.52528,2741.9128	297.7524,240.5045,2642.5254	270.2009,283.93524,2622.791	273.00708,373.0062,2424.7869	305.08514,284.65167,2741.9229	237.66028,438.07843,2592.034	325.7907,370.41858,2540.5957	270.2009,283.93524,2622.791	326.17606,442.94687,2557.5996	382.482,241.68492,2532.6943	341.71503,229.33514,2346.9258	
316.2178,148.35497,2566.0854	306.03442,194.79285,2600.9954	277.62207,191.09964,2512.9983	268.13455,240.74252,2443.593	306.03442,194.79285,2600.9954	332.5872,198.24435,2688.9924	343.9082,243.74529,2736.918	296.67398,240.13245,2640.3213	269.41656,283.78824,2622.226	273.92584,368.91486,2429.9114	304.99753,284.4795,2737.0684	238.77327,435.805,2589.308	326.14343,371.0831,2547.4265	269.41656,283.78824,2622.226	326.99948,439.76514,2559.4785	381.6658,238.7883,2521.1282	336.93918,230.93552,2338.7407	
314.46768,146.00055,2565.4775	304.61905,192.63708,2599.978	275.83054,188.81116,2514.114	267.0664,238.95427,2442.7815	304.61905,192.63708,2599.978	331.5669,196.21841,2685.842	345.28848,242.72554,2727.9485	295.56247,238.14473,2638.0078	268.3574,281.88202,2620.015	273.0,365.57547,2432.5764	304.41434,282.81622,2732.0603	238.14783,432.46182,2593.4207	324.05206,370.79114,2560.3357	268.3574,281.88202,2620.015	326.42786,437.91965,2558.1858	380.97067,233.90477,2509.7502	333.8471,227.53963,2332.2256	
311.77924,143.22563,2568.155	302.577,190.18678,2599.7896	273.28317,186.20581,2517.1943	263.70978,235.3447,2442.8564	302.577,190.18678,2599.7896	330.06677,193.92259,2682.3848	347.23584,238.30608,2724.4478	294.0103,235.91808,2635.421	266.93445,279.78903,2617.1433	271.363,363.618,2440.5457	303.66852,281.0442,2724.9612	237.5684,432.2337,2594.0527	322.40958,370.09882,2570.0334	266.93445,279.78903,2617.1433	325.91403,438.2199,2555.9998	380.17377,226.60678,2502.8713	329.07053,222.02858,2327.0408	
308.8806,140.18889,2576.976	300.78134,187.09323,2601.6487	271.06964,183.1989,2521.9521	257.55893,231.43248,2447.8845	300.78134,187.09323,2601.6487	328.7268,190.75604,2681.3452	347.21844,232.48273,2716.166	293.19897,233.12775,2633.4548	266.78607,277.42142,2613.2488	271.6462,360.91882,2444.3313	304.08124,278.68112,2717.2732	239.6137,429.83057,2600.944	321.82727,368.74255,2584.9343	266.78607,277.42142,2613.2488	327.43698,437.779,2555.4053	378.8632,217.03143,2494.225	319.95215,219.01054,2320.591	
306.53986,136.64844,2571.4158	299.45038,183.82643,2599.8586	269.4039,180.5833,2522.0503	252.5716,229.05434,2456.919	299.45038,183.82643,2599.8586	327.75064,186.88107,2677.667	347.51974,228.98375,2703.566	292.80948,229.98634,2634.5496	267.19806,274.67487,2618.456	271.1702,357.09708,2470.8794	304.7695,275.20786,2720.025	239.79144,428.97668,2608.2305	320.24445,365.78726,2602.769	267.19806,274.67487,2618.456	327.54593,436.6664,2566.3403	376.3988,207.81909,2484.103	310.58258,213.96376,2319.7888	
303.5732,133.63275,2569.0664	297.521,180.87402,2597.6958	266.78128,178.02194,2525.4912	247.38055,224.58719,2460.8757	297.521,180.87402,2597.6958	326.59808,183.57185,2669.9004	347.65515,223.86774,2688.1877	291.89056,227.24748,2632.535	266.8571,272.26157,2620.2178	264.01898,361.27933,2497.1636	305.27805,272.55237,2714.5303	238.24475,437.8172,2609.4062	318.49545,363.7699,2604.9546	266.8571,272.26157,2620.2178	327.3719,437.80444,2558.825	374.07898,198.35536,2471.5713	302.10895,208.70828,2318.7966	
300.99487,130.77176,2576.9468	295.9331,178.04283,2600.6475	264.93442,175.41159,2530.6663	244.43518,221.8886,2462.9138	295.9331,178.04283,2600.6475	325.3072,180.53616,2670.6287	348.17636,221.94937,2667.5476	291.25186,224.61609,2631.809	266.96594,270.04538,2617.3176	261.08737,362.45117,2511.0913	305.7299,270.15152,2708.6238	238.1609,441.87537,2607.113	316.49203,361.92822,2605.317	266.96594,270.04538,2617.3176	327.5236,438.39328,2559.3691	370.63113,188.50003,2462.0427	295.93127,201.35777,2318.0322	
298.5952,128.41356,2590.3777	294.5295,175.59724,2605.633	263.2534,172.98508,2538.808	240.5875,219.47498,2462.9116	294.5295,175.59724,2605.633	324.24152,178.07877,2672.458	348.761,220.03767,2646.7285	290.6194,222.30891,2631.2622	266.82675,268.00726,2613.2822	257.47922,361.84564,2529.2332	306.09805,268.22787,2700.5005	238.81398,445.29507,2597.7063	314.58456,360.54828,2606.5024	266.82675,268.00726,2613.2822	327.53915,439.51166,2556.506	366.97156,180.49919,2445.9678	289.18143,194.70097,2317.495	
296.05667,127.0028,2596.5757	292.9254,173.96173,2607.1682	261.2255,171.5243,2545.208	236.02768,217.72818,2467.898	292.9254,173.96173,2607.1682	323.15363,176.28598,2669.1284	348.1145,217.20369,2622.2998	289.74307,220.79315,2629.1213	266.33856,266.73685,2610.623	255.8135,361.41986,2534.956	306.27887,266.95776,2691.526	238.92984,445.72473,2600.378	313.09274,359.70752,2610.7505	266.33856,266.73685,2610.623	327.30225,440.3849,2555.3904	361.83752,173.2428,2432.7979	282.66205,191.60182,2317.6306	
293.51105,125.66302,2599.163	290.92532,172.61418,2607.7632	258.64816,170.40378,2554.1064	232.40163,216.66869,2474.8723	290.92532,172.61418,2607.7632	321.90103,174.73547,2661.42	347.3579,215.97733,2609.0786	288.29395,219.51952,2627.961	265.01578,265.54666,2613.0942	254.4382,360.53796,2542.6006	305.84897,265.86777,2683.2231	238.17432,445.11383,2606.1328	311.5577,358.96747,2609.7327	265.01578,265.54666,2613.0942	326.7542,440.93622,2554.4534	355.43256,168.715,2419.9548	276.90887,189.26044,2316.1262	
291.47296,125.31225,2602.483	289.4945,172.04675,2608.8467	256.81415,170.02032,2562.3247	230.74783,215.74033,2472.8816	289.4945,172.04675,2608.8467	321.02975,174.00215,2655.3687	347.0005,215.23357,2589.5	287.2661,218.99193,2626.96	264.1118,265.0809,2614.7056	254.67648,360.34003,2544.9304	305.54895,265.5026,2675.441	238.7165,445.78235,2601.6125	311.021,358.82355,2611.0166	264.1118,265.0809,2614.7056	327.5198,442.09354,2552.7097	351.81866,166.65439,2404.5479	272.5514,185.5163,2308.661	
288.9875,125.483734,2602.1497	287.45724,172.12714,2607.4922	254.41069,170.36197,2568.8232	231.3189,213.31253,2461.8904	287.45724,172.12714,2607.4922	319.53793,173.84071,2646.1611	345.8042,214.6505,2570.7185	285.57178,219.12071,2625.3813	262.50662,265.24762,2618.0254	253.6042,360.57913,2546.5007	304.51584,265.7044,2668.5156	238.28067,446.30902,2601.6123	310.10547,359.24283,2608.3794	262.50662,265.24762,2618.0254	326.23315,443.2857,2555.3545	346.16107,165.88216,2384.489	272.68484,180.01791,2301.1592	
286.79407,126.29567,2602.5012	285.25256,172.93692,2607.0415	251.97379,171.37512,2574.8418	230.7168,213.31314,2460.914	285.25256,172.93692,2607.0415	317.71933,174.46062,2639.2412	342.3567,214.94022,2552.3457	283.60623,219.94714,2624.8662	260.63153,266.07077,2621.6826	253.66162,361.49268,2535.6665	302.9959,266.57166,2663.6992	237.65979,445.13055,2609.1233	310.2306,360.23495,2599.35	260.63153,266.07077,2621.6826	325.57867,443.33832,2555.8755	339.95126,166.4447,2364.202	269.88074,178.57794,2289.9521	
284.33627,127.793465,2593.1868	282.6905,174.815,2602.8313	249.21783,173.47281,2579.4502	227.76772,217.22649,2488.9355	282.6905,174.815,2602.8313	315.56714,176.13329,2626.2124	338.17325,217.41866,2540.1692	281.1919,221.82945,2624.6985	258.2716,267.74887,2631.2961	253.21732,362.94635,2533.2732	300.9185,268.38147,2661.8352	237.32568,445.46387,2616.171	309.9176,362.0622,2586.6167	258.2716,267.74887,2631.2961	325.3464,444.66327,2556.4993	334.05008,169.5776,2346.645	262.83344,185.34303,2300.9546	
282.2269,130.01117,2571.5276	280.81738,177.54779,2595.719	247.1755,176.65079,2575.7537	227.40034,220.12115,2494.9155	280.81738,177.54779,2595.719	313.9457,178.43109,2615.6843	334.76965,219.93591,2522.1096	279.7841,224.40158,2627.7734	257.42264,270.01227,2646.812	254.78915,364.32434,2524.7847	299.92078,270.2388,2672.8438	238.77048,444.69897,2624.637	311.54767,363.26706,2587.855	257.42264,270.01227,2646.812	326.4169,443.54175,2566.7217	327.12317,175.268,2322.9678	256.94614,189.20557,2290.9905	
279.5042,132.30615,2560.67	278.69556,179.89963,2591.9436	245.02643,179.29439,2579.0515	223.70482,226.32967,2526.4065	278.69556,179.89963,2591.9436	312.03143,180.49887,2604.8357	331.67416,223.73274,2513.526	278.1618,226.67093,2628.8306	256.307,272.05652,2657.3015	254.7503,365.00507,2504.5776	298.8443,272.23856,2674.1335	238.71088,444.0147,2618.067	313.1625,364.44525,2560.296	256.307,272.05652,2657.3015	326.30746,444.73462,2556.1655	319.6589,185.0733,2301.9548	248.43335,198.69682,2308.944	
277.19135,135.04398,2546.7373	276.945,182.88997,2587.2524	243.307,182.55176,2580.9934	224.02841,228.06143,2526.6482	276.945,182.88997,2587.2524	310.42065,183.22653,2593.5115	328.51978,225.517,2508.2327	276.98434,229.48418,2630.167	255.79253,274.50922,2668.9966	258.09546,364.31198,2484.763	298.18747,274.6552,2677.1665	239.32968,440.22552,2617.4001	314.58646,366.2902,2548.9614	255.79253,274.50922,2668.9966	326.717,444.64694,2556.5273	312.77246,194.67104,2285.671	245.59937,204.27362,2293.69	
275.3068,137.91708,2547.3416	274.83057,185.74368,2586.5837	241.44765,185.0569,2588.9053	224.06454,230.60088,2524.3394	274.83057,185.74368,2586.5837	308.2735,186.4317,2584.2622	326.2997,230.04149,2517.654	274.69778,232.3404,2629.0469	253.45119,276.96933,2673.0264	257.47742,364.48294,2465.099	295.71124,277.94284,2669.9937	237.09256,439.02435,2607.2373	313.71527,369.3454,2528.1213	253.45119,276.96933,2673.0264	325.00977,446.45035,2544.624	305.19626,205.28024,2289.781	243.15482,210.10655,2279.4648	
272.5872,140.34471,2547.5735	272.74838,188.19218,2585.7505	239.58401,187.71368,2594.3484	223.22034,232.90225,2524.6184	272.74838,188.19218,2585.7505	306.13406,188.67386,2577.1526	323.70178,232.4224,2525.7913	273.09982,234.84767,2626.5464	252.44067,279.58026,2672.9512	259.59113,364.44067,2448.9268	294.52887,280.57388,2661.7334	238.49664,437.66034,2600.8135	316.02344,371.53528,2517.0046	252.44067,279.58026,2672.9512	326.37326,445.56592,2543.118	298.63028,213.0094,2290.2693	239.22833,217.02461,2271.611	
270.02747,141.0783,2539.688	271.1667,188.89618,2583.1948	238.25305,188.63329,2597.766	222.5403,234.88898,2535.2505	271.1667,188.89618,2583.1948	304.4537,189.16205,2568.6235	319.6983,233.67538,2517.8567	272.16092,235.4553,2627.0596	252.30316,279.99405,2680.4314	261.40546,361.28735,2452.0166	294.09055,280.97974,2661.4172	239.4614,434.29483,2604.6545	316.9879,371.84473,2522.1738	252.30316,279.99405,2680.4314	326.78238,442.43176,2552.9248	291.71408,217.50188,2292.7588	235.6191,220.5333,2276.2468	
267.47708,141.74893,2544.2292	269.30377,189.5711,2583.8735	236.63237,189.84637,2602.7175	221.85126,234.58821,2529.0857	269.30377,189.5711,2583.8735	302.4552,189.2918,2565.0295	318.57663,234.6499,2506.8738	271.10703,236.21506,2624.8987	252.12544,281.17633,2678.217	261.93256,361.9503,2440.594	293.77615,281.67282,2653.6306	239.38455,435.06064,2593.5774	317.3833,372.8905,2520.6145	252.12544,281.17633,2678.217	327.0994,443.0536,2544.8906	287.31427,218.57799,2291.0232	227.24597,222.2526,2264.1995	
265.10513,140.94275,2546.5227	267.6712,188.67581,2583.482	235.29417,189.32819,2606.929	221.97008,234.68568,2535.0046	267.6712,188.67581,2583.482	300.6413,188.0115,2560.035	317.078,233.95602,2488.397	270.06625,235.40883,2622.478	251.78856,280.66052,2676.774	261.82846,359.17487,2446.0088	293.23193,280.88547,2646.1743	239.05487,433.37567,2592.359	317.1313,372.53796,2527.7795	251.78856,280.66052,2676.774	326.91565,441.64667,2546.4282	282.64206,214.84955,2280.5935	227.3563,219.13231,2268.4863	
263.5597,139.49182,2547.1729	266.30658,187.26346,2581.6743	234.25345,188.2293,2609.8237	219.08667,232.24849,2540.9678	266.30658,187.26346,2581.6743	299.06638,186.27632,2553.525	316.19833,229.75311,2474.6655	269.1949,234.09584,2619.0088	251.55238,279.59256,2674.7136	262.26334,357.4437,2450.2048	292.73642,279.63132,2637.973	238.93198,432.41904,2590.8599	316.08368,371.84943,2532.6108	251.55238,279.59256,2674.7136	327.1265,441.2932,2546.2798	280.2785,208.90494,2278.0889	224.18503,215.46878,2277.2278	
261.83832,136.64285,2548.0168	265.08533,184.37665,2580.4875	233.17111,185.69469,2610.6013	215.69055,230.10416,2537.4744	265.08533,184.37665,2580.4875	297.7532,183.02748,2550.3738	316.45398,225.3971,2464.8184	268.38617,231.31541,2616.0059	251.20271,277.15582,2671.1697	262.21295,352.45898,2462.1216	292.29892,276.8351,2631.8787	238.9062,430.1993,2584.4302	314.58273,369.47968,2543.4187	251.20271,277.15582,2671.1697	327.34778,439.5395,2548.1807	278.8439,201.83325,2271.3142	222.481,209.29218,2275.073	
260.3711,133.79703,2556.9468	263.97348,181.3769,2581.2524	232.22314,183.23962,2613.0488	214.15521,229.03664,2564.25	263.97348,181.3769,2581.2524	296.5158,179.46771,2549.456	314.70862,222.16653,2461.373	267.68826,228.46352,2611.2085	250.92313,274.9495,2661.9133	257.66705,359.35776,2480.99	292.03738,274.0071,2620.4158	238.73239,439.43732,2588.6238	312.74323,367.31573,2546.2703	250.92313,274.9495,2661.9133	327.79758,440.11465,2543.693	278.4975,192.75113,2266.8318	219.8862,204.62885,2292.987	
259.54132,133.34366,2563.9023	263.27597,180.63934,2582.789	231.89209,182.81116,2618.4614	212.60626,227.47829,2572.1108	263.27597,180.63934,2582.789	295.53888,178.40668,2547.1167	314.51346,217.659,2450.6616	267.26584,227.7698,2609.4905	250.93602,274.52438,2659.4768	255.29703,363.74875,2501.4185	291.7745,273.35638,2612.907	238.95535,444.56293,2602.8052	311.41306,366.54874,2567.4336	250.93602,274.52438,2659.4768	327.73618,442.19678,2548.564	276.9157,183.78207,2263.0808	215.48682,199.37161,2290.2197	
258.1104,131.3223,2565.3787	262.20905,178.44563,2583.0237	231.20221,180.88353,2622.5706	209.4217,225.3117,2566.5347	262.20905,178.44563,2583.0237	294.1801,175.93192,2543.4768	314.52985,213.45236,2440.8115	266.529,225.59741,2608.7388	250.7302,272.49127,2660.266	253.20828,364.175,2523.4646	291.19556,271.15295,2608.6416	239.22252,447.19794,2606.3843	308.88245,364.47546,2579.5037	250.7302,272.49127,2660.266	327.83505,441.50586,2548.7827	274.37247,177.40904,2256.407	213.83737,192.89685,2289.1401	
257.05386,130.24548,2566.1257	261.52222,177.27301,2582.4973	230.76103,179.93024,2624.5532	210.21017,222.34201,2551.2568	261.52222,177.27301,2582.4973	293.30188,174.5278,2540.4414	314.41412,209.28853,2432.896	266.0931,224.4486,2607.2117	250.67432,271.48495,2659.3696	252.21262,364.3296,2527.3853	290.9015,269.97574,2604.4824	239.92181,448.61774,2602.3354	307.52417,363.43878,2584.1514	250.67432,271.48495,2659.3696	328.45908,443.0272,2548.385	274.10602,172.489,2248.9692	213.2388,186.95357,2279.097	
256.0168,129.15634,2567.5056	260.6745,176.21935,2582.101	230.03748,179.13089,2625.271	209.14645,219.21832,2538.6228	260.6745,176.21935,2582.101	292.35336,173.20879,2538.9312	313.75684,206.91809,2425.9421	265.5162,223.41039,2605.6514	250.41913,270.64142,2657.3716	251.77997,364.05103,2526.1267	290.55322,268.85147,2601.0317	239.51976,447.6855,2607.1262	306.68478,362.34818,2587.0488	250.41913,270.64142,2657.3716	328.4439,443.2006,2548.3374	272.71698,169.84302,2247.5312	211.90604,182.77065,2266.0413	
255.96408,128.54819,2568.6973	260.76068,175.66986,2581.9976	230.24115,178.72372,2626.3333	209.47624,218.7733,2531.3074	260.76068,175.66986,2581.9976	292.34662,172.50926,2537.6619	312.34106,206.37148,2417.468	265.7068,222.87798,2604.357	250.76477,270.23343,2655.6494	251.90366,363.92603,2523.442	290.81366,268.31018,2597.7832	240.95319,448.22003,2601.8809	306.56534,362.0886,2582.376	250.76477,270.23343,2655.6494	329.31772,444.1727,2547.1545	270.99158,167.6189,2242.9417	211.71533,180.01208,2265.845	
255.29405,128.43561,2566.7996	260.5151,175.55638,2581.025	229.9319,178.84425,2624.66	209.73592,220.02658,2527.1582	260.5151,175.55638,2581.025	292.15018,172.15544,2537.39	311.05673,207.25146,2419.2378	265.7912,222.75298,2603.2832	251.12675,270.26712,2654.019	252.59753,364.00845,2517.6377	291.2642,268.00705,2597.064	241.06564,447.24878,2604.9465	306.38452,362.09637,2577.2166	251.12675,270.26712,2654.019	329.48996,444.54926,2548.9868	269.51672,170.2856,2238.3877	210.78072,180.45183,2262.5908	
254.55273,129.1688,2566.3533	260.2556,176.45004,2580.8347	229.57568,180.007,2623.2432	210.58325,222.29382,2531.0881	260.2556,176.45004,2580.8347	291.96063,172.77425,2538.4263	310.67105,210.24347,2424.6226	265.84537,223.6253,2601.958	251.41312,271.36093,2650.7603	252.76015,365.09436,2506.6558	291.7022,268.69244,2595.4023	240.91026,447.1444,2604.5938	307.11777,363.2085,2562.1167	251.41312,271.36093,2650.7603	329.2759,446.08356,2546.6873	268.90436,175.49875,2238.094	211.42868,183.07333,2270.685	
254.22374,130.45383,2558.1213	260.08463,177.80794,2577.9468	229.27716,181.19298,2619.4985	211.587,223.49542,2544.0483	260.08463,177.80794,2577.9468	291.9015,174.312,2536.395	309.79327,214.53806,2434.3071	265.68646,224.97562,2601.978	251.22104,272.5058,2653.1274	251.97351,366.19696,2506.3862	291.56717,270.02863,2598.891	240.90613,448.01874,2606.7803	308.5345,364.49197,2550.9878	251.22104,272.5058,2653.1274	328.5059,445.74887,2552.1538	268.6684,181.9489,2236.8367	211.86087,187.61711,2269.1357	
253.75781,133.79211,2545.0098	260.06064,181.62729,2573.7827	228.82678,184.79301,2611.2915	212.04701,229.30588,2558.032	260.06064,181.62729,2573.7827	292.21838,178.36792,2536.274	308.3193,220.41367,2447.6504	265.8149,228.67668,2603.6675	251.30014,275.83167,2658.0413	254.52359,367.1754,2476.095	291.95502,273.46283,2609.0632	240.34825,444.72705,2605.008	310.3687,367.5432,2531.1272	251.30014,275.83167,2658.0413	329.01257,447.6261,2555.503	267.64923,196.17108,2239.5254	213.18228,197.83603,2277.972	
253.39111,135.62854,2546.9531	259.74942,183.49161,2574.353	228.36046,186.88565,2609.796	210.24948,231.94772,2556.528	259.74942,183.49161,2574.353	292.01474,180.00278,2538.9102	308.10965,226.8646,2460.8276	265.71555,230.53238,2602.7139	251.30807,277.92593,2654.2053	255.19109,368.55792,2455.79	292.15717,275.1679,2607.944	240.40047,444.93414,2595.4211	312.33252,368.82825,2501.9944	251.30807,277.92593,2654.2053	328.58618,446.04376,2545.5315	267.67633,208.30698,2251.6016	212.72104,206.92355,2272.303	
253.17221,138.85938,2547.4236	259.81876,186.70923,2574.7727	228.31319,190.36734,2608.5193	211.03369,234.26398,2547.7756	259.81876,186.70923,2574.7727	292.16116,182.95398,2541.0261	307.4684,229.87192,2476.9253	266.1844,233.665,2603.1055	252.09521,281.1855,2653.4622	259.62274,368.17053,2443.5596	293.07358,278.00714,2609.4143	240.33954,442.32452,2592.001	314.25662,371.6466,2497.9968	252.09521,281.1855,2653.4622	328.8195,446.50217,2548.7908	267.3136,218.85916,2263.488	213.37656,212.4118,2259.9807	
253.80342,140.97246,2549.6497	260.10632,188.64388,2575.1455	228.61087,192.19763,2609.145	212.02043,236.67172,2541.3838	260.10632,188.64388,2575.1455	292.44455,184.99503,2541.146	307.03397,231.94016,2484.9626	266.2564,235.63747,2601.9702	251.95029,283.1759,2650.9822	257.63913,372.48505,2445.308	292.95773,280.1425,2606.6077	238.42667,446.3867,2594.2217	314.80963,373.90057,2492.4036	251.95029,283.1759,2650.9822	327.83255,445.43506,2542.3425	266.88196,227.57678,2271.8347	214.68045,218.17636,2248.4863	
253.66629,141.7162,2548.7656	260.19656,189.29497,2575.81	228.72958,192.87459,2610.057	211.63055,251.08197,2542.378	260.19656,189.29497,2575.81	292.51157,185.61888,2541.5632	306.9531,233.55617,2492.485	266.51437,236.2089,2604.284	252.40279,283.62326,2655.108	261.10617,367.57,2440.518	293.33575,280.5669,2610.4077	239.43304,440.393,2594.25	316.14813,374.05676,2501.1328	252.40279,283.62326,2655.108	328.24603,443.0054,2549.8804	266.87488,231.81203,2279.4922	210.6335,248.53578,2268.1611	
254.23364,141.77834,2540.381	260.85062,189.33672,2573.4756	229.22223,192.82068,2606.3364	215.0217,237.3398,2566.8174	260.85062,189.33672,2573.4756	293.29715,185.76263,2540.6147	306.55655,234.59297,2495.2407	267.26746,236.15477,2606.1152	253.19836,283.29688,2660.2024	262.8546,363.72916,2438.7869	294.1859,280.30804,2617.3074	240.11322,436.48853,2593.0273	317.04938,373.52454,2506.1277	253.19836,283.29688,2660.2024	328.6876,442.05878,2553.938	267.39374,230.91606,2280.7468	215.08813,231.90088,2279.8284	
254.50354,140.42918,2536.13	261.1392,188.24287,2571.2092	229.32648,191.5935,2602.3333	213.26044,244.71248,2577.5032	261.1392,188.24287,2571.2092	293.73154,184.81012,2540.0852	306.44406,234.86488,2490.6133	267.35587,235.11365,2604.8535	252.99744,282.22247,2658.812	261.9077,359.70364,2436.4573	294.14737,279.33347,2618.1836	238.96506,434.29865,2581.6343	315.9287,372.8046,2512.6228	252.99744,282.22247,2658.812	327.74625,441.33676,2549.8896	267.68875,229.30191,2283.663	212.9964,237.69958,2299.475	
254.97397,138.77107,2534.5261	260.95737,186.80624,2570.6985	229.10669,189.65317,2601.8667	214.40051,241.05511,2594.3694	260.95737,186.80624,2570.6985	293.58984,183.88943,2539.5303	306.92554,231.50133,2480.3098	266.5023,233.74573,2605.3403	251.4856,280.56223,2660.326	260.05212,356.79837,2441.4446	292.6349,278.3272,2619.6384	238.48123,431.04376,2591.0715	312.9328,372.0667,2524.2659	251.4856,280.56223,2660.326	326.50436,441.41925,2551.4644	267.65366,224.59319,2277.0742	213.82793,232.60403,2322.5151	
255.29305,136.25626,2533.724	260.81723,184.34253,2570.1487	228.98251,186.91562,2601.83	215.26291,237.17221,2596.7244	260.81723,184.34253,2570.1487	293.4466,181.7052,2538.4673	308.07388,229.78844,2470.1614	265.94897,231.36806,2604.7998	250.54593,278.07993,2660.1277	260.25656,353.55606,2451.2642	291.66818,276.22327,2618.7742	239.20337,429.51245,2590.937	312.3381,369.74164,2540.093	250.54593,278.07993,2660.1277	326.89426,440.2519,2550.1335	267.53662,218.3285,2268.0466	214.49057,226.86624,2321.636	
255.15668,133.05283,2532.8223	260.61435,181.43336,2569.5508	228.87009,183.91617,2602.4836	215.64203,233.91133,2592.9219	260.61435,181.43336,2569.5508	293.1829,178.8861,2536.618	308.2945,225.29733,2463.586	265.60498,228.52467,2604.2058	250.1177,275.21335,2660.3545	256.59262,359.72928,2484.2656	291.1456,273.5312,2617.3672	239.25363,437.84805,2606.8638	311.67072,366.93332,2551.8972	250.1177,275.21335,2660.3545	327.36444,439.81195,2551.5898	268.06256,211.42065,2262.6533	214.83673,221.14566,2317.2366	
255.49304,131.04388,2532.864	260.75058,179.49997,2568.1501	229.09383,181.8552,2602.4343	216.64523,229.02083,2584.749	260.75058,179.49997,2568.1501	293.26398,177.08101,2533.866	308.99286,222.69504,2460.7983	265.57782,226.65047,2603.0698	249.98573,273.2737,2660.3657	254.26399,362.456,2506.7922	290.91595,271.81927,2615.6133	239.70963,443.49136,2607.2852	309.46075,365.13422,2572.8816	249.98573,273.2737,2660.3657	327.9015,441.05792,2551.7432	268.51978,204.44586,2260.851	216.39558,213.77173,2307.09	
255.82895,129.02702,2540.8694	261.37744,177.17015,2570.1602	229.71188,180.08142,2603.7627	214.05237,224.61742,2541.8828	261.37744,177.17015,2570.1602	293.88193,174.18173,2536.5576	311.68948,219.52559,2460.3875	266.65024,224.37029,2601.0469	251.43451,271.55597,2653.8667	254.4577,363.29065,2512.595	292.5063,269.35086,2610.0005	241.6763,446.54184,2598.2188	309.40594,362.98114,2576.6387	251.43451,271.55597,2653.8667	330.05298,441.2566,2547.632	269.91205,197.93347,2257.545	217.79312,201.06876,2274.648	
256.5285,127.79324,2553.8809	261.79385,175.4713,2574.1016	230.32617,178.68484,2609.3123	213.79315,222.16771,2533.9543	261.79385,175.4713,2574.1016	294.13434,172.16861,2538.8909	313.25763,217.70111,2458.6736	267.02994,222.73915,2598.468	251.82422,270.38373,2645.815	252.51404,363.849,2526.925	292.87286,267.85162,2599.854	241.00327,449.15747,2594.2236	307.44238,361.84653,2578.8862	251.82422,270.38373,2645.815	328.7405,443.03397,2544.454	272.68674,192.96288,2255.294	215.34572,196.66142,2259.872	
256.81595,125.56871,2552.3823	262.2436,173.2806,2573.1514	230.73373,176.45422,2608.17	213.5992,220.99226,2536.4785	262.2436,173.2806,2573.1514	294.62292,170.0194,2538.1328	314.39368,215.11499,2455.3306	267.367,220.61333,2597.4194	252.02704,268.30194,2644.5408	251.7126,362.46518,2545.2239	293.12225,265.81595,2598.8342	240.66983,448.9967,2598.3052	305.91077,359.3006,2596.9626	252.02704,268.30194,2644.5408	328.55643,442.06842,2553.2747	273.3581,188.59785,2258.1177	216.66956,191.0497,2264.2954	
258.04343,124.97736,2559.1365	263.0072,172.42844,2575.062	231.49677,175.53935,2610.0002	212.8418,221.37392,2546.2346	263.0072,172.42844,2575.062	295.3845,169.23193,2540.1238	314.3801,213.94298,2454.166	267.77515,219.81494,2595.9546	252.0513,267.64014,2639.6492	251.00812,362.32922,2550.8276	293.24146,265.2284,2594.0452	241.10815,450.48425,2588.893	304.90128,358.74088,2600.0876	252.0513,267.64014,2639.6492	328.50275,444.01575,2549.3596	274.41766,184.3895,2257.4668	216.12717,191.52863,2281.789	
258.7943,124.296875,2562.5208	263.57864,171.72365,2576.6782	232.16608,174.65393,2612.755	212.16858,220.31834,2536.1187	263.57864,171.72365,2576.6782	295.88333,168.71014,2540.6016	314.0237,213.25668,2455.0925	267.98126,219.1368,2596.38	251.94583,266.88937,2639.6282	250.50415,361.7157,2559.2524	293.0593,264.76312,2592.535	240.77808,450.41107,2590.2532	303.96222,358.17438,2604.5325	251.94583,266.88937,2639.6282	328.39005,444.1295,2552.5676	274.75146,182.33023,2255.9312	218.45789,186.86816,2284.5635	
259.63135,123.26939,2564.2004	264.04083,170.75189,2577.732	232.53067,173.47385,2612.743	212.4141,219.35886,2534.0503	264.04083,170.75189,2577.732	296.41873,167.95496,2542.721	314.1954,213.01242,2454.0408	268.03607,218.1994,2596.2861	251.53464,265.91705,2637.691	249.97122,360.89673,2556.3652	292.77502,264.01346,2591.9897	240.09941,449.1772,2592.689	303.8541,357.37927,2605.6228	251.53464,265.91705,2637.691	328.06314,443.93042,2551.4897	275.03308,181.33496,2257.3823	219.07031,184.09436,2289.0222	
