273.56903,130.04689,2666.5693	271.93442,175.70584,2654.7126	239.81662,173.78073,2625.4268	224.15247,225.83182,2585.4966	271.93442,175.70584,2654.7126	303.35135,177.58893,2683.9985	309.9409,226.54707,2701.5212	270.58136,221.7415,2638.5576	247.47615,267.74146,2602.7732	240.96483,362.2058,2597.8218	290.6241,268.93832,2642.032	223.62915,437.44458,2595.3123	302.03308,363.06302,2562.5818	247.47615,267.74146,2602.7732	316.9498,443.84668,2594.4102	308.45667,219.67305,2435.1323	239.79413,205.77763,2347.5889	
273.73596,130.52615,2672.731	272.12946,175.8797,2657.2075	240.01343,174.24023,2635.468	226.18631,227.42374,2579.2485	272.12946,175.8797,2657.2075	303.72424,177.49252,2678.947	309.73434,226.3423,2699.7603	270.75897,221.85654,2639.7244	247.58646,267.85278,2607.6616	238.63248,362.61948,2585.0212	290.9131,269.03357,2636.8208	220.77525,436.6267,2590.8647	300.42847,363.57086,2537.4507	247.58646,267.85278,2607.6616	313.70273,445.58853,2600.1538	308.35104,219.83258,2431.356	239.59927,205.90698,2343.342	
273.81622,131.45227,2665.2983	272.92657,177.0988,2654.1116	240.74632,175.93549,2634.7935	228.3404,228.06221,2563.5906	272.92657,177.0988,2654.1116	304.64178,178.24529,2673.4297	310.69055,227.16248,2692.8752	272.05655,223.22533,2640.1763	249.4455,269.5151,2613.3066	240.79004,364.72742,2571.162	292.6961,270.16443,2639.1753	222.77844,437.84534,2591.1228	302.80078,364.687,2535.2722	249.4455,269.5151,2613.3066	315.424,446.22314,2618.6436	308.69174,220.88684,2420.7222	241.10056,204.86499,2323.9558	
274.1076,131.5373,2661.5833	273.6182,177.38431,2652.9368	241.4256,176.60208,2636.7563	229.40442,226.8842,2548.7703	273.6182,177.38431,2652.9368	305.42047,178.15706,2669.1172	313.70813,227.72644,2675.928	273.1122,223.59195,2641.7417	250.89548,270.0495,2619.7092	239.92535,365.12842,2567.098	294.13022,270.3351,2641.384	222.48878,437.15173,2590.6665	303.27332,364.88132,2530.9197	250.89548,270.0495,2619.7092	315.5952,446.99707,2619.3079	309.77423,222.19167,2404.37	240.95523,204.22559,2297.6272	
273.9791,132.41287,2662.7444	273.60785,178.22366,2652.8337	241.42258,177.4762,2638.974	227.91716,226.4981,2538.8906	273.60785,178.22366,2652.8337	305.4586,178.96336,2666.6934	317.3723,226.99648,2657.4648	273.02975,224.4246,2640.6367	250.72263,270.8789,2619.1572	236.93295,365.8455,2559.767	294.017,271.2285,2637.7222	220.25978,437.44025,2583.5908	302.1907,365.98996,2520.8218	250.72263,270.8789,2619.1572	313.36362,448.43103,2614.0334	312.63803,223.18643,2383.9849	238.32535,204.32364,2281.8457	
273.96597,132.68744,2660.814	273.34363,178.52644,2651.7322	241.13275,177.68338,2637.4373	225.20074,224.85599,2538.9277	273.34363,178.52644,2651.7322	305.2091,179.36047,2666.027	321.84885,224.67561,2630.2285	272.64383,224.76045,2640.1084	250.20609,271.17426,2618.9102	234.34276,366.05267,2551.4814	293.51184,271.63083,2638.059	218.25641,438.2638,2590.324	300.96005,366.56808,2527.37	250.20609,271.17426,2618.9102	313.05164,448.87622,2621.0361	315.2202,221.31235,2362.4373	236.32309,202.80899,2276.6543	
274.68253,132.83835,2659.927	272.2859,178.71817,2650.779	240.15,176.889,2639.7063	222.49477,221.43954,2524.5503	272.2859,178.71817,2650.779	304.15445,180.5321,2661.8518	325.2643,221.91977,2595.675	269.98184,224.90685,2639.62	245.94836,270.51547,2621.0383	228.06592,364.82672,2561.738	289.2458,272.45447,2635.884	211.18423,436.64584,2599.921	295.5274,367.6682,2534.938	245.94836,270.51547,2621.0383	310.06427,450.11163,2623.664	319.07498,212.92888,2333.7898	234.14803,201.47095,2257.575	
274.78223,132.47745,2668.4304	271.12262,177.7862,2653.3782	239.05876,175.21558,2642.6921	214.33252,220.31633,2565.2424	271.12262,177.7862,2653.3782	302.92926,180.3362,2664.0642	328.83118,219.63943,2566.3762	267.70804,223.7642,2637.4238	242.52292,268.8146,2614.3118	224.17853,363.23444,2558.514	285.8625,271.781,2628.6272	206.6312,435.652,2601.0986	295.2376,366.89676,2540.9177	242.52292,268.8146,2614.3118	310.7565,451.00897,2613.6584	321.14545,202.57156,2309.2773	227.60901,202.75323,2304.841	
275.99487,131.49084,2663.7703	270.60815,176.93262,2651.087	238.70139,173.35957,2644.3315	208.54953,215.30371,2572.2346	270.60815,176.93262,2651.087	302.35272,180.4875,2657.8423	331.02316,213.65569,2543.763	265.51724,222.8144,2636.339	238.74054,266.95203,2617.063	219.90189,360.9172,2570.0996	281.923,271.465,2626.1196	200.05136,433.71014,2622.1401	293.49402,366.1792,2558.707	238.74054,266.95203,2617.063	310.2428,452.30258,2605.7778	324.55893,187.2018,2297.3987	221.41855,199.35878,2315.2773	
276.09116,131.75275,2671.8276	269.39093,176.54822,2653.692	237.595,172.01062,2645.6545	204.1378,208.9671,2554.048	269.39093,176.54822,2653.692	300.99484,181.05841,2661.7292	332.04507,207.4884,2527.3845	262.9367,222.13795,2635.0737	234.78421,265.4862,2611.072	214.23691,359.29706,2565.6565	277.9083,271.25494,2621.839	192.81119,433.96173,2632.619	290.4581,365.9649,2561.2969	234.78421,265.4862,2611.072	309.98923,452.29453,2601.137	327.4794,170.62471,2302.3926	219.5326,192.60504,2301.2917	
275.71542,132.06201,2674.6824	266.63245,175.86948,2652.792	235.37898,170.06033,2653.7244	197.30176,205.94376,2576.7654	266.63245,175.86948,2652.792	297.90787,181.68271,2651.8596	331.89435,199.40506,2507.0862	257.6248,220.89531,2629.5186	227.39255,262.7878,2606.8625	204.01028,355.73346,2571.8984	269.52997,270.66464,2605.6277	182.8057,433.80902,2650.6707	284.5617,365.46313,2561.6836	227.39255,262.7878,2606.8625	307.64175,452.9982,2579.3777	330.05536,152.92377,2309.995	213.67691,188.23546,2330.3872	
274.56476,133.72287,2676.9114	263.2159,176.90219,2651.052	232.30524,169.86816,2655.0667	190.65323,200.5434,2593.412	263.2159,176.90219,2651.052	294.22037,183.95755,2647.0374	331.62927,190.38559,2493.6597	252.1064,221.46646,2625.2593	219.82343,262.0494,2602.1365	197.50705,354.9076,2580.0486	261.7725,271.79074,2596.7966	176.1074,435.9336,2659.3376	280.3148,365.0843,2581.422	219.82343,262.0494,2602.1365	308.07047,452.918,2566.4026	331.76495,137.46547,2324.9092	205.49884,183.91617,2346.9834	
273.60043,135.13245,2688.0703	259.5489,176.77399,2654.2202	229.30206,168.24408,2662.5784	183.17346,193.1788,2600.1897	259.5489,176.77399,2654.2202	289.9868,185.35777,2645.862	327.7677,182.77582,2489.1047	245.66049,220.27193,2621.3467	210.81137,258.85706,2594.0374	189.08794,351.46762,2588.015	252.11617,270.9183,2582.909	170.3735,433.6651,2663.6653	274.3667,363.95166,2574.0417	210.81137,258.85706,2594.0374	307.80316,450.5097,2553.4563	332.72284,125.27371,2352.2175	198.82677,181.33043,2361.4077	
271.79553,137.3807,2692.5662	255.57516,177.81235,2652.9817	225.86848,167.97678,2663.9338	179.58855,187.9516,2608.0532	255.57516,177.81235,2652.9817	285.52814,187.72946,2642.0295	324.22894,174.72546,2484.6836	239.34628,220.45049,2615.544	202.30768,257.31766,2585.4167	182.80411,350.07034,2590.9402	243.10017,271.3761,2570.7957	168.23677,435.13275,2668.0093	269.40997,362.66895,2582.646	202.30768,257.31766,2585.4167	306.4231,448.76892,2538.0833	333.04535,114.63964,2386.6504	192.95084,178.0194,2362.742	
269.26166,140.43259,2685.332	251.24774,180.1961,2647.4575	222.0469,169.38142,2661.8672	172.2662,183.85767,2603.6006	251.24774,180.1961,2647.4575	280.7682,191.12915,2633.0479	319.79745,167.4223,2485.9102	233.23918,222.41475,2611.249	194.75446,258.05524,2584.6743	177.56725,350.62558,2601.1597	234.84387,273.64447,2565.4067	168.28857,437.33966,2681.4604	265.08057,363.33322,2588.561	194.75446,258.05524,2584.6743	304.2842,448.67407,2538.081	333.33685,105.824814,2417.9917	188.24963,175.03403,2363.498	
266.19464,143.17102,2681.7214	246.23141,182.30423,2645.9685	217.72827,170.37929,2663.7434	164.93913,179.96072,2612.4001	246.23141,182.30423,2645.9685	275.1201,194.39047,2628.1936	314.364,162.99301,2495.006	226.34259,223.91423,2612.6926	186.5118,258.00485,2591.3154	172.47511,350.61176,2611.9915	225.54951,275.27042,2567.518	167.47311,436.13168,2693.1667	258.65784,363.31427,2601.718	186.5118,258.00485,2591.3154	300.0306,446.31042,2533.7798	331.4679,102.37302,2454.9888	183.66528,174.28897,2378.223	
262.65448,146.20616,2689.8474	241.6727,184.36293,2647.7961	213.50403,171.90396,2666.6409	159.21545,175.90536,2611.6755	241.6727,184.36293,2647.7961	270.24518,197.0005,2628.9514	309.37744,160.75305,2505.541	220.66792,225.3901,2610.4119	179.82271,258.60617,2585.6365	169.3665,352.37192,2597.4165	218.47226,276.70145,2560.4187	168.60115,437.23782,2682.0251	254.7258,363.294,2604.0835	179.82271,258.60617,2585.6365	298.3418,447.71466,2521.6426	328.67694,101.40674,2486.352	178.74805,172.63358,2378.284	
258.94925,149.3323,2683.9314	237.01039,186.78157,2645.881	209.3488,173.60052,2666.8157	155.4175,173.37988,2617.3967	237.01039,186.78157,2645.881	265.1132,200.17285,2624.9465	304.52924,158.99396,2515.7686	214.90509,227.49368,2612.6343	173.42299,259.7324,2593.407	165.09155,353.2335,2609.69	211.24246,278.8823,2565.368	169.22871,436.9675,2699.5837	248.12836,364.05066,2624.4192	173.42299,259.7324,2593.407	290.86243,446.66614,2537.8457	326.2432,100.57605,2515.0	172.48528,172.41748,2387.044	
256.05707,150.4033,2680.9507	233.17874,187.40567,2645.6233	205.89243,173.66315,2667.506	149.79245,172.97388,2623.717	233.17874,187.40567,2645.6233	260.9202,201.37743,2623.7405	301.4496,158.08804,2523.3782	210.24213,227.79152,2614.6873	168.25938,259.23584,2598.4053	161.94229,353.0739,2608.6804	205.46413,279.16614,2569.0972	170.62212,436.20197,2702.8992	244.53113,363.93536,2619.2642	168.25938,259.23584,2598.4053	286.08444,445.2068,2540.626	322.96335,100.32323,2540.5266	168.66876,172.55637,2395.1262	
253.37453,151.66376,2679.4434	229.9136,188.59575,2645.482	202.73732,174.4806,2666.3894	146.79893,173.05618,2612.35	229.9136,188.59575,2645.482	257.5229,202.93578,2624.5745	297.35754,158.20593,2534.1768	206.57349,228.84364,2615.8066	164.28806,259.88287,2600.1333	160.15672,353.7855,2610.8823	201.30783,280.25787,2572.1294	171.37756,436.5865,2699.177	241.0232,365.07562,2616.02	164.28806,259.88287,2600.1333	280.4258,445.4931,2542.9695	321.14233,102.50313,2562.4011	166.57709,173.62888,2380.946	
250.84016,151.59271,2669.6877	226.06677,188.60535,2643.72	199.49934,173.44662,2664.7969	142.53719,173.04921,2626.234	226.06677,188.60535,2643.72	253.06125,204.00769,2622.643	293.90298,160.92645,2556.0054	201.53403,228.26158,2620.6372	158.67946,257.83237,2611.669	155.89484,350.81842,2633.1748	194.64647,279.5308,2583.44	169.48024,433.52252,2707.2705	234.26572,363.96625,2629.165	158.67946,257.83237,2611.669	270.02118,441.78394,2556.2197	316.24332,104.64522,2574.1846	161.15523,175.09845,2395.4155	
246.51456,151.37607,2664.2148	221.0274,188.1283,2645.41	194.62015,171.95029,2660.782	139.88542,173.07098,2635.0562	221.0274,188.1283,2645.41	247.74335,204.4954,2630.0378	289.53793,162.4029,2571.3555	195.69212,227.29745,2627.0107	152.22064,255.69395,2618.9128	152.44519,348.3294,2643.8706	187.91924,278.43414,2598.3103	168.8621,434.84998,2706.6675	226.69928,362.6932,2644.8223	152.22064,255.69395,2618.9128	259.4447,441.15665,2566.793	313.05814,106.501785,2587.2148	155.75394,177.30856,2404.6301	
243.75162,150.83847,2671.5627	218.04465,187.28027,2650.1414	191.54486,170.68741,2660.6128	136.63042,172.60213,2624.0024	218.04465,187.28027,2650.1414	244.75464,204.00478,2639.67	286.8712,162.64264,2581.1514	192.42044,226.20802,2631.3047	148.54086,254.20145,2619.4802	152.94923,346.3839,2651.3489	184.40886,277.2547,2605.4558	170.52176,435.1677,2697.918	224.5517,360.7255,2651.1914	148.54086,254.20145,2619.4802	254.24661,441.3619,2566.676	309.8144,106.29643,2600.9644	154.83562,179.55984,2401.6333	
240.65689,150.0957,2674.2446	214.70181,186.33629,2653.0845	188.20699,169.42142,2660.6753	135.21631,173.20456,2616.9868	214.70181,186.33629,2653.0845	241.3487,203.3482,2645.4937	283.21057,162.33255,2586.5588	188.82735,225.06398,2634.9072	144.69199,252.68542,2621.8123	150.7103,344.2339,2663.579	180.56447,276.01938,2611.6477	170.77478,435.58002,2706.5293	218.49207,359.99207,2661.7388	144.69199,252.68542,2621.8123	246.90776,440.32233,2573.9875	306.8248,106.38339,2602.058	155.19386,181.24905,2399.0781	
237.74042,149.30846,2675.5999	211.75897,185.61075,2655.7268	185.18161,168.67786,2661.7476	131.594,170.8677,2621.9878	211.75897,185.61075,2655.7268	238.45709,202.6206,2649.706	280.7538,162.69653,2584.282	186.01738,224.37724,2638.8796	141.98581,252.0293,2626.0642	150.95119,342.95013,2673.8223	177.95953,275.29028,2618.0007	170.94522,435.32156,2706.8655	214.40616,359.4546,2671.8132	141.98581,252.0293,2626.0642	242.29643,439.8542,2581.2673	305.2515,106.75821,2595.5317	152.09142,181.24745,2407.4023	
235.1438,147.93854,2666.7727	209.23457,184.94601,2654.9626	182.73169,167.97656,2661.7903	130.29338,171.98117,2635.996	209.23457,184.94601,2654.9626	235.87415,202.00298,2648.135	278.4394,163.03456,2584.6343	183.67883,223.78214,2643.8257	140.08022,251.34042,2637.2617	151.59293,341.57336,2687.3809	175.79555,274.59363,2628.1157	171.03886,434.40997,2710.5027	210.92804,359.15582,2678.1125	140.08022,251.34042,2637.2617	237.6483,439.20032,2589.5767	303.89392,107.29636,2594.8896	149.1477,181.38115,2422.2502	
232.85303,147.16179,2652.8574	207.15845,184.73785,2653.2246	180.8008,167.70032,2661.5393	129.51003,173.28696,2638.0134	207.15845,184.73785,2653.2246	233.68181,201.8825,2644.91	276.8983,163.21051,2581.3054	181.98032,223.6304,2651.5474	139.17902,250.9696,2655.44	151.62306,340.77203,2701.2283	174.43573,274.2236,2644.3003	171.35294,433.96545,2716.8357	208.38153,359.2733,2682.1243	139.17902,250.9696,2655.44	234.55038,438.58945,2596.4148	303.1616,107.68977,2588.441	147.71826,181.65265,2425.9617	
230.22237,147.10556,2655.9072	204.9602,184.92227,2656.067	178.37761,168.24709,2663.8962	126.78311,173.98627,2637.0093	204.9602,184.92227,2656.067	231.69998,201.69606,2648.2375	275.10754,163.2162,2573.1592	180.3234,224.12883,2654.4126	137.90504,252.03337,2658.0034	151.08037,342.3055,2690.1323	173.47704,274.78018,2647.5132	170.87117,436.82355,2700.9	206.99854,360.69318,2664.5967	137.90504,252.03337,2658.0034	232.74133,439.89963,2581.8174	302.75174,107.73125,2576.611	147.40094,184.50041,2431.867	
227.78569,145.60449,2657.428	203.30566,183.88109,2658.4958	176.48138,167.62317,2666.014	124.4747,176.45865,2638.4998	203.30566,183.88109,2658.4958	230.28207,200.23122,2650.9778	272.64948,163.39166,2563.5881	179.34386,223.4402,2657.8438	137.46442,251.96149,2662.2283	151.95154,341.90363,2695.5007	173.3442,274.11798,2652.155	171.18538,436.36224,2701.8875	206.87665,360.06534,2665.594	137.46442,251.96149,2662.2283	232.21065,438.52127,2582.9407	301.64648,108.155914,2561.7993	146.61356,187.23164,2432.32	
223.10281,144.51099,2657.6716	200.05942,183.71024,2659.8591	172.76991,168.4252,2668.0278	124.31677,179.89687,2649.7085	200.05942,183.71024,2659.8591	227.51706,199.08943,2651.6904	269.97263,163.61731,2548.3027	177.59315,224.04643,2660.9585	136.94301,253.93687,2667.5332	151.6402,343.75186,2699.058	173.42291,274.8047,2656.5825	171.19653,439.08252,2703.13	206.48602,360.9063,2666.9932	136.94301,253.93687,2667.5332	232.25041,439.7212,2580.5796	298.20245,107.794846,2543.0632	145.57094,188.85089,2439.8352	
219.43701,143.33884,2666.7551	197.52359,182.89937,2663.7559	170.06949,168.55841,2675.0735	123.15605,183.39636,2658.3137	197.52359,182.89937,2663.7559	225.21198,197.3627,2652.4382	267.2809,163.94894,2536.5623	176.08272,223.77428,2662.0215	136.28801,254.83348,2667.8716	152.00822,344.71008,2694.0479	173.04456,274.62793,2652.7026	170.85735,438.23492,2702.2532	206.2486,360.93216,2660.4155	136.28801,254.83348,2667.8716	232.47955,439.971,2572.2266	294.97354,107.494125,2522.715	144.54791,191.8206,2442.2312	
216.21964,142.21774,2662.3206	195.12535,182.2312,2664.4995	167.67638,168.3547,2678.349	121.71286,185.84738,2659.6118	195.12535,182.2312,2664.4995	222.86118,196.25269,2650.65	263.8857,163.41931,2530.2705	174.48672,223.43507,2666.37	135.62982,254.99902,2677.5168	151.97516,344.2622,2708.2034	172.25154,274.23022,2658.9646	170.98895,436.79123,2712.6848	205.72498,360.0593,2671.0396	135.62982,254.99902,2677.5168	231.75299,438.57812,2582.8625	292.1305,107.1169,2510.6553	142.87492,193.90515,2443.8848	
213.48616,140.98715,2669.6309	193.02716,181.21826,2668.1538	165.39998,167.99722,2682.9385	120.17766,188.99605,2653.8027	193.02716,181.21826,2668.1538	220.96219,194.58661,2653.3691	261.6589,163.68484,2529.613	173.17113,222.7782,2668.355	134.92763,255.15352,2678.4597	152.47922,344.3746,2704.4275	171.84555,273.5786,2658.6526	170.04645,435.3452,2699.4753	206.43544,359.12326,2666.426	134.92763,255.15352,2678.4597	232.24374,438.8418,2573.031	287.577,106.41089,2491.4517	141.80775,195.06914,2443.5562	
210.76158,139.4824,2673.749	191.41904,180.21683,2670.8796	163.67981,167.87582,2688.168	119.403946,192.42148,2650.8533	191.41904,180.21683,2670.8796	219.5197,192.71864,2653.5913	258.84247,162.65466,2524.7573	172.66147,222.24104,2670.4517	135.4271,255.62592,2681.6082	153.82951,344.36685,2712.8171	172.52965,273.00693,2658.4392	170.59538,434.1089,2697.4336	207.639,358.37088,2665.927	135.4271,255.62592,2681.6082	233.14453,439.05945,2571.9648	282.31738,104.0708,2476.6553	141.47775,195.47337,2444.578	
207.07031,139.0877,2675.8271	189.13191,180.43607,2672.924	161.14168,169.07962,2691.4714	118.45268,194.20734,2653.386	189.13191,180.43607,2672.924	217.5133,191.95125,2654.3767	255.53067,161.15884,2523.8594	171.76987,223.00508,2672.6404	135.7636,257.56073,2684.7842	153.73795,346.2129,2717.0269	173.21889,273.68045,2659.9292	169.82555,434.85785,2693.8706	207.02739,359.59393,2664.4058	135.7636,257.56073,2684.7842	233.11684,440.30603,2573.1245	278.3886,102.33304,2462.263	141.11288,195.43918,2447.6343	
204.17532,137.27254,2686.3335	187.37312,178.80426,2679.7375	159.33162,168.54138,2700.933	117.47432,196.99811,2665.1604	187.37312,178.80426,2679.7375	215.86176,189.23077,2658.542	253.63458,161.20804,2523.341	171.17105,221.73543,2675.9854	136.20332,257.41846,2686.436	154.74602,345.96072,2717.6704	173.84367,272.23465,2658.0303	169.64919,432.92926,2692.5227	206.90123,358.65082,2657.7673	136.20332,257.41846,2686.436	232.8925,438.35846,2572.4548	272.2515,100.77699,2448.6067	140.14246,196.6189,2454.4607	
200.07591,135.09846,2702.62	184.97961,177.01003,2687.8545	156.6526,168.19766,2709.7996	117.732254,199.74182,2675.1296	184.97961,177.01003,2687.8545	213.77298,185.96748,2665.9094	248.9086,159.71857,2518.5552	170.30576,220.31429,2677.5034	136.49478,257.5095,2681.8618	155.23694,345.9539,2717.8481	174.75224,270.47128,2652.4429	169.60056,433.51257,2687.4424	206.7427,357.36438,2656.3782	136.49478,257.5095,2681.8618	232.70183,438.1134,2566.629	262.63297,98.220764,2435.5173	138.59508,197.0234,2462.5745	
196.44131,133.75458,2700.192	182.86272,176.46204,2689.169	154.56575,168.87427,2714.5098	119.4908,201.67137,2688.918	182.86272,176.46204,2689.169	211.69803,184.19415,2663.8281	246.47403,159.34557,2517.2256	169.96933,220.29231,2681.2075	138.03185,258.69897,2690.2249	156.33914,346.5426,2733.7554	176.20891,270.14102,2656.2673	170.60526,434.16113,2699.4653	206.5458,357.18195,2668.191	138.03185,258.69897,2690.2249	232.84972,439.31787,2573.904	254.18541,96.49742,2431.0083	137.50302,196.79172,2471.649	
193.31714,132.74426,2698.529	180.99405,175.94432,2690.929	152.76242,169.14699,2718.5867	119.74924,203.10501,2691.899	180.99405,175.94432,2690.929	209.81204,182.88284,2663.2712	243.15952,156.15402,2515.5874	169.22505,220.07405,2684.1343	138.49483,259.22998,2695.8596	155.84233,347.24475,2735.3838	176.56114,269.698,2658.8196	170.03766,433.46393,2697.7517	204.97997,357.34735,2668.9514	138.49483,259.22998,2695.8596	231.6583,439.57574,2572.725	246.3764,92.83876,2422.573	135.49588,197.306,2471.342	
190.71132,131.75218,2708.228	179.52582,174.99457,2696.6406	151.199,169.23242,2724.9363	120.94133,204.37741,2703.458	179.52582,174.99457,2696.6406	208.4534,180.87894,2668.345	238.82874,153.94563,2510.248	168.89484,219.28674,2686.1128	139.14082,259.3984,2694.5396	155.75598,347.71994,2731.1477	177.49121,268.52115,2656.6304	170.54803,433.65857,2691.2593	204.98131,356.67743,2663.3918	139.14082,259.3984,2694.5396	231.88779,438.91617,2565.4612	237.9743,90.27661,2412.6672	133.57472,198.49266,2471.8103	
188.68265,130.8416,2712.5886	178.26234,174.36963,2700.6685	149.83289,169.16176,2728.6692	119.51755,205.05307,2687.7358	178.26234,174.36963,2700.6685	207.2875,179.68661,2672.6677	235.28316,152.15005,2507.623	168.33809,218.75368,2688.7603	139.19272,259.38214,2695.6028	155.00444,347.50793,2737.7468	177.72827,267.74167,2658.1013	170.38527,434.43738,2692.3928	203.65582,356.0635,2671.284	139.19272,259.38214,2695.6028	230.49374,439.6194,2569.7942	230.79997,87.52428,2409.1416	133.5422,197.42186,2454.4233	
186.68051,130.31827,2714.76	177.09514,173.95906,2704.506	148.59914,169.176,2732.222	119.255585,207.58875,2710.3618	177.09514,173.95906,2704.506	206.18124,178.84117,2676.7903	231.21869,151.02985,2503.319	167.8897,218.43875,2693.361	139.42732,259.43335,2700.7788	155.46611,347.4142,2741.9204	178.05551,267.19653,2663.6533	170.4121,433.19946,2697.333	203.12039,355.65857,2674.8193	139.42732,259.43335,2700.7788	230.03963,440.36496,2576.215	223.10007,87.269714,2403.0793	131.8223,198.71976,2470.946	
184.95718,129.6478,2726.3926	176.06128,173.16153,2711.1602	147.32372,168.92578,2736.6965	118.74602,208.83499,2720.729	176.06128,173.16153,2711.1602	205.34534,177.47784,2685.6238	227.963,151.31602,2499.1658	167.43633,217.58217,2695.995	139.29343,259.06012,2697.9392	155.0385,347.45093,2733.6582	178.38362,265.99487,2663.721	169.73042,432.5553,2691.2324	202.69318,354.58395,2677.2341	139.29343,259.06012,2697.9392	228.65515,439.50473,2573.9043	214.14865,87.53093,2408.8245	130.27284,199.63025,2486.2139	
182.52957,128.8862,2732.0845	174.65117,172.20413,2715.917	146.26463,168.89067,2745.2593	118.32201,208.15834,2742.3062	174.65117,172.20413,2715.917	203.65775,175.58997,2686.5747	223.25943,150.82901,2495.5076	166.93109,216.65773,2698.8599	139.89244,258.76877,2701.4685	155.86847,346.8824,2739.9167	178.6172,264.62784,2662.137	170.06752,432.32346,2696.5562	201.06113,353.49045,2681.5703	139.89244,258.76877,2701.4685	225.59778,439.60233,2579.7893	200.93134,90.00484,2403.0305	128.17644,199.92703,2503.29	
180.28578,127.74097,2736.967	173.3042,171.10394,2720.8142	145.1027,168.55069,2752.0977	118.20683,207.78688,2758.6223	173.3042,171.10394,2720.8142	202.16177,173.7166,2689.5308	216.38513,150.33702,2493.2192	166.44669,215.57224,2702.6055	140.38585,258.21036,2705.352	155.48177,346.6253,2737.5244	178.90712,263.1155,2663.4414	169.84682,432.71225,2700.9766	199.20398,352.1195,2689.4858	140.38585,258.21036,2705.352	222.74214,439.89673,2585.0444	188.0273,91.50664,2405.1514	125.75218,200.60565,2514.1135	
0.0,0.0,0.0	169.31142,179.09204,2718.2515	141.40799,178.88461,2752.7256	119.01251,210.98177,2751.4822	169.31142,179.09204,2718.2515	197.9317,179.3048,2683.7773	209.1594,150.23645,2489.9595	165.86646,223.84906,2699.88	143.6475,268.31982,2704.3088	156.37428,351.5272,2738.2322	181.42224,270.1343,2658.7078	169.18135,438.5102,2691.9707	198.85452,357.09702,2681.2483	143.6475,268.31982,2704.3088	220.96191,446.695,2583.27	175.92885,93.39122,2403.852	123.924774,199.67606,2503.0212	
0.0,0.0,0.0	167.50133,182.9259,2714.5447	139.8378,183.45764,2751.6648	117.3378,211.76047,2718.1453	167.50133,182.9259,2714.5447	195.93192,182.37943,2677.4246	203.91042,152.14423,2487.9673	165.46774,227.94221,2699.6626	144.76277,272.99182,2709.4697	155.6542,358.9804,2740.7043	182.4066,273.932,2660.0913	165.52681,434.66498,2695.0537	198.13849,362.88437,2675.625	144.76277,272.99182,2709.4697	215.85457,443.53778,2595.9785	166.3795,97.02823,2415.4167	123.144226,197.43854,2469.2598	
0.0,0.0,0.0	166.63579,183.13696,2715.9587	139.17433,183.91818,2754.805	117.54912,213.30391,2710.0576	166.63579,183.13696,2715.9587	194.8942,182.33307,2677.1125	198.44527,154.11082,2485.975	165.05345,228.21043,2702.4912	144.88661,273.39923,2714.9526	152.55547,360.18954,2755.3257	182.38551,274.07806,2663.0947	163.20175,432.48065,2691.424	197.82458,363.3272,2686.346	144.88661,273.39923,2714.9526	211.20544,439.06476,2602.9148	157.07898,102.66025,2427.6357	121.5737,195.30212,2467.19	
0.0,0.0,0.0	166.05357,183.02586,2715.7778	139.05556,184.01126,2758.319	116.32294,214.09605,2740.501	166.05357,183.02586,2715.7778	193.91086,182.0091,2673.2366	191.45671,157.15665,2480.9712	165.03319,228.18259,2706.0015	145.74478,273.38742,2724.6812	151.83257,360.24658,2771.261	182.6556,273.9521,2667.769	162.93549,433.86432,2690.2026	197.40424,363.46808,2692.1433	145.74478,273.38742,2724.6812	208.97888,438.9605,2608.1501	146.91135,108.85623,2435.7852	117.81732,200.8477,2494.9062	
165.05809,140.12228,2724.7751	165.3169,183.9659,2716.866	139.07808,185.75551,2764.7336	118.83809,216.98116,2754.11	165.3169,183.9659,2716.866	192.49687,182.11209,2668.9983	184.2518,159.68814,2480.9058	165.60765,229.13066,2709.2444	148.11673,274.70016,2733.6885	154.19879,361.44617,2783.001	184.11055,274.39673,2669.5571	164.90643,437.33008,2684.266	197.59314,364.5565,2686.8853	148.11673,274.70016,2733.6885	209.05402,439.48834,2609.0479	137.45538,113.87765,2444.7822	117.57634,202.01149,2505.8784	
166.2469,134.65309,2751.7468	165.40244,177.68832,2731.0813	140.22879,180.28479,2785.265	119.78735,220.61342,2769.1504	165.40244,177.68832,2731.0813	191.59518,174.98676,2676.8977	180.04465,164.17438,2481.9014	164.84045,222.30722,2711.454	147.0898,268.1559,2728.0784	153.07715,357.62552,2779.7163	181.91983,266.98187,2655.5754	163.09657,434.294,2669.8376	194.01488,360.9255,2675.4895	147.0898,268.1559,2728.0784	205.97562,435.1162,2600.3853	130.85559,121.76867,2455.6501	115.30908,203.47665,2511.08	
165.93349,132.15051,2765.9126	164.46701,174.60373,2739.3926	141.27977,177.83797,2804.959	120.71727,220.77304,2762.6418	164.46701,174.60373,2739.3926	188.79144,171.2109,2673.8262	175.82907,168.52583,2483.4995	163.38406,218.96931,2715.3176	146.34966,264.91473,2735.2715	151.86461,351.09747,2812.937	178.74376,263.31638,2647.2139	163.34283,437.3075,2677.397	190.40085,354.80194,2689.5237	146.34966,264.91473,2735.2715	203.91974,437.2171,2604.2976	124.87221,129.98715,2478.5332	115.2551,203.29233,2500.1272	
165.1699,130.28719,2771.914	163.77533,172.68108,2743.2168	141.27197,176.39606,2812.7515	120.099396,220.37238,2746.7898	163.77533,172.68108,2743.2168	187.44919,168.77286,2673.6821	173.6179,171.86496,2485.7322	162.9687,216.95828,2718.201	146.72472,263.09164,2739.685	151.657,347.88892,2827.768	178.1114,260.9881,2646.685	164.73839,442.39932,2659.091	191.71747,351.5857,2689.4712	146.72472,263.09164,2739.685	205.9837,438.24213,2611.11	120.62668,137.84665,2495.002	116.93474,202.35434,2485.8213	
