318.75092,149.73508,2622.9382	319.8216,195.56197,2604.6553	285.60535,196.734,2606.4812	275.24658,254.7738,2596.8955	319.8216,195.56197,2604.6553	354.08582,194.3883,2602.8293	354.08566,255.15405,2602.8293	321.33112,241.84883,2588.6797	301.1851,289.41156,2573.8462	293.88132,385.5769,2513.8376	344.55292,288.00888,2571.562	272.08334,473.54865,2532.527	345.44717,382.30505,2567.1943	301.1851,289.41156,2573.8462	351.1113,472.74982,2566.6836	354.0867,315.91974,2602.8293	273.7433,314.7973,2502.4834	
318.52722,149.82823,2622.2212	319.67273,195.62433,2603.635	285.4325,196.9621,2604.345	275.41852,254.21674,2596.038	319.67273,195.62433,2603.635	353.93164,194.28583,2602.925	353.93146,255.04936,2602.925	321.45648,241.90578,2586.8428	301.56534,289.62363,2570.4946	293.6176,385.88235,2510.1885	344.9692,287.96008,2569.6064	272.06885,473.353,2535.2083	345.70493,382.39844,2563.9453	301.56534,289.62363,2570.4946	350.9087,473.12256,2562.0576	353.9325,315.8128,2602.925	273.9168,314.17078,2500.2927	
318.95734,150.0351,2623.863	319.98224,195.70932,2603.5122	285.72144,196.93985,2603.1057	275.65866,254.34834,2592.7847	319.98224,195.70932,2603.5122	354.23236,194.47919,2603.9187	354.2322,255.21951,2603.9187	321.6749,241.97348,2585.4092	301.66245,289.67975,2567.052	293.40033,385.92102,2511.2957	345.11606,288.1006,2567.5603	271.89444,473.82343,2532.1738	345.02405,382.65796,2561.06	301.66245,289.67975,2567.052	351.24637,472.69113,2566.8613	354.23325,315.95978,2603.9187	274.08228,314.5256,2499.6128	
318.8797,149.57367,2624.6855	320.09283,195.15794,2604.7263	285.82764,196.40881,2602.0142	275.28067,254.6999,2593.2607	320.09283,195.15794,2604.7263	354.28674,193.90967,2607.4385	354.2866,254.56802,2607.4385	321.92575,241.39687,2586.8916	302.0642,289.1323,2567.3604	293.57895,385.2089,2515.7502	345.4754,287.42438,2570.7534	271.88348,473.42255,2531.8474	345.54926,381.52747,2570.382	302.0642,289.1323,2567.3604	350.84357,472.13684,2566.8225	354.28763,315.2263,2607.4385	274.18213,314.8978,2500.4736	
318.62772,149.14546,2623.5999	320.11325,194.75858,2604.083	285.83023,196.11632,2599.4058	274.8654,254.2483,2599.8442	320.11325,194.75858,2604.083	354.27335,193.4057,2608.7603	354.2732,254.03331,2608.7603	322.18494,241.00465,2586.7153	302.5709,288.84225,2566.422	293.9411,384.95312,2514.3872	345.949,286.91187,2572.2732	272.53998,472.47394,2537.9712	345.30988,381.10614,2569.162	302.5709,288.84225,2566.422	351.38098,472.12256,2561.0745	354.27423,314.66083,2608.7603	274.3007,313.76102,2498.917	
318.40988,149.42902,2623.0435	319.85406,195.07835,2602.8	285.60617,196.63258,2602.1472	274.76697,254.31421,2596.9875	319.85406,195.07835,2602.8	354.0848,193.5249,2603.453	354.08466,254.27611,2603.453	321.99854,241.33914,2585.0156	302.45224,289.24142,2566.8228	292.8627,385.09262,2519.7178	345.88623,287.2406,2567.6396	272.4048,474.0205,2529.8323	344.42813,381.92224,2558.044	302.45224,289.24142,2566.8228	350.8153,472.65555,2557.3472	354.0857,315.02722,2603.453	274.7861,313.96555,2497.1338	
318.45724,149.47446,2621.7852	319.53812,195.20949,2601.9692	285.3415,196.69077,2605.4448	275.3352,254.24858,2593.9497	319.53812,195.20949,2601.9692	353.82623,193.72424,2598.4937	353.82605,254.59138,2598.4937	321.38196,241.49496,2584.0042	301.54654,289.28967,2568.2134	292.6319,385.23642,2518.603	344.9935,287.56595,2563.8647	270.84753,473.30453,2534.4526	343.50977,381.93246,2562.7751	301.54654,289.28967,2568.2134	350.46722,472.57196,2560.9475	353.8271,315.45844,2598.4937	275.11328,314.054,2495.1882	
318.5938,149.18576,2621.6418	319.64758,194.9877,2601.608	285.43317,196.40398,2605.0608	274.3584,254.74278,2596.102	319.64758,194.9877,2601.608	353.9529,193.56766,2598.155	353.95276,254.44275,2598.155	321.40375,241.28209,2583.6387	301.4778,289.04498,2567.8284	293.44043,385.2013,2513.9456	344.92786,287.40356,2563.5105	271.89758,473.01868,2534.5078	344.6738,381.59412,2566.0754	301.4778,289.04498,2567.8284	351.40463,472.18768,2563.7407	353.9538,315.31775,2598.155	275.43286,314.2027,2493.3916	
318.44305,149.0221,2621.0513	319.56686,194.81812,2601.6777	285.35632,196.31688,2605.3745	275.12646,253.94139,2592.0933	319.56686,194.81812,2601.6777	353.87476,193.31506,2597.981	353.87457,254.19423,2597.981	321.4254,241.11584,2584.232	301.6095,288.90958,2569.098	293.91373,384.99216,2517.088	345.0481,287.17474,2564.4744	271.28287,472.61237,2535.9968	344.75238,381.45258,2565.0703	301.6095,288.90958,2569.098	351.39868,471.59296,2568.1104	353.8756,315.0733,2597.981	274.3731,313.87402,2495.7344	
318.77283,149.22177,2621.7822	319.79697,194.82031,2601.4963	285.59546,196.23102,2606.1184	274.93866,254.20511,2595.1562	319.79697,194.82031,2601.4963	354.1202,193.4046,2596.8743	354.12006,254.30971,2596.8743	321.48798,241.11417,2583.33	301.49152,288.85413,2568.0544	292.9507,384.8446,2518.084	344.96335,287.2715,2562.2732	271.7112,473.59723,2528.9836	343.8204,381.56763,2563.938	301.49152,288.85413,2568.0544	351.6453,472.34393,2559.2092	354.1211,315.21472,2596.8743	274.27435,313.9088,2495.5044	
319.04056,148.99976,2621.1477	319.85962,194.69125,2600.8386	285.6466,195.88501,2605.7632	275.2505,253.83376,2592.1682	319.85962,194.69125,2600.8386	354.20242,193.49295,2595.914	354.20224,254.4206,2595.914	321.2358,240.99391,2582.0688	300.90216,288.6208,2566.3792	292.5827,384.76892,2513.9155	344.41446,287.32697,2560.219	271.73807,472.3611,2537.7783	343.86414,381.58514,2564.0212	300.90216,288.6208,2566.3792	350.37845,472.30182,2561.1313	354.2033,315.34814,2595.914	274.74344,313.81567,2496.1072	
318.96487,149.07668,2621.8203	319.62476,194.79013,2600.522	285.4408,196.03612,2606.9229	275.1306,253.69905,2591.4639	319.62476,194.79013,2600.522	353.9774,193.538,2594.121	353.97723,254.50775,2594.121	320.99918,241.10382,2581.9468	300.67902,288.73456,2567.3752	293.4554,384.91287,2515.4573	344.17603,287.44086,2559.368	271.11755,472.16962,2538.7285	343.79498,381.22916,2571.395	300.67902,288.73456,2567.3752	351.33932,472.5974,2556.679	353.97827,315.47742,2594.121	275.13477,313.67697,2495.1562	
318.5934,149.7189,2622.6602	319.2297,195.42499,2600.3184	285.0807,196.72882,2608.2134	275.53128,253.48189,2589.3157	319.2297,195.42499,2600.3184	353.5867,194.11322,2592.4233	353.58655,255.1229,2592.4233	320.60388,241.73851,2581.2974	300.2931,289.38867,2567.2144	293.1997,385.6881,2512.2346	343.78766,288.0881,2557.3384	271.37595,473.00665,2537.313	343.82526,382.05444,2567.7861	300.2931,289.38867,2567.2144	350.83472,472.9854,2560.3555	353.5876,316.13248,2592.4233	274.235,313.52505,2493.0918	
318.6425,150.077,2622.6416	319.23627,195.82184,2599.2842	285.07123,197.11844,2607.1482	275.46445,254.28712,2585.7146	319.23627,195.82184,2599.2842	353.60867,194.51736,2591.4202	353.60852,255.55064,2591.4202	320.5998,242.15105,2579.939	300.26395,289.8254,2565.512	292.62598,386.0276,2514.8777	343.78745,288.53268,2555.6755	272.32086,474.03076,2536.069	344.66162,382.51157,2566.8425	300.26395,289.8254,2565.512	351.26746,473.352,2561.4014	353.60956,316.58386,2591.4202	274.47787,314.5498,2491.2034	
318.8307,150.08344,2621.5708	319.50894,195.78807,2598.2568	285.2845,197.01749,2604.1287	275.42303,254.8599,2585.641	319.50894,195.78807,2598.2568	353.88846,194.55309,2592.385	353.8883,255.56366,2592.385	320.88223,242.1355,2578.9155	300.5236,289.8308,2563.247	293.11157,385.9293,2518.7976	344.09152,288.53406,2555.9014	272.08777,474.51093,2531.6013	345.28403,382.65155,2564.6504	300.5236,289.8308,2563.247	351.96524,473.0963,2564.4407	353.88934,316.57416,2592.385	274.57797,314.8911,2486.7517	
318.60745,149.77385,2622.5352	319.35806,195.19499,2598.8455	285.10788,196.37343,2603.1194	273.93826,254.95654,2587.278	319.35806,195.19499,2598.8455	353.72107,194.01268,2594.5715	353.72092,254.97183,2594.5715	320.7372,241.52022,2579.1592	300.37003,289.2095,2562.146	292.12766,385.21588,2519.4802	343.9507,287.90524,2556.7998	271.45242,473.63068,2534.6042	344.77167,382.05273,2564.6487	300.37003,289.2095,2562.146	351.18738,472.39334,2565.8809	353.72195,315.9309,2594.5715	273.51184,314.646,2483.7	
318.65552,149.64294,2622.022	319.6099,195.12178,2597.3232	285.3275,196.52199,2600.5183	272.8213,253.61227,2586.6082	319.6099,195.12178,2597.3232	353.9767,193.71814,2594.1282	353.97656,254.68771,2594.1282	321.3455,241.45146,2577.1953	301.31625,289.3275,2559.066	293.31662,385.27838,2521.6697	344.93472,287.6922,2555.0688	272.25638,474.01166,2532.1387	345.61832,382.24915,2556.87	301.31625,289.3275,2559.066	351.8679,472.1094,2566.0942	353.9776,315.65723,2594.1282	272.06064,313.10928,2480.5244	
318.91544,149.4155,2621.7593	319.9493,194.85909,2596.812	285.63586,196.22694,2598.629	269.70505,252.68108,2586.673	319.9493,194.85909,2596.812	354.31085,193.4893,2594.995	354.31067,254.43852,2594.995	321.71457,241.1969,2576.7437	301.70206,289.08984,2557.8118	291.80115,384.8504,2521.6707	345.33243,287.43375,2555.5388	272.94623,474.08502,2531.8809	345.15027,382.088,2555.3552	301.70206,289.08984,2557.8118	350.4094,471.46466,2570.695	354.3117,315.38763,2594.995	268.25433,311.78088,2475.5615	
319.1882,149.10083,2620.6394	320.11743,194.3391,2595.318	285.79443,195.49966,2598.2437	266.95776,254.48306,2583.3442	320.11743,194.3391,2595.318	354.51788,193.1759,2592.3926	354.51773,254.1863,2592.3926	321.536,240.67072,2573.5156	301.1333,288.4657,2553.543	290.53693,384.2783,2518.4724	344.85568,287.1215,2549.8833	272.14914,473.41296,2531.8948	343.8857,382.1704,2546.21	301.1333,288.4657,2553.543	351.47614,472.08142,2557.484	354.51877,315.1966,2592.3926	264.2482,312.7681,2451.9893	
319.49164,149.66783,2622.0757	320.18393,194.80846,2594.4453	285.8505,195.83907,2597.742	265.3296,254.72485,2580.1846	320.18393,194.80846,2594.4453	354.6047,193.77522,2591.1487	359.43622,221.27785,2588.5967	321.40372,241.15273,2572.0518	300.7823,288.89175,2551.72	291.2182,384.47433,2526.0208	344.543,287.7295,2547.5964	271.13306,473.93646,2529.5457	344.42065,383.27924,2535.789	300.7823,288.89175,2551.72	351.65848,472.11743,2561.0732	359.83594,227.84169,2571.3547	261.34952,312.79483,2437.1792	
319.8855,149.82178,2621.7815	320.56577,194.87292,2593.9058	286.19904,195.76044,2595.8215	264.44647,255.5349,2575.5828	320.56577,194.87292,2593.9058	354.9833,193.98412,2591.99	364.38922,231.93497,2595.7896	321.67203,241.24245,2571.9937	300.9256,288.92972,2551.2798	292.16116,384.69055,2523.9458	344.68954,287.88748,2548.8833	271.56573,474.22986,2526.5547	345.44293,383.73688,2529.7678	300.9256,288.92972,2551.2798	352.63705,472.10498,2561.5964	368.05637,258.40973,2528.2048	257.38852,312.88486,2417.328	
320.27322,150.09875,2630.147	320.78308,194.56944,2597.2317	286.48013,195.26694,2600.575	264.18015,254.83127,2571.291	320.78308,194.56944,2597.2317	355.17444,193.87015,2593.8884	369.61847,243.5413,2605.8425	321.53253,240.75562,2570.7876	300.38452,288.27075,2546.4346	291.1197,384.45062,2512.1443	344.24664,287.53235,2542.2524	270.80185,472.96918,2529.1506	346.5101,384.46704,2497.2769	300.38452,288.27075,2546.4346	351.07248,470.0796,2560.833	377.35693,285.54193,2506.0232	255.57132,310.66827,2400.174	
320.70514,149.73495,2636.3315	321.0752,193.97017,2601.2524	286.8645,194.60149,2606.6934	265.9708,254.50502,2564.6553	321.0752,193.97017,2601.2524	355.42932,193.33621,2595.8115	372.41336,246.93997,2614.2112	321.59125,240.02301,2572.7126	300.22253,287.38867,2547.5762	291.8326,383.959,2502.504	344.07385,286.82867,2540.7695	272.51132,470.27213,2543.1853	347.88638,384.02393,2490.379	300.22253,287.38867,2547.5762	350.64233,468.5798,2565.564	381.99207,297.20728,2503.86	260.85822,308.4585,2381.9062	
321.52148,150.3506,2637.4143	321.82166,194.73564,2602.8865	287.65646,195.18967,2609.688	268.3559,255.34956,2562.3357	321.82166,194.73564,2602.8865	356.16586,194.27924,2596.085	374.01624,248.63492,2617.326	322.03177,240.81265,2575.6895	300.40048,288.00824,2552.7463	293.17874,384.99487,2478.869	344.16534,287.73758,2544.2385	273.49133,470.47064,2532.862	349.4865,385.14966,2478.1335	300.40048,288.00824,2552.7463	350.42358,468.44696,2566.0564	383.32422,303.35168,2503.3826	272.3789,305.61475,2363.963	
322.35614,152.2713,2629.4678	322.4184,197.19174,2600.3794	288.37207,197.67258,2612.4773	272.39615,255.66754,2562.1843	322.4184,197.19174,2600.3794	356.78302,196.70644,2588.2815	374.81555,251.29973,2609.5132	322.4367,243.45396,2578.1045	300.74155,290.55356,2563.4004	295.17877,387.00793,2444.699	344.29813,290.49136,2548.2588	274.5412,469.6808,2525.2852	350.50214,388.07095,2460.2056	300.74155,290.55356,2563.4004	351.03793,468.88586,2568.1743	382.5446,308.6797,2493.6199	289.82477,302.44507,2368.1768	
323.01843,155.29,2634.4834	323.28998,199.99075,2602.2615	289.48044,200.72093,2620.35	279.0736,259.91922,2553.1003	323.28998,199.99075,2602.2615	357.57285,199.25035,2584.1729	373.9687,254.38109,2590.7148	323.29178,246.18655,2577.3042	301.66992,293.34085,2563.6655	297.37045,388.21844,2395.3376	345.10992,293.23016,2541.0283	276.6121,469.25128,2497.7905	353.07883,391.22617,2437.8513	301.66992,293.34085,2563.6655	350.79956,471.47507,2553.5498	375.9261,315.51157,2510.7969	310.24103,297.4481,2360.2935	
323.6252,159.0502,2636.9722	323.97873,203.48862,2602.5894	290.6023,204.72185,2629.506	288.3003,261.97705,2536.482	323.97873,203.48862,2602.5894	358.0528,202.2296,2575.6726	373.65515,256.69998,2569.2249	324.13754,249.65515,2575.1748	302.86816,296.99362,2564.616	301.39423,392.28412,2360.9893	346.01685,296.6344,2530.9045	277.92767,468.2301,2493.8247	355.1415,395.1994,2422.3257	302.86816,296.99362,2564.616	351.8742,473.9801,2549.0762	377.47348,319.23502,2528.5593	329.7968,295.99774,2361.5574	
324.19214,161.80106,2628.7869	325.9029,206.63617,2597.6096	292.3165,208.71394,2621.5137	293.23883,267.34308,2524.769	325.9029,206.63617,2597.6096	360.11316,204.51979,2573.7056	376.55475,263.86606,2559.2185	327.52234,252.91812,2571.7832	307.66437,300.92303,2560.8987	307.93088,394.48407,2331.841	350.93887,299.34583,2531.015	283.5668,468.07666,2481.806	360.5667,397.96033,2432.9995	307.66437,300.92303,2560.8987	355.73956,476.58102,2558.0227	0.0,0.0,0.0	340.37854,294.52786,2357.4097	
324.6005,161.93968,2625.1458	327.0321,206.98132,2595.046	293.3965,209.6217,2618.5803	295.845,268.35587,2514.485	327.0321,206.98132,2595.046	361.28333,204.29262,2571.5115	374.7997,261.62433,2542.2793	329.4784,253.2941,2569.5942	310.4318,301.6845,2558.852	307.03052,389.6947,2317.148	353.76608,299.36908,2529.433	284.23474,462.8863,2476.1938	359.00903,398.2204,2436.3499	310.4318,301.6845,2558.852	352.61334,476.55472,2562.1096	379.49948,324.8207,2543.9624	343.19983,296.12656,2345.3796	
324.88733,159.91379,2632.3367	327.53848,204.58614,2598.4626	293.89987,207.3757,2621.0396	295.54562,269.22156,2500.7512	327.53848,204.58614,2598.4626	361.76675,201.74767,2575.8857	373.39896,262.1142,2554.3508	330.06946,250.68944,2568.2644	311.0322,299.165,2552.1826	304.77957,382.64188,2305.9182	354.531,296.6004,2523.9497	284.77408,456.9867,2467.23	355.10345,395.17227,2451.322	311.0322,299.165,2552.1826	351.29623,476.14575,2558.3955	377.51706,323.82336,2556.4185	345.30475,296.86624,2342.9585	
324.58112,156.5416,2635.935	327.36652,200.84409,2600.7117	293.7352,203.90086,2622.3713	289.18097,265.839,2492.2803	327.36652,200.84409,2600.7117	361.56268,197.73596,2579.052	371.04175,258.38434,2563.7717	330.20743,246.77829,2568.199	311.45175,295.36273,2549.2336	304.69217,375.4795,2311.8425	355.02344,292.4023,2522.139	286.18307,452.02435,2465.1433	353.93692,389.9289,2479.6223	311.45175,295.36273,2549.2336	351.22522,474.57788,2554.7134	374.72305,319.88794,2566.1045	342.81726,290.8363,2357.568	
323.73755,151.38672,2637.7332	326.71762,195.6205,2602.4019	293.164,198.98242,2624.785	275.73132,257.90662,2506.136	326.71762,195.6205,2602.4019	360.85342,192.20023,2580.0188	368.531,253.0525,2569.0847	329.84866,241.42429,2569.3477	311.4228,290.077,2550.296	304.0367,366.61102,2320.4539	354.9401,286.74847,2522.291	287.08893,444.6092,2469.289	351.67245,384.03546,2486.577	311.4228,290.077,2550.296	351.61832,470.08228,2551.5193	371.82617,314.451,2571.5664	309.76263,288.8884,2330.841	
322.71146,145.40555,2648.1538	325.44458,189.40405,2608.7822	292.311,192.97903,2637.5024	266.4251,250.06354,2514.1023	325.44458,189.40405,2608.7822	359.31583,185.74948,2580.062	365.5076,246.74709,2572.16	328.16818,234.86241,2571.6	309.49695,283.31754,2552.399	298.706,368.57095,2347.8086	352.7533,279.96786,2516.437	286.3819,447.52798,2489.4578	347.87506,377.60345,2474.9153	309.49695,283.31754,2552.399	348.21704,464.6266,2537.5105	368.45987,308.09418,2574.7024	281.91525,284.9441,2317.4656	
321.28387,140.99701,2653.3328	323.85925,184.59134,2610.9036	290.6681,188.04709,2638.1787	255.4657,239.76518,2511.039	323.85925,184.59134,2610.9036	357.75122,181.06264,2583.6284	362.72443,242.07642,2577.8567	326.29584,229.80608,2570.3267	307.2775,278.09448,2546.8057	295.99075,368.18372,2358.7815	350.636,274.82608,2512.6938	287.02332,449.8152,2484.6501	346.82968,372.9812,2455.3745	307.2775,278.09448,2546.8057	346.86337,460.9253,2517.4663	365.3667,303.307,2580.3945	250.88013,277.445,2313.7402	
320.2153,136.80316,2656.3804	322.39352,180.32942,2610.8708	288.92065,183.20435,2632.2896	247.68631,231.75772,2513.4646	322.39352,180.32942,2610.8708	356.42014,177.40695,2589.4521	367.95215,228.10373,2589.438	324.36038,225.35846,2567.5193	304.64142,273.31683,2537.5735	295.54242,366.80548,2372.8623	348.3805,270.53683,2510.762	287.1758,450.85706,2481.2034	345.23477,368.5796,2412.6235	304.64142,273.31683,2537.5735	342.61377,453.87897,2504.901	376.23608,284.10184,2562.359	225.6518,265.8391,2319.149	
319.75705,134.68518,2648.8938	320.98706,178.47968,2605.4395	287.2181,180.47514,2621.8433	241.49103,222.3273,2525.69	320.98706,178.47968,2605.4395	355.1839,176.45891,2589.0356	375.1281,225.56076,2594.0781	322.217,223.70323,2564.103	301.60895,271.32858,2533.0295	295.04028,366.8918,2390.0642	345.5444,269.4815,2512.5037	288.23807,452.52704,2484.8333	342.6056,367.10388,2387.0955	301.60895,271.32858,2533.0295	338.63992,455.83478,2461.1443	391.2677,278.0387,2530.4463	207.08842,253.22845,2338.345	
318.8204,135.05951,2643.677	319.91382,178.59454,2600.472	285.87738,180.01231,2610.6956	233.98642,213.55635,2531.831	319.91382,178.59454,2600.472	354.21896,177.16559,2590.2483	383.58148,225.11726,2601.1926	320.91055,223.95879,2559.8945	299.9245,271.4677,2525.7131	296.86844,368.461,2401.3357	344.06638,270.0975,2512.9211	290.65637,455.18323,2485.9182	342.63757,366.52228,2354.2356	299.9245,271.4677,2525.7131	335.08014,458.086,2414.494	409.5589,272.9471,2504.8196	190.59996,240.81462,2349.818	
317.31012,137.16168,2632.087	318.31894,181.07703,2591.6433	284.01,182.03455,2594.984	228.18912,208.3822,2534.9302	318.31894,181.07703,2591.6433	352.71643,180.11707,2588.3027	390.94592,224.28725,2606.6685	319.31122,226.80385,2554.62	298.22522,274.4155,2519.6868	296.6494,372.37357,2408.3347	342.4769,273.3347,2515.507	291.37686,457.15866,2504.5789	340.99316,368.37506,2329.343	298.22522,274.4155,2519.6868	330.84515,464.6667,2353.0642	427.46613,265.38898,2488.9485	176.5058,228.89665,2362.19	
316.6181,141.22766,2627.2502	317.04385,185.14012,2585.931	282.55975,185.38934,2582.7366	223.43918,204.4687,2537.931	317.04385,185.14012,2585.931	351.44287,184.89151,2589.1252	398.2613,224.40948,2614.5933	317.6022,231.05087,2549.163	295.98508,278.53995,2510.397	296.8504,377.27603,2401.3987	340.3335,278.07123,2514.3936	292.94598,460.01263,2512.0547	338.3336,372.00793,2306.5232	295.98508,278.53995,2510.397	325.97266,473.2456,2283.208	444.64383,257.16815,2486.2312	164.58049,217.20667,2384.085	
315.49954,145.24846,2614.877	316.0469,189.69179,2578.4556	281.40878,189.77357,2571.283	218.86624,202.36876,2529.9727	316.0469,189.69179,2578.4556	350.4928,189.61047,2585.6282	401.94083,222.13802,2618.862	316.63898,235.96248,2545.8833	295.05853,283.6524,2508.8276	298.4731,382.70505,2400.4375	339.35526,283.21338,2517.7944	299.044,463.87036,2520.139	337.3432,376.2586,2294.6763	295.05853,283.6524,2508.8276	322.97763,481.1511,2223.917	455.43417,245.00075,2493.2	154.75812,207.11612,2401.627	
315.0422,148.80836,2609.1655	315.14587,193.71428,2574.7468	280.43314,193.30356,2564.7227	215.65308,201.61346,2522.9758	315.14587,193.71428,2574.7468	349.5894,194.12183,2584.771	407.50647,204.54146,2660.3945	315.21613,240.19939,2544.8516	293.10077,287.76212,2508.689	301.97797,386.45685,2394.1628	337.36502,287.817,2521.2236	298.12692,464.4944,2531.31	333.3765,379.1034,2279.7542	293.10077,287.76212,2508.689	319.2593,486.956,2172.2795	467.75806,195.64474,2593.1233	148.97133,199.01935,2408.1687	
314.34122,151.37727,2605.8198	314.14435,196.52448,2571.432	279.3726,195.81274,2559.8828	213.674,201.97827,2507.9795	314.14435,196.52448,2571.432	348.60516,197.22984,2582.981	406.16,204.89845,2664.185	313.86484,243.14497,2542.7502	291.3771,290.64645,2506.848	302.8639,389.33932,2393.6543	335.6536,291.01096,2521.2893	304.39752,467.1322,2532.1125	330.8622,381.2616,2268.0657	291.3771,290.64645,2506.848	317.864,491.13605,2130.4697	467.33673,194.71753,2604.3877	145.97731,194.98354,2396.9246	
313.66373,153.16742,2595.1562	313.5605,198.58656,2564.834	278.68677,197.95586,2552.6626	213.07143,203.86847,2498.983	313.5605,198.58656,2564.834	348.10477,199.21132,2577.0054	406.0967,206.19482,2660.5933	313.35696,245.44722,2539.7686	290.94528,293.12784,2507.0925	304.1351,391.7619,2401.116	335.21948,293.3556,2522.3137	310.00162,469.63147,2536.482	330.35504,382.93732,2261.646	290.94528,293.12784,2507.0925	318.5311,494.0133,2115.2769	468.15576,195.99744,2606.7444	144.56126,194.01727,2387.5908	
313.56784,149.90578,2598.331	313.47675,195.32643,2564.464	278.5941,194.60126,2552.1562	216.00417,209.2537,2488.9932	313.47675,195.32643,2564.464	348.02618,196.0447,2576.772	408.9508,210.35782,2643.8037	313.22095,242.07874,2536.4146	290.69394,289.7048,2500.668	305.2614,388.07764,2415.4375	335.08868,290.0474,2516.062	302.37592,467.80005,2536.437	329.47278,379.4842,2255.1228	290.69394,289.7048,2500.668	320.15176,490.44,2132.4795	472.60065,205.89076,2578.8794	148.75461,202.48766,2357.297	
314.094,145.6314,2600.4197	314.14923,190.98082,2563.599	279.2556,190.26538,2551.0356	219.71677,212.17245,2482.0024	314.14923,190.98082,2563.599	348.7025,191.68929,2576.1626	405.43112,214.62451,2633.4062	314.01324,237.59358,2532.3337	291.54385,285.2114,2493.211	302.86868,384.1149,2416.897	336.06406,285.5311,2508.9258	299.52945,465.30475,2531.2625	332.01886,376.46097,2260.3477	291.54385,285.2114,2493.211	322.44968,484.90735,2177.4702	468.37067,218.73192,2537.444	157.25453,213.61246,2316.4438	
315.091,141.27765,2600.9653	315.27255,186.518,2562.3884	280.3647,185.92447,2550.0535	225.6279,215.22926,2475.0112	315.27255,186.518,2562.3884	349.84592,187.10587,2574.7234	402.37662,217.98895,2616.7058	315.35788,233.03444,2529.3647	293.07425,280.6934,2488.6262	299.53333,379.88635,2423.0142	337.67883,280.8692,2504.056	298.6396,463.90826,2519.1316	334.52313,373.79614,2276.093	293.07425,280.6934,2488.6262	323.6333,477.74203,2239.262	457.89685,234.88013,2479.1116	171.83365,223.6318,2275.8435	
316.0001,137.22443,2601.2327	315.9359,182.55453,2560.8503	281.0094,182.11647,2550.619	230.4961,219.73499,2479.0105	315.9359,182.55453,2560.8503	350.58447,182.9891,2571.0818	398.656,221.03722,2596.3467	316.1277,228.96313,2525.7827	293.896,276.63968,2484.3152	298.229,376.12994,2419.0918	338.63873,276.7172,2497.115	296.83377,461.41498,2509.1667	335.53525,371.41068,2289.1685	293.896,276.63968,2484.3152	326.18448,470.89307,2294.8315	441.81808,247.33792,2418.9543	192.97224,229.21585,2246.2556	
316.95923,135.4396,2602.8662	316.74548,180.27625,2559.4858	281.82144,180.02647,2552.9749	236.51022,222.57686,2467.0127	316.74548,180.27625,2559.4858	351.49228,180.52472,2565.9968	394.65192,223.95891,2574.6707	316.92917,226.54645,2521.5562	294.6235,274.2234,2479.5532	297.95956,373.89334,2417.8105	339.53983,274.23642,2487.6997	297.08447,460.46738,2499.979	336.7183,370.57483,2298.0605	294.6235,274.2234,2479.5532	330.1047,465.61194,2341.9844	425.11096,252.2219,2365.3242	220.4811,228.63512,2218.3818	
318.15042,134.39331,2603.6853	318.03348,178.85934,2557.471	283.0904,178.68306,2552.5437	244.94073,223.93977,2450.013	318.03348,178.85934,2557.471	352.84213,179.03496,2562.3982	389.41992,228.02518,2541.3362	318.22076,224.99539,2516.546	295.85492,272.6599,2472.5396	300.34335,372.6411,2406.0928	340.91754,272.65375,2478.7021	299.29846,458.83124,2494.5674	338.41208,370.45972,2308.144	295.85492,272.6599,2472.5396	335.66788,461.49695,2382.106	404.56876,246.99763,2303.435	248.41391,221.16733,2208.8162	
319.6101,134.41403,2602.5994	319.3751,178.64053,2554.5999	284.4006,178.31973,2550.6753	249.13028,223.43341,2439.0122	319.3751,178.64053,2554.5999	354.2423,178.96033,2558.5244	385.08862,227.97354,2509.6772	319.30957,224.71327,2511.517	296.61703,272.2801,2465.9797	302.19098,372.58026,2391.0454	341.82147,272.50827,2470.889	300.1341,456.99896,2494.8901	339.33286,371.67914,2325.3704	296.61703,272.2801,2465.9797	338.39075,461.39496,2406.8943	384.29718,233.94803,2267.7751	269.9588,209.08922,2220.017	
321.31403,137.00961,2602.0408	321.0967,180.8259,2551.593	286.07455,180.19933,2545.157	257.82977,222.08696,2413.4958	321.0967,180.8259,2551.593	355.94263,181.4493,2558.029	382.551,229.11113,2470.3384	320.89563,226.93561,2507.4282	298.01453,274.44684,2459.2375	305.3451,375.04858,2375.7017	343.2861,274.9499,2467.2893	301.71985,457.77335,2492.7898	341.4305,375.02762,2341.4878	298.01453,274.44684,2459.2375	342.9569,464.33038,2422.1426	368.6989,213.25874,2257.0684	290.38455,193.41531,2245.2732	
322.78894,140.85669,2584.274	322.6943,184.94746,2539.073	287.558,184.62717,2538.0164	265.05057,221.82748,2391.245	322.6943,184.94746,2539.073	357.80136,185.26749,2540.1296	378.82718,229.71017,2430.1846	322.39453,231.61926,2500.4023	299.41043,279.57614,2461.0703	305.36987,380.4459,2369.4302	344.74805,279.9385,2462.393	303.49332,462.02597,2493.9014	343.37994,380.70746,2339.2864	299.41043,279.57614,2461.0703	344.19824,468.21802,2432.0857	355.68945,193.98418,2274.0574	303.57178,181.45746,2289.9995	
324.03925,145.68358,2575.106	325.01346,189.56265,2520.406	290.35315,189.4288,2538.5256	271.22882,219.76498,2364.889	325.01346,189.56265,2520.406	360.17575,189.69843,2502.2864	375.11078,229.13374,2397.284	323.66962,237.02022,2494.4343	299.9524,284.9485,2479.8806	304.22934,385.18967,2366.4858	344.8502,286.00928,2457.0447	303.51886,463.39655,2509.5613	344.2389,387.4345,2334.6677	299.9524,284.9485,2479.8806	343.13187,472.6882,2441.4856	347.27103,180.8026,2308.8474	313.0789,173.74829,2335.2568	
325.27722,150.39037,2570.2273	327.02155,197.69687,2496.941	293.0933,196.2585,2532.367	272.03253,222.19193,2342.2405	327.02155,197.69687,2496.941	361.9264,199.17662,2461.515	375.00552,231.84401,2363.3196	323.6945,245.733,2488.6025	299.04092,292.33737,2502.3054	301.77594,390.4733,2345.7437	342.0313,295.87836,2458.223	302.10022,464.9405,2510.396	343.29602,396.35117,2335.8274	299.04092,292.33737,2502.3054	339.77216,478.40265,2458.8027	344.9172,178.48744,2347.822	315.35303,174.70059,2365.1628	
326.23114,153.04352,2550.8933	329.50653,204.47374,2480.4167	295.07516,202.30627,2514.5781	270.07468,224.56682,2325.6929	329.50653,204.47374,2480.4167	364.89957,206.70175,2446.2554	375.39462,233.06114,2333.901	326.07642,252.81606,2486.499	301.38153,298.7671,2513.746	305.40378,395.86478,2330.788	344.30896,303.11472,2471.4165	302.855,467.5553,2509.4785	348.10614,404.05957,2360.2847	301.38153,298.7671,2513.746	343.37372,484.2591,2487.4062	343.91095,178.48712,2370.6873	315.22232,176.87201,2373.1965	
327.1038,153.22281,2541.1306	328.14178,209.89212,2473.2866	294.14124,207.9234,2515.7295	268.23846,221.58583,2316.2559	328.14178,209.89212,2473.2866	363.32965,211.92958,2430.8438	377.50266,230.77003,2322.0415	325.24582,258.4402,2483.4968	301.27377,304.35016,2520.1682	300.66943,401.68585,2330.6365	343.92593,308.87933,2467.2458	300.08932,468.83783,2528.7898	344.6873,410.63855,2360.9077	301.27377,304.35016,2520.1682	339.52994,491.5082,2482.2896	343.14883,176.53546,2380.6223	314.33853,174.60327,2371.195	
326.77295,151.5335,2537.2112	327.35233,212.59996,2470.126	292.474,211.7388,2499.574	265.55026,214.27812,2316.8806	327.35233,212.59996,2470.126	363.07233,213.4819,2440.678	385.50586,227.33302,2333.3752	326.58047,260.97546,2490.6995	303.97992,307.31046,2529.9475	301.4361,405.43552,2359.211	347.9899,309.8249,2492.5984	303.71475,472.95908,2551.2776	348.3726,411.08423,2402.4778	303.97992,307.31046,2529.9475	341.42776,492.68176,2510.6438	345.5578,174.65024,2371.7686	313.83243,169.46207,2358.75	
325.42828,151.11015,2516.0781	327.19205,212.83694,2465.4358	291.64264,212.88301,2480.984	261.21893,203.06084,2314.6492	327.19205,212.83694,2465.4358	363.19272,212.79028,2449.8877	392.29593,214.26979,2349.437	327.5534,261.1882,2491.1292	305.8802,308.20917,2526.6326	300.76147,394.78906,2331.2036	350.1069,308.89804,2507.0125	298.272,463.85767,2522.7476	347.21237,409.27704,2413.8284	305.8802,308.20917,2526.6326	341.6741,494.5263,2496.22	346.23737,166.45023,2353.563	311.80774,160.13289,2343.4402	
324.90228,145.55032,2531.841	326.75388,198.54115,2487.739	291.19327,199.20834,2492.6523	255.74203,190.05891,2318.5698	326.75388,198.54115,2487.739	362.45523,197.8713,2482.8257	398.74936,199.85066,2368.0889	327.55026,246.73633,2488.3293	306.05994,295.2077,2491.9978	296.60168,397.0283,2358.7727	350.6878,294.60883,2485.8416	293.6709,470.49097,2523.101	344.62643,403.16833,2421.4358	306.05994,295.2077,2491.9978	342.65662,493.71124,2462.4663	351.9772,156.94254,2315.2397	307.15228,147.36185,2305.6335	
324.71622,140.33507,2531.6274	326.48914,189.93698,2496.1511	290.9535,190.94019,2501.75	250.13704,178.39508,2323.272	326.48914,189.93698,2496.1511	362.18457,188.92924,2490.5522	404.9348,190.60371,2395.9824	327.65625,238.09105,2488.3894	306.4626,287.04175,2484.1267	294.0062,387.08215,2393.1238	351.26193,286.04974,2477.1287	289.65128,466.0802,2522.5388	344.87012,389.29633,2440.6301	306.4626,287.04175,2484.1267	343.35516,481.45297,2466.1472	365.98654,147.40344,2287.5322	298.31137,133.65419,2267.8977	
324.30402,135.16641,2540.0786	325.94614,182.7736,2504.3535	290.47186,183.37532,2496.1326	244.67104,167.51569,2339.6646	325.94614,182.7736,2504.3535	361.1883,182.17584,2512.5745	409.84302,180.50018,2429.5022	327.25433,230.69691,2488.5464	306.06293,279.81662,2467.5796	291.62616,379.51147,2395.9285	351.00174,278.65167,2477.899	283.40973,464.078,2488.1064	344.20135,379.3131,2450.7483	306.06293,279.81662,2467.5796	344.6811,472.20837,2468.3918	383.53485,136.82207,2272.8147	279.94904,117.20228,2229.451	
323.65936,132.03694,2544.2942	325.30557,178.46445,2509.3413	289.84305,178.90009,2495.7227	241.29404,159.28613,2362.8542	325.30557,178.46445,2509.3413	360.38525,178.03352,2522.96	412.96075,172.79688,2459.7478	326.80258,226.22899,2489.5176	305.87323,275.36905,2461.1875	290.07672,374.57672,2405.4106	350.61987,274.15576,2478.2002	278.99585,460.0702,2490.0356	344.3463,373.80862,2450.6392	305.87323,275.36905,2461.1875	346.3805,466.7444,2469.1467	403.36584,126.17895,2272.1272	254.67229,104.13759,2219.0042	
323.22318,131.01498,2546.3945	325.13068,176.756,2511.5967	289.6656,177.0682,2495.541	238.92285,151.14699,2378.93	325.13068,176.756,2511.5967	360.14526,176.44775,2527.6523	416.18567,162.79666,2472.8755	326.7004,224.41905,2488.9849	305.80084,273.5471,2456.342	289.18872,372.4852,2411.3718	350.61475,272.3698,2476.404	275.19547,458.73514,2487.5264	344.25522,371.8227,2441.3157	305.80084,273.5471,2456.342	347.25406,463.99814,2470.5393	427.48953,115.66422,2276.7456	230.83221,92.74213,2235.5527	
322.81427,132.5169,2538.951	325.01697,177.82045,2507.5945	289.5332,178.1045,2487.5835	236.06291,143.73207,2383.9731	325.01697,177.82045,2507.5945	359.93887,177.5409,2527.6055	418.48322,154.89957,2484.9453	326.73273,225.65894,2487.4546	306.01157,274.95004,2454.8027	288.4711,373.5161,2418.9592	350.7147,273.6136,2479.8267	272.88116,459.17245,2496.1528	342.9229,372.79034,2437.7014	306.01157,274.95004,2454.8027	346.58142,463.9461,2477.1667	447.94717,107.42383,2312.0068	210.2424,85.47652,2263.6973	
322.72336,134.55006,2543.7231	324.76022,179.15466,2509.3013	289.3448,179.23953,2486.151	234.17499,139.7107,2389.9846	324.76022,179.15466,2509.3013	359.52817,179.07132,2532.4517	420.67786,149.92865,2490.9788	326.49854,226.8953,2486.264	305.807,276.15253,2448.7507	287.13684,374.61206,2417.8867	350.46927,274.91263,2477.7024	270.7414,459.644,2498.978	342.14932,374.4228,2414.9033	305.807,276.15253,2448.7507	345.3541,464.85126,2467.4856	462.50427,104.57181,2379.6653	194.9845,85.75023,2301.2305	
322.11365,138.13861,2528.6108	324.1527,182.71017,2501.6033	288.56186,183.0015,2480.9944	235.60019,139.50664,2398.489	324.1527,182.71017,2501.6033	359.16196,182.4236,2522.2122	419.40356,149.11281,2498.5002	325.74207,230.78784,2484.9575	304.88174,280.20612,2455.4243	285.80692,378.3073,2426.3484	349.5905,278.829,2481.1992	270.00287,461.7845,2516.2878	340.9796,378.4508,2401.0242	304.88174,280.20612,2455.4243	342.94968,466.7066,2473.4001	466.36682,109.66016,2464.8508	187.95404,93.53584,2355.112	
321.87933,141.13525,2530.5535	323.71765,185.89429,2501.3774	288.06857,186.26967,2483.762	234.74118,141.21704,2406.2495	323.71765,185.89429,2501.3774	358.86816,185.52415,2518.993	414.27325,153.06741,2508.2517	325.23233,234.0035,2484.1465	304.23312,283.45685,2455.8984	284.71484,381.96075,2414.6458	349.1028,282.11865,2477.9326	271.5067,465.00302,2512.2769	341.1562,382.12186,2380.9504	304.23312,283.45685,2455.8984	341.2883,468.6003,2470.3542	465.0395,118.98767,2507.6392	181.46384,102.6543,2395.782	
321.56494,144.54501,2523.5188	322.80103,189.75606,2499.0625	287.12802,190.17615,2479.9536	233.78421,142.9817,2412.1187	322.80103,189.75606,2499.0625	357.93262,189.34235,2518.1714	409.81198,156.12128,2521.6257	324.2878,238.00977,2486.0405	303.3254,287.50742,2461.0686	284.14502,386.3307,2408.4312	348.03906,286.04294,2484.9685	271.4681,467.89014,2516.4592	339.84415,385.93045,2378.6267	303.3254,287.50742,2461.0686	341.13574,470.3908,2481.1526	461.7016,126.36205,2542.9363	177.6145,108.3427,2420.6323	
321.31113,147.06534,2528.001	322.2718,192.35727,2502.1448	286.70337,192.59705,2479.5654	232.11214,143.27023,2418.0527	322.2718,192.35727,2502.1448	357.204,192.12177,2524.724	406.4667,160.70593,2528.312	323.66983,240.5657,2488.4165	302.67822,290.0167,2460.564	283.77548,389.36096,2394.1929	347.23422,288.60938,2488.8125	271.2514,468.10223,2521.0137	338.98242,388.3075,2366.974	302.67822,290.0167,2460.564	341.13235,471.82968,2477.5376	456.88763,128.03754,2543.9502	174.99805,107.76761,2430.731	
321.33087,148.75114,2530.2422	321.9605,194.25368,2505.4775	286.4642,194.40955,2481.3464	232.41151,148.11182,2419.5188	321.9605,194.25368,2505.4775	356.77957,194.1008,2529.6086	405.19858,164.73201,2536.6555	323.26422,242.42451,2492.4482	302.24612,291.79285,2464.3281	283.31372,391.17215,2393.6287	346.6469,290.4188,2494.5098	271.40118,468.58484,2528.5813	338.6259,389.9833,2367.5823	302.24612,291.79285,2464.3281	341.321,472.26425,2485.284	453.7842,128.27179,2535.684	180.42249,106.353,2435.9648	
320.71158,149.02704,2533.8582	321.48706,194.84895,2509.2576	286.02094,195.04398,2485.812	232.90067,151.22751,2419.7627	321.48706,194.84895,2509.2576	356.29654,194.65755,2532.7031	405.98672,166.9902,2545.8093	322.78394,242.9584,2496.6934	301.78256,292.25146,2469.4666	282.4175,391.21625,2404.2683	346.1435,290.86572,2498.7917	271.51215,469.11984,2535.5535	338.16858,390.39102,2379.7378	301.78256,292.25146,2469.4666	341.25333,474.07947,2485.9224	448.98944,123.08988,2523.3533	190.86119,99.01482,2418.8682	
320.4302,147.62712,2532.172	321.2674,193.88986,2511.6426	285.80106,194.1691,2489.8054	232.71841,152.11876,2417.8796	321.2674,193.88986,2511.6426	356.1223,193.61545,2533.4797	405.9115,169.48083,2550.899	322.55368,241.97055,2500.9468	301.56442,291.17242,2476.593	281.8023,389.48077,2419.6743	345.89447,289.7638,2503.909	272.4445,469.247,2538.474	338.48907,389.13547,2393.468	301.56442,291.17242,2476.593	341.0769,474.2627,2487.6702	439.1299,118.66019,2500.7703	202.2779,91.36337,2394.359	
319.9844,146.20767,2539.835	321.03134,192.30765,2517.324	285.68732,192.47609,2493.3867	233.77795,153.83441,2412.44	321.03134,192.30765,2517.324	355.70953,192.14238,2541.2612	406.79306,169.9195,2552.9565	322.3429,240.2474,2504.726	301.43182,289.36032,2477.1558	282.41022,387.63406,2424.1738	345.638,287.99158,2507.1006	271.21994,469.2046,2529.5798	338.24722,387.18176,2403.6577	301.43182,289.36032,2477.1558	341.83093,472.50867,2494.6096	428.89612,113.92688,2464.3994	218.71805,87.066284,2365.284	
320.09314,144.16205,2544.6655	321.166,190.45267,2522.1672	285.82666,190.70525,2502.0227	234.8807,155.74724,2405.7234	321.166,190.45267,2522.1672	355.94528,190.2041,2542.3118	406.87018,172.01074,2547.9783	322.45,238.28688,2509.1548	301.4877,287.267,2483.54	283.15955,385.1413,2436.9612	345.78357,285.97916,2508.7446	269.60522,467.36664,2533.6067	339.35138,385.0658,2414.7266	301.4877,287.267,2483.54	341.1188,471.15695,2498.659	415.74112,113.97179,2431.237	239.21599,88.92969,2345.0654	
320.14615,142.68405,2546.5806	321.2446,189.215,2525.407	285.9258,189.4316,2506.4922	237.31818,156.18964,2394.3699	321.2446,189.215,2525.407	356.03824,189.00163,2544.3218	406.61267,175.40515,2530.9824	322.42975,236.98639,2512.52	301.38562,285.8434,2487.8044	282.79706,383.49075,2440.8699	345.65918,284.66284,2511.4617	269.56354,466.97415,2529.0544	339.20697,383.57532,2422.6553	301.38562,285.8434,2487.8044	340.92853,470.29718,2500.5957	396.93558,119.79951,2413.7827	262.90082,96.473404,2338.251	
319.30814,143.15173,2547.5205	321.67142,192.05026,2521.6042	286.35117,192.18517,2499.8774	241.10208,157.03546,2382.675	321.67142,192.05026,2521.6042	356.3882,191.91766,2543.331	405.41907,177.69508,2512.9766	322.60492,239.95866,2516.0442	301.43378,288.6864,2496.894	283.6057,386.5481,2435.605	345.4133,287.47867,2524.0742	269.49643,468.00073,2536.732	339.35632,386.0409,2433.0537	301.43378,288.6864,2496.894	340.25513,472.71432,2508.3987	378.94232,127.113235,2409.132	282.90985,107.77617,2356.159	
322.149,146.16101,2538.8796	323.41684,194.04842,2523.5286	288.11853,193.93564,2502.5083	239.37903,162.09677,2365.128	323.41684,194.04842,2523.5286	358.132,194.15935,2544.5488	402.5173,180.90541,2493.986	323.9583,241.946,2518.314	302.40964,290.4765,2499.9534	284.89896,388.66504,2419.0093	346.36444,289.61267,2526.2454	269.52448,468.73077,2530.4756	340.7397,388.1216,2416.0222	302.40964,290.4765,2499.9534	341.20425,474.9552,2494.135	363.42407,137.52428,2402.6392	292.53027,125.376045,2377.1245	
321.68936,148.67049,2509.6807	323.38388,195.98764,2524.271	288.07095,195.66916,2504.5205	241.60596,169.08353,2354.576	323.38388,195.98764,2524.271	358.1485,196.30118,2544.0215	398.64233,184.3386,2467.9602	323.5145,243.88844,2521.2798	301.5731,292.17676,2505.9358	283.79495,390.29626,2404.0989	345.50223,291.63196,2530.6414	268.89795,468.1042,2531.861	339.21048,389.87683,2405.8474	301.5731,292.17676,2505.9358	339.3019,476.16672,2489.8838	349.05228,149.07556,2415.0151	299.72437,140.46573,2390.5845	
321.41586,150.4838,2522.5437	321.99527,198.14636,2524.987	286.6533,198.34305,2507.8132	243.49536,176.54974,2350.2585	321.99527,198.14636,2524.987	356.85974,197.95232,2542.161	397.8364,193.61732,2452.5344	322.66928,246.03122,2524.2534	301.28488,294.4763,2512.7766	286.14227,392.6375,2386.3518	345.21542,293.41608,2534.263	271.07983,468.8628,2525.6965	340.24863,391.089,2385.7764	301.28488,294.4763,2512.7766	340.4171,475.26733,2487.616	344.89282,158.95535,2428.1707	302.8064,151.20097,2393.8152	
321.19043,152.07372,2536.523	321.61432,199.54912,2528.2126	286.28888,199.96907,2514.4	246.14835,183.99335,2344.1228	321.61432,199.54912,2528.2126	356.5559,199.13373,2542.0254	397.33594,202.77246,2447.4058	322.52798,247.37575,2526.13	301.36145,295.87274,2515.407	287.5334,393.77606,2366.8901	345.37418,294.69394,2532.6873	272.8458,468.43286,2518.2031	341.13412,392.34442,2374.3103	301.36145,295.87274,2515.407	342.36615,477.61478,2471.448	345.7037,164.26276,2432.5493	304.70383,156.7987,2393.6414	
321.10278,155.36478,2535.5698	322.24573,203.21968,2526.6003	286.8933,202.8627,2516.7056	246.12091,188.02559,2343.914	322.24573,203.21968,2526.6003	357.3223,203.57388,2536.495	396.02374,208.34892,2449.2532	321.97137,251.07265,2525.7524	299.5925,298.9699,2518.7134	286.5392,396.83954,2358.7078	343.69308,298.94568,2531.0957	271.5918,469.69745,2519.4417	339.30692,396.78366,2366.256	299.5925,298.9699,2518.7134	340.39996,481.43158,2468.2007	346.5054,165.85806,2429.1677	304.35632,158.98465,2395.458	
321.4914,157.80238,2533.5242	323.14352,206.93225,2521.8787	287.71326,206.64764,2512.9663	246.26405,188.34155,2349.453	323.14352,206.93225,2521.8787	358.32425,207.21484,2530.791	397.27054,208.0018,2453.1208	322.89523,254.86801,2523.4124	300.55078,302.77997,2519.3738	289.034,401.11993,2358.2336	344.64636,302.71124,2530.5183	273.70007,474.67648,2514.0383	342.46793,400.95844,2365.1985	300.55078,302.77997,2519.3738	343.9846,484.11163,2475.3882	348.55234,163.7938,2418.698	303.69147,156.75388,2390.4946	
319.96936,157.36987,2549.5032	323.48428,208.78314,2521.2805	288.04343,208.62253,2514.2634	247.54114,183.68448,2355.7292	323.48428,208.78314,2521.2805	358.7284,208.94287,2528.2976	398.17273,202.58148,2464.5544	323.38068,256.74408,2521.6377	301.14233,304.75827,2517.6067	288.57462,403.51605,2368.7488	345.33493,304.6248,2526.383	271.51575,476.87604,2521.2258	343.1454,403.52454,2372.4358	301.14233,304.75827,2517.6067	343.08563,487.77383,2473.785	351.70682,158.18384,2397.178	303.9897,149.37613,2372.8674	
321.06003,155.9972,2566.498	323.2585,204.32315,2533.2446	287.97937,204.29207,2525.8538	246.8721,177.73523,2359.8884	323.2585,204.32315,2533.2446	358.3324,204.35406,2540.6355	402.02475,194.93985,2480.2566	323.53387,251.89745,2518.8198	301.5205,300.17706,2499.773	286.17108,400.2854,2369.7617	346.02216,299.86304,2509.017	271.29764,475.67505,2514.5518	344.30383,400.5429,2374.5366	301.5205,300.17706,2499.773	339.99008,485.45386,2471.1812	360.69724,149.4064,2379.9856	301.2891,140.57327,2342.2307	
321.68494,153.40616,2566.512	323.62912,200.23671,2534.4204	288.41455,200.0899,2520.6519	243.67874,174.75119,2378.46	323.62912,200.23671,2534.4204	358.46317,200.38193,2548.189	406.2994,188.78171,2497.1472	324.14532,247.73936,2515.1938	302.33563,296.21243,2487.3489	285.7887,395.6891,2391.4019	346.84955,295.73688,2504.5857	270.5349,475.21515,2508.7515	343.6789,395.7731,2401.662	302.33563,296.21243,2487.3489	339.79166,482.7152,2479.393	373.6528,140.26053,2373.142	289.3802,130.82571,2311.631	
321.93576,149.18347,2567.0203	323.86456,195.32712,2533.264	288.67014,195.21623,2515.751	242.33014,171.07126,2395.253	323.86456,195.32712,2533.264	358.57574,195.43648,2550.7769	407.84808,180.63943,2518.088	324.75656,242.76999,2510.825	303.3225,291.42133,2477.4338	284.86053,390.38763,2400.2246	347.81097,290.71875,2499.3381	270.49457,471.4361,2509.706	342.462,390.16943,2421.0369	303.3225,291.42133,2477.4338	343.11313,480.19757,2470.282	388.4788,128.44058,2372.3625	270.9261,119.61808,2291.3943	
322.5136,144.74197,2566.7642	324.32217,190.33302,2530.735	289.1583,190.06543,2509.3274	241.50327,164.41634,2406.1335	324.32217,190.33302,2530.735	358.89615,190.59612,2552.1428	408.34955,172.03914,2536.0542	325.381,237.72404,2505.689	304.10516,286.4214,2467.254	283.95834,384.83606,2408.6387	348.5773,285.72647,2494.0317	268.18234,466.91272,2509.9302	342.38214,384.902,2430.8853	304.10516,286.4214,2467.254	344.63086,475.47083,2474.937	403.7401,116.25609,2385.7456	253.10942,106.77098,2283.1218	
323.16534,141.41434,2575.628	324.86206,186.02684,2532.791	289.71127,185.68028,2511.7717	240.19751,154.24548,2410.065	324.86206,186.02684,2532.791	359.4342,186.36769,2553.8103	410.21475,164.2308,2547.0308	326.03314,233.13799,2502.051	304.78873,281.70972,2458.1687	282.59113,379.2307,2419.8193	349.44052,281.13556,2484.4534	267.75485,464.03598,2502.2234	343.3347,380.58942,2424.522	304.78873,281.70972,2458.1687	345.82404,470.93066,2473.85	419.95898,106.30371,2407.946	233.37534,92.77484,2292.4126	
323.7133,138.95767,2571.5425	325.33386,183.29733,2529.29	290.13586,182.87508,2508.052	240.3167,147.79413,2413.5037	325.33386,183.29733,2529.29	359.9457,183.71255,2550.528	412.17062,156.98264,2546.011	326.44858,230.46881,2498.8315	305.11697,279.05136,2455.0918	282.8453,376.2292,2428.6897	349.82404,278.56018,2481.6543	266.66003,461.5714,2504.3884	342.19244,377.68738,2432.1099	305.11697,279.05136,2455.0918	347.6222,467.49835,2482.9841	435.26666,100.02634,2445.6394	215.81146,88.29503,2314.9524	
324.0729,137.22357,2570.5151	325.61072,181.42123,2526.5854	290.32397,181.1844,2508.7642	239.79446,141.71484,2412.2542	325.61072,181.42123,2526.5854	360.4032,181.65475,2544.4067	412.5564,150.1005,2543.0015	326.75876,228.59775,2495.347	305.37024,277.25314,2452.96	283.918,374.6776,2428.4038	350.2983,276.69022,2475.2568	266.3608,459.68552,2505.3137	343.1914,376.3333,2415.9028	305.37024,277.25314,2452.96	348.6744,464.034,2487.558	447.49286,99.81108,2497.876	200.1438,89.493546,2350.2598	
324.35468,137.699,2568.0134	325.8659,181.31769,2522.9915	290.51636,181.11029,2505.74	240.31754,139.35583,2413.6467	325.8659,181.31769,2522.9915	360.73535,181.52226,2540.243	411.27832,146.65253,2541.5034	327.03632,228.5343,2490.9946	305.622,277.2685,2448.2095	284.35364,375.14508,2419.6292	350.65472,276.69342,2469.7861	266.3454,459.52078,2502.654	343.41772,376.62167,2408.778	305.622,277.2685,2448.2095	347.81598,464.5595,2481.6292	454.47964,106.00235,2537.9617	190.42679,96.961044,2383.991	
324.7145,139.39828,2558.2683	326.12396,182.94568,2515.6733	290.6374,182.77524,2502.293	240.30249,140.86676,2412.8438	326.12396,182.94568,2515.6733	361.23505,183.11432,2529.0537	413.85632,144.99649,2536.764	326.94583,230.45851,2487.2988	305.1231,279.28732,2450.5535	284.787,377.6358,2413.327	350.29636,278.8499,2467.2952	265.91107,459.58572,2512.0183	342.81897,379.0901,2396.5999	305.1231,279.28732,2450.5535	345.43567,465.36548,2484.362	461.1543,113.10056,2577.0916	185.33636,104.59384,2410.192	
324.84967,142.16675,2552.8723	326.26385,185.36147,2510.2207	290.68774,185.23279,2497.6355	237.93091,142.51132,2416.9253	326.26385,185.36147,2510.2207	361.48505,185.48886,2522.806	415.19763,146.49951,2535.8662	327.0596,233.02957,2482.3591	305.16757,282.00784,2446.6274	285.70862,381.29776,2390.6675	350.43414,281.5533,2462.3677	265.53442,460.16962,2509.9531	343.19138,382.2317,2382.641	305.16757,282.00784,2446.6274	345.6285,468.29498,2474.8877	465.20496,120.40648,2597.2441	180.67673,108.911575,2435.0813	
324.41946,145.88632,2550.6772	325.6604,189.39194,2507.2988	290.04413,189.24185,2493.6885	236.69673,147.33463,2420.9526	325.6604,189.39194,2507.2988	360.8921,189.5404,2520.9092	413.51886,153.35072,2534.4373	326.45468,237.17912,2479.9072	304.5449,286.27457,2444.0037	284.24326,385.9829,2374.9175	349.83136,285.79462,2461.0276	265.52155,462.35297,2512.2432	342.1502,386.7199,2375.3801	304.5449,286.27457,2444.0037	344.8325,471.9431,2473.861	460.62598,120.20482,2583.626	180.71657,111.01372,2446.3564	
323.94324,149.0812,2524.0833	325.31915,193.78044,2496.4456	289.546,193.89838,2482.782	232.99927,151.17517,2426.444	325.31915,193.78044,2496.4456	360.70285,193.66379,2510.1091	414.73926,156.56587,2527.2493	326.15884,242.02411,2481.6675	304.41833,291.25772,2458.3438	283.89795,390.74136,2374.5303	349.4429,290.43674,2475.435	266.48782,463.53607,2531.2441	342.35593,391.03937,2382.706	304.41833,291.25772,2458.3438	344.80948,474.87866,2487.497	460.46472,121.36129,2583.949	178.69797,112.80945,2465.1736	
322.5006,150.68417,2502.8027	324.60016,196.57109,2487.2551	288.71835,197.4158,2472.7664	230.15875,155.05048,2431.164	324.60016,196.57109,2487.2551	360.06638,195.73615,2501.744	416.4089,159.18103,2522.7136	326.19543,245.06146,2482.6675	305.32773,294.61728,2469.016	282.35645,393.21918,2357.0884	350.10168,292.85193,2487.1436	267.74683,463.2304,2532.526	343.2938,393.02423,2375.4287	305.32773,294.61728,2469.016	345.90695,475.35617,2490.4424	460.3371,121.74827,2585.7615	177.28398,115.2244,2482.8943	
320.07312,150.92691,2492.621	323.092,197.67593,2482.5645	287.15237,199.28206,2470.4358	227.82349,160.41916,2437.0254	323.092,197.67593,2482.5645	358.68222,196.08542,2494.693	417.45502,161.44476,2518.362	325.54147,246.25891,2482.641	305.56573,296.13956,2475.1306	280.4176,390.81216,2327.2598	350.2792,293.54614,2490.305	268.91638,456.847,2528.0896	342.22113,393.4864,2370.3313	305.56573,296.13956,2475.1306	345.76758,475.57404,2487.5977	461.31293,122.46856,2578.7063	175.44862,118.52307,2479.8755	
317.28152,148.3977,2486.5298	320.6284,195.75093,2479.5405	284.65674,197.77527,2471.7617	224.7081,165.2106,2447.481	320.6284,195.75093,2479.5405	356.37506,193.73924,2487.3193	418.65118,162.98457,2510.6592	323.53055,244.39679,2481.354	303.99554,294.4256,2478.301	276.87915,384.3504,2314.2488	348.77362,291.52332,2488.034	270.64877,450.1896,2523.554	339.7769,391.44342,2379.5425	303.99554,294.4256,2478.301	343.16574,475.29816,2484.399	466.1552,126.98128,2569.1738	170.68716,123.49539,2479.7402	
313.98123,144.43188,2492.5125	318.04556,191.6539,2480.5598	282.0981,194.07753,2472.626	221.32887,170.4552,2462.7617	318.04556,191.6539,2480.5598	353.7638,189.24574,2488.4937	419.0171,167.322,2506.8123	321.56476,240.24664,2477.9536	302.60733,290.65393,2470.3865	275.08197,378.30072,2301.1477	347.4855,287.23633,2480.3083	274.168,444.57635,2514.568	338.75436,387.06613,2397.203	302.60733,290.65393,2470.3865	343.49057,474.44202,2473.4016	471.5827,135.93115,2556.6575	162.88715,131.35672,2464.3164	
310.69907,138.97513,2486.5007	314.5826,186.75784,2478.2598	278.56165,188.79852,2470.5547	218.07199,177.11617,2474.3865	314.5826,186.75784,2478.2598	350.3803,184.72983,2485.9648	416.30774,172.1206,2508.398	317.57715,235.4452,2477.2866	298.06784,285.6364,2471.4949	270.65155,371.31903,2314.6519	342.99277,282.7109,2481.132	273.97653,440.17102,2518.0825	333.89474,381.98544,2418.8252	298.06784,285.6364,2471.4949	342.67554,471.37567,2472.067	475.14276,152.15361,2535.378	155.35095,141.9736,2448.7234	
306.946,133.11902,2500.016	310.67242,180.25594,2483.4805	274.72803,182.56935,2473.598	214.58142,183.4982,2482.2415	310.67242,180.25594,2483.4805	346.3319,177.96086,2493.363	408.72644,177.8984,2507.187	314.2366,228.6752,2473.9329	295.2234,279.1701,2458.204	272.4922,372.04266,2335.8647	340.32028,275.77765,2470.5664	278.80597,447.03052,2502.9082	334.70816,375.71454,2405.1035	295.2234,279.1701,2458.204	345.4235,466.6093,2450.8281	469.6491,173.06374,2506.677	147.16367,158.12881,2427.9329	
303.1943,129.354,2498.7527	306.5493,176.57132,2482.259	270.55426,178.70009,2470.0615	212.58398,191.70099,2483.114	306.5493,176.57132,2482.259	342.1923,174.46338,2494.4565	401.654,185.7351,2501.0945	309.99377,225.02284,2471.9897	290.82907,275.52118,2454.0916	271.016,371.64505,2368.4316	335.96503,272.2462,2469.3494	278.87708,451.52646,2501.208	332.11252,372.40503,2397.0164	290.82907,275.52118,2454.0916	342.92993,462.3516,2454.022	462.09705,192.85036,2484.9692	142.53368,181.957,2396.9	
298.8522,127.10155,2498.6228	301.86322,174.28354,2480.8633	265.80432,176.15302,2467.6824	213.24373,199.3346,2487.0515	301.86322,174.28354,2480.8633	337.541,172.4338,2494.0442	390.11853,195.99948,2491.0525	305.02106,222.75871,2469.2993	285.51108,273.19574,2449.492	271.81494,371.5871,2382.319	330.7544,270.19443,2465.9788	279.15802,455.03973,2490.9749	328.08838,370.57672,2377.1697	285.51108,273.19574,2449.492	341.295,460.52185,2438.3489	446.94125,214.80563,2467.077	145.17569,205.91837,2374.2078	
295.48035,126.69484,2514.554	298.4745,173.12689,2485.2756	262.5604,174.25287,2461.9788	217.13855,208.40176,2489.4753	298.4745,173.12689,2485.2756	333.72153,172.02185,2508.5725	381.39697,207.57745,2485.072	301.44073,221.22563,2464.1357	281.67114,271.4558,2428.3928	273.99472,371.55356,2380.1648	326.9746,268.8732,2457.5989	282.73407,457.52057,2472.7803	326.58005,369.25134,2342.0435	281.67114,271.4558,2428.3928	340.31802,457.38657,2425.393	431.9539,239.82527,2439.8035	156.63036,233.2302,2366.5535	
291.1427,128.98044,2497.526	293.88876,176.2951,2475.8027	257.76047,177.52515,2451.9111	220.39136,216.347,2490.7341	293.88876,176.2951,2475.8027	329.32642,175.08858,2499.6943	370.8031,217.22523,2475.272	296.80762,224.77823,2460.5217	276.90778,275.24908,2430.2363	273.30814,374.9177,2401.1802	322.3394,272.50238,2460.245	283.71594,459.56323,2497.2952	322.0765,372.30035,2318.7886	276.90778,275.24908,2430.2363	335.66537,458.70465,2419.3145	411.7911,261.15942,2416.935	169.3286,255.0253,2357.5537	
287.49072,132.99152,2489.526	290.21906,180.56287,2470.6418	254.02576,181.9753,2443.16	222.74338,228.1497,2486.3784	290.21906,180.56287,2470.6418	325.61606,179.18149,2498.1238	359.47684,226.81836,2464.886	293.4618,229.21613,2457.382	273.944,279.98325,2426.8938	273.29242,380.83612,2387.0767	319.21625,276.8336,2461.3508	286.49405,463.7691,2494.492	319.91556,375.33548,2288.3962	273.944,279.98325,2426.8938	332.31863,462.5193,2392.005	388.0118,279.75415,2399.095	183.73994,278.0573,2348.1707	
284.21667,138.48618,2485.0173	285.9998,186.28394,2466.6243	249.64938,187.27858,2440.0496	225.94693,235.71144,2475.9568	285.9998,186.28394,2466.6243	321.5753,185.31052,2493.199	347.97305,234.43927,2461.6519	288.52213,235.09549,2453.0835	268.18912,285.75006,2422.9058	267.40723,387.69513,2366.6724	313.6458,283.16537,2456.1797	286.01385,467.3399,2491.199	313.30627,379.37488,2245.1	268.18912,285.75006,2422.9058	322.62494,465.93842,2363.016	365.98767,292.77106,2394.374	204.00874,295.1244,2355.6816	
280.5915,144.16629,2475.7332	281.7355,192.2775,2459.717	245.23703,192.7453,2431.107	227.25618,242.84428,2464.3882	281.7355,192.2775,2459.717	317.39465,191.82047,2488.3271	337.11057,246.10455,2460.7524	283.48413,241.32083,2447.772	262.31055,291.86942,2417.9226	266.01407,394.5238,2335.614	307.85455,289.8359,2453.7312	291.77286,469.48383,2480.175	308.97748,388.26767,2212.1736	262.31055,291.86942,2417.9226	314.2689,471.21362,2354.5403	354.0483,306.82553,2414.1333	216.92535,307.44513,2357.5557	
276.38452,149.68613,2461.1077	277.30035,198.36475,2449.8083	240.60925,198.70679,2419.6511	226.84018,251.68706,2446.2664	277.30035,198.36475,2449.8083	313.09912,198.03102,2479.9656	329.06226,252.6857,2453.3782	278.71716,247.68076,2441.647	257.16632,298.31512,2414.621	267.7903,400.79984,2322.1462	302.76718,296.3552,2452.35	292.97174,476.7256,2464.2751	304.38882,390.8417,2190.2627	257.16632,298.31512,2414.621	303.20084,476.75134,2320.3735	347.2881,314.2338,2411.4207	222.85411,319.8118,2357.0408	
272.3178,152.47668,2454.294	272.9133,201.46288,2442.7173	236.07741,201.56813,2410.7659	223.96548,259.1961,2431.5542	272.9133,201.46288,2442.7173	308.79797,201.36035,2474.6687	326.56152,261.7161,2440.1821	274.0011,250.95088,2434.7256	252.03435,301.6554,2406.7478	268.88086,403.54092,2294.8198	297.78098,299.88882,2446.72	287.38663,471.7448,2481.6973	298.0191,393.1614,2177.0105	252.03435,301.6554,2406.7478	284.9133,480.7909,2290.9954	347.87933,322.91315,2370.9255	219.48105,329.46686,2355.6577	
267.7193,154.23773,2450.9075	268.5505,203.07158,2434.949	231.62076,203.21642,2398.8264	216.58449,264.59818,2412.2944	268.5505,203.07158,2434.949	304.40054,202.93098,2471.0715	328.84442,265.63928,2436.607	269.86227,252.71036,2425.2476	248.0469,303.78012,2392.9453	270.91913,404.89206,2269.1206	293.8933,301.73474,2438.147	283.81775,466.2946,2491.0994	292.48907,393.12207,2155.8574	248.0469,303.78012,2392.9453	266.28238,479.8343,2261.3733	357.90692,323.97092,2362.0137	208.51518,337.14703,2344.7173	
263.31433,151.76834,2440.7273	264.34686,200.83609,2424.2954	227.33546,201.13203,2382.8752	204.1138,261.39597,2395.6738	264.34686,200.83609,2424.2954	300.11484,200.5501,2465.7156	328.28665,259.95862,2445.3337	266.06906,250.67973,2415.772	244.66681,302.15045,2381.3306	260.92346,402.7951,2328.4697	290.4472,299.62936,2433.1665	291.4615,467.59778,2502.041	281.32217,389.8437,2147.892	244.66681,302.15045,2381.3306	250.03885,476.71924,2248.8086	368.95117,307.03616,2392.074	181.37335,330.10184,2328.0544	
259.34183,146.55809,2429.1133	260.3529,195.76625,2411.7395	223.19806,195.83118,2366.1455	201.32233,243.13733,2389.8408	260.3529,195.76625,2411.7395	296.12897,195.70374,2457.3335	332.69598,250.87892,2454.1719	262.1084,245.84264,2402.0498	240.66017,297.57837,2363.8442	255.4647,397.68457,2354.5974	286.54907,295.10046,2420.876	293.1344,467.45074,2490.8606	276.43973,380.0946,2130.626	240.66017,297.57837,2363.8442	235.439,466.61517,2217.645	378.99316,292.31583,2426.3882	165.94913,300.88016,2327.4956	
254.87106,141.01155,2414.3088	256.4439,190.8143,2398.2566	219.10117,190.77495,2349.612	192.82977,229.71317,2378.424	256.4439,190.8143,2398.2566	292.30194,190.85207,2446.9011	336.50012,239.9263,2462.0916	258.316,241.15353,2388.8696	236.89447,293.1742,2349.0637	252.14629,391.49066,2380.3433	282.92285,290.63812,2409.9016	289.78094,466.94238,2484.688	263.00232,378.69943,2135.5876	236.89447,293.1742,2349.0637	224.14969,468.50156,2209.803	388.49127,269.7865,2467.7908	149.72472,277.55933,2334.686	
250.24048,135.02478,2399.8965	252.12091,185.12404,2384.2322	214.48663,184.69937,2334.5295	178.43152,220.69424,2363.7048	252.12091,185.12404,2384.2322	288.21817,185.53136,2433.9348	339.7479,226.45421,2472.0444	253.67438,235.74884,2374.7349	231.74577,287.86816,2334.159	245.56587,385.91174,2386.0366	278.12543,285.7205,2396.3162	285.30283,464.68457,2466.1687	249.89703,375.1209,2135.2834	231.74577,287.86816,2334.159	215.79494,469.10022,2196.4104	393.4507,246.95395,2515.366	127.18414,259.60342,2324.9814	
245.72437,129.69247,2392.7012	247.76447,179.53152,2372.7063	209.90125,178.81995,2321.4692	158.97012,211.85248,2354.8535	247.76447,179.53152,2372.7063	284.02698,180.213,2423.9434	340.9947,211.76347,2479.5334	249.35352,230.30974,2359.7524	227.25662,282.6158,2314.7559	240.60472,381.10016,2377.024	274.02502,280.70728,2378.8413	280.86023,461.0597,2454.8748	241.13364,371.3898,2128.2998	227.25662,282.6158,2314.7559	213.08891,468.3021,2186.3474	395.09726,226.51994,2548.1396	98.59389,243.57759,2304.0693	
240.9007,124.9755,2381.1003	242.62811,174.41785,2358.0076	204.33061,173.47365,2308.9336	143.09705,200.40106,2349.4275	242.62811,174.41785,2358.0076	279.36407,175.32355,2407.0815	338.6741,198.15749,2487.7734	244.04471,225.41588,2341.9973	221.4231,277.89523,2295.2932	231.41345,377.53046,2360.4546	268.91187,276.357,2356.681	273.84836,456.16367,2449.1213	231.677,369.15518,2126.4355	221.4231,277.89523,2295.2932	211.00407,470.23328,2168.9778	392.974,203.12239,2571.3704	75.749695,223.04501,2291.4648	
236.08543,122.63909,2367.8013	237.73653,171.67572,2343.2048	199.04776,170.5551,2295.286	132.1543,188.47922,2344.7168	237.73653,171.67572,2343.2048	274.8746,172.75143,2391.1238	336.95166,187.2057,2490.8926	239.00296,222.9107,2324.642	215.9233,275.62384,2276.1104	222.1503,377.51508,2329.0967	264.03107,274.33398,2336.0483	269.35144,451.50568,2442.0864	223.47421,369.1181,2125.4812	215.9233,275.62384,2276.1104	212.72745,471.20007,2171.8914	391.45413,187.7908,2591.328	59.10681,199.73212,2270.9666	
230.81012,121.84062,2361.147	231.55045,170.3825,2329.433	192.43402,169.10318,2284.4382	123.65158,178.38802,2335.8489	231.55045,170.3825,2329.433	269.18436,171.61337,2374.428	326.53934,178.89339,2474.9563	232.58862,221.70276,2305.1155	208.86095,274.60193,2252.6516	208.17496,378.67126,2291.9	257.8326,273.64462,2308.944	261.54776,446.48788,2431.0615	214.284,370.80316,2124.4656	208.86095,274.60193,2252.6516	213.62326,474.92657,2160.1824	379.68817,172.52719,2572.396	47.270447,180.36377,2266.3838	
225.64325,124.24428,2343.3467	225.58466,172.97531,2311.7532	185.99538,171.704,2271.4553	118.514755,172.49799,2328.4524	225.58466,172.97531,2311.7532	263.81735,174.20305,2352.051	321.1827,170.39096,2459.5034	226.12166,224.7381,2287.2415	201.53642,277.99408,2237.516	193.36427,384.49823,2246.5083	251.25021,277.25885,2287.9434	253.08536,443.65802,2418.459	207.63405,377.28912,2128.5984	201.53642,277.99408,2237.516	214.50839,480.67502,2168.4785	372.6588,157.4047,2560.1106	41.29651,162.50955,2264.1968	
219.6335,128.64282,2319.9238	219.6016,177.9382,2292.7893	179.58885,177.20895,2258.6858	113.61258,167.56572,2320.7207	219.6016,177.9382,2292.7893	258.44147,178.64607,2326.8928	317.07275,165.51831,2440.764	220.1647,230.29434,2271.537	195.37523,284.18906,2228.9429	172.9802,391.70203,2171.0447	245.62512,283.10013,2271.627	238.6283,439.84256,2385.1716	203.96942,385.89664,2125.751	195.37523,284.18906,2228.9429	213.9162,489.89267,2161.962	365.88242,144.84662,2544.715	37.344604,145.86597,2258.059	
214.202,133.50308,2301.202	214.67706,182.92065,2277.533	174.32309,182.62212,2245.765	109.124405,165.35492,2313.846	214.67706,182.92065,2277.533	253.92078,183.21098,2309.301	314.2422,162.0525,2418.3823	215.49933,235.75087,2259.228	190.84079,290.20798,2221.0623	156.49565,404.0229,2132.4124	241.38133,288.6938,2260.784	241.54344,431.35422,2322.5967	200.87732,393.19345,2115.326	190.84079,290.20798,2221.0623	213.43927,495.60272,2164.7136	358.7454,134.25385,2528.8254	35.61017,132.11615,2244.344	
207.22122,138.4284,2278.844	208.1145,188.70984,2259.6663	167.42715,188.87775,2232.1643	104.57938,164.55617,2304.4075	208.1145,188.70984,2259.6663	247.82336,188.54596,2287.1682	308.66312,163.02795,2388.2024	209.1605,242.09343,2246.604	184.60391,297.0407,2216.3396	137.08826,411.59015,2108.4407	235.44202,295.1765,2250.744	233.32007,433.28308,2356.533	193.72769,400.38632,2097.113	184.60391,297.0407,2216.3396	211.4931,500.1067,2164.4814	354.19437,131.17589,2480.1443	33.298096,125.02675,2241.8218	
200.3443,140.65825,2266.649	201.18185,191.5763,2246.4648	160.35515,192.21835,2224.577	99.30478,165.99138,2298.6814	201.18185,191.5763,2246.4648	241.22067,190.94662,2268.3528	302.39304,164.6276,2354.0881	202.51685,245.3139,2234.9937	178.1685,300.6798,2209.8281	122.73279,408.9652,2087.5588	229.24815,298.5453,2237.2168	215.55447,433.94897,2331.124	191.9216,406.29437,2084.94	178.1685,300.6798,2209.8281	213.44128,501.84402,2175.8232	351.5022,133.84174,2438.8987	28.544006,122.80383,2233.3274	
193.06244,139.35587,2254.5562	193.68869,190.72475,2235.871	153.03793,191.79486,2222.638	97.13815,169.66986,2292.4626	193.68869,190.72475,2235.871	233.86108,189.6672,2249.1042	295.87384,166.18567,2325.5383	195.21342,244.73532,2226.3608	171.14856,300.29056,2208.5652	108.32692,400.66104,2078.783	222.16325,298.13608,2225.136	193.94603,439.1593,2304.5305	190.62215,408.10022,2094.3235	171.14856,300.29056,2208.5652	213.68436,501.15805,2195.927	350.5555,140.15312,2392.7366	24.431824,130.56433,2231.8977	
185.05151,135.57108,2248.4846	187.07697,187.80692,2227.3765	146.452,189.58055,2217.878	91.06807,171.63278,2286.0332	187.07697,187.80692,2227.3765	227.35693,186.04834,2236.875	290.45444,170.58875,2294.2334	189.3782,241.97697,2218.0327	166.14435,298.01483,2202.752	99.951675,391.84674,2068.712	217.11646,295.20346,2214.626	178.93617,441.66492,2279.2046	193.02098,406.51343,2114.1162	166.14435,298.01483,2202.752	214.65506,501.72903,2200.1528	350.29526,152.28357,2343.2935	14.132965,141.55344,2223.3137	
177.00436,129.63594,2244.494	179.76448,182.16083,2221.9443	138.89975,184.14139,2210.971	84.79993,173.23944,2278.0735	179.76448,182.16083,2221.9443	220.22754,180.19974,2232.9177	285.99326,178.57777,2266.626	182.4144,236.41989,2212.4233	159.38832,292.73468,2196.0435	91.319916,381.99548,2070.5986	210.62662,289.57108,2209.7612	160.4888,443.99915,2261.987	189.83316,400.92435,2134.233	159.38832,292.73468,2196.0435	210.0422,498.76733,2200.9155	349.34128,166.77979,2296.2769	4.4039,156.28543,2215.668	
168.80597,122.5028,2243.0916	170.16524,174.53528,2221.588	129.85468,176.06085,2218.6458	76.74663,175.97354,2268.7659	170.16524,174.53528,2221.588	210.36917,173.01373,2224.53	276.72913,185.79816,2234.9185	171.71307,228.8014,2211.3052	147.6544,284.63623,2199.1687	91.55795,383.06866,2104.5994	198.85318,282.5147,2202.8762	141.59842,458.55307,2259.8198	182.15448,395.85907,2128.0476	147.6544,284.63623,2199.1687	204.13943,494.91534,2188.4294	342.28027,186.77423,2250.679	-5.435791,174.70244,2199.354	
160.82349,116.208496,2235.7842	161.92186,168.81656,2217.3206	121.43245,170.03973,2213.8662	66.1913,181.89398,2255.7615	161.92186,168.81656,2217.3206	202.28531,167.5972,2220.775	264.434,195.72803,2206.9512	163.12975,223.20122,2208.1206	138.75749,278.9218,2196.7542	92.79306,382.29553,2124.0364	189.88759,277.16183,2201.0872	123.15915,471.35406,2222.3333	176.16673,390.4584,2120.593	138.75749,278.9218,2196.7542	200.59283,490.67297,2173.527	330.47806,207.20189,2196.582	-14.811737,196.94106,2179.7854	
153.2823,111.58328,2233.113	152.56763,164.78934,2216.0496	111.90994,164.87799,2211.387	59.745514,188.34537,2245.213	152.56763,164.78934,2216.0496	193.05457,164.70105,2220.7122	246.55748,203.78096,2183.4387	152.34644,219.22331,2207.859	126.42171,274.26437,2196.7402	87.94115,380.8738,2131.405	177.75719,273.8615,2202.5962	104.349045,475.0407,2215.1458	162.00359,386.7331,2092.1162	126.42171,274.26437,2196.7402	189.36546,484.2074,2169.3105	305.87784,230.98306,2142.2542	-16.31488,219.41835,2159.9482	
145.06067,110.60159,2230.2915	144.10567,163.80876,2214.1724	102.96846,163.54562,2204.5188	54.55374,197.20421,2235.9172	144.10567,163.80876,2214.1724	184.88573,164.06961,2223.826	227.36281,212.51427,2160.4983	143.70102,218.30434,2206.2837	117.361694,273.3271,2192.3438	87.16405,382.68115,2131.768	169.08287,273.05573,2204.4463	95.17607,480.0329,2204.1394	149.42734,384.29633,2053.1616	117.361694,273.3271,2192.3438	181.0048,478.31677,2157.8525	271.85773,256.2687,2084.285	-13.8284,241.96753,2133.6794	
136.8904,112.43038,2229.5437	136.31226,165.3313,2211.6592	94.42815,165.54723,2192.5034	51.16156,207.48117,2223.8552	136.31226,165.3313,2211.6592	177.47704,165.1191,2230.815	208.0938,219.5666,2144.4355	136.97374,219.8133,2201.4082	111.221405,275.54477,2179.1443	85.16524,387.2467,2113.944	163.77333,274.07336,2203.1702	92.64914,484.44678,2196.3328	131.91595,386.0651,2002.8975	111.221405,275.54477,2179.1443	172.78114,474.84613,2135.6467	234.6928,275.3464,2046.6204	-8.18634,263.09888,2112.5693	
128.053,116.07863,2216.0798	127.75816,169.57181,2204.729	85.11597,169.97766,2176.9727	48.442932,217.85449,2209.2996	127.75816,169.57181,2204.729	169.34003,169.17606,2232.4854	188.99277,223.79704,2141.0874	129.24738,224.28133,2197.3267	104.023605,280.4933,2172.5498	79.798584,393.15802,2112.191	157.04897,278.24597,2207.2988	88.0558,490.45016,2195.9858	111.86459,392.39557,1964.0736	104.023605,280.4933,2172.5498	157.94485,476.818,2120.5566	199.05826,286.41248,2031.446	-0.9992981,281.34808,2085.9763	
119.66974,121.347626,2215.269	118.81009,174.65686,2200.9756	75.59744,174.62317,2167.3691	45.925232,229.0685,2195.1326	118.81009,174.65686,2200.9756	160.72295,174.68951,2234.582	169.8489,240.81535,2123.5376	119.83693,229.45894,2191.395	93.91362,285.787,2160.8955	70.20572,400.0071,2090.1074	147.31993,283.71747,2202.7334	87.95506,494.0971,2193.9526	90.140045,398.16443,1920.1189	93.91362,285.787,2160.8955	143.11281,481.2758,2083.3027	156.52567,305.74384,2008.7136	10.004944,298.94525,2068.2314	
110.87607,127.22468,2208.4077	108.38794,180.0271,2194.0493	64.92587,178.63554,2161.7556	42.763916,239.99304,2173.2102	108.38794,180.0271,2194.0493	150.58914,181.37828,2226.343	154.58621,243.87807,2131.9102	107.29622,235.02103,2183.9077	79.08119,290.68964,2153.7104	61.666656,405.57428,2073.4841	132.81172,290.36948,2193.8218	90.05177,494.81702,2199.4993	69.85152,401.6161,1885.1127	79.08119,290.68964,2153.7104	126.566025,484.934,2051.5327	130.59178,309.2878,2010.1147	20.511719,315.29425,2061.437	
102.152466,132.33322,2205.429	98.56947,185.75131,2186.3542	54.64981,183.71432,2151.866	37.09491,247.69965,2154.3367	98.56947,185.75131,2186.3542	141.12509,187.72504,2220.8425	140.52126,249.31091,2134.0784	96.45407,240.94345,2174.0	64.53581,296.59195,2138.4436	50.50302,413.516,2072.4001	123.46071,296.93723,2184.848	76.61549,505.49518,2188.0874	54.969543,406.0417,1863.4106	64.53581,296.59195,2138.4436	111.22568,491.50348,2026.7167	116.637405,316.99585,2010.8027	24.694794,326.21646,2057.283	
93.425415,135.01923,2190.4324	89.55345,189.33847,2174.5974	44.947662,187.0097,2135.2114	28.971558,254.89386,2135.8806	89.55345,189.33847,2174.5974	132.57222,191.58437,2213.9834	131.22504,255.14006,2135.164	87.30528,244.8875,2165.762	55.988922,300.71542,2131.37	54.924194,414.9696,2086.342	113.40808,301.0637,2182.483	91.62538,502.58536,2209.6716	39.619873,390.02264,1839.1766	55.988922,300.71542,2131.37	81.133804,482.7076,1994.9619	115.45732,324.81195,2013.3077	18.992584,335.4613,2041.6938	
84.7894,134.28531,2170.4495	79.65593,188.9542,2160.181	34.600616,185.29524,2120.396	20.233795,258.42145,2121.614	79.65593,188.9542,2160.181	123.08165,192.48082,2199.9658	125.72902,258.49005,2135.5117	75.703,244.78242,2154.6074	42.83075,299.90387,2123.5615	49.521973,413.72238,2112.4604	99.951355,301.87323,2174.5063	91.80861,503.26962,2205.8699	27.369507,393.6476,1858.0466	42.83075,299.90387,2123.5615	47.882965,497.74393,1958.6853	123.78761,327.27197,2019.1868	13.600403,340.49463,2040.2825	
76.21034,130.7092,2160.474	70.91437,185.55219,2148.9207	25.034607,181.54103,2101.3838	12.2153015,255.85599,2118.0537	70.91437,185.55219,2148.9207	114.80823,189.38972,2196.4575	122.689316,257.42987,2139.7576	66.83508,241.68733,2142.397	33.6167,297.24033,2105.766	48.759796,409.48334,2119.7212	91.03566,299.06473,2165.9805	92.814865,502.66507,2180.8984	17.034546,393.8161,1875.0376	33.6167,297.24033,2105.766	28.76416,498.60144,1973.5878	138.08041,322.10922,2046.4479	10.593079,338.17804,2070.2012	
67.68422,125.81654,2149.522	63.108124,181.28772,2137.1028	16.44635,177.11388,2082.4924	2.368744,255.08832,2110.0574	63.108124,181.28772,2137.1028	107.44461,185.25356,2191.7131	123.961105,251.7769,2144.408	59.226227,237.74222,2129.3188	25.888885,293.8562,2087.1685	45.323822,405.49908,2118.233	83.804565,295.3417,2155.9014	88.90646,499.0765,2183.2437	6.1712646,391.34528,1886.9331	25.888885,293.8562,2087.1685	0.0,0.0,0.0	152.09961,312.73776,2075.793	7.051697,337.3642,2079.95	
59.56076,120.16502,2137.5183	55.664642,175.73836,2123.9128	8.376801,171.5267,2067.5955	-1.5770874,246.43268,2091.3042	55.664642,175.73836,2123.9128	100.50952,179.73242,2180.2302	125.88539,243.45998,2150.7124	51.99762,232.53477,2115.0625	18.586578,289.11737,2070.9182	39.56964,400.52167,2115.8123	77.03349,290.47687,2141.506	81.71303,494.83688,2183.3613	-5.2189026,384.63632,1870.1262	18.586578,289.11737,2070.9182	0.0,0.0,0.0	165.43274,297.01968,2099.8762	1.9407349,322.37485,2065.5789	
51.65219,114.34518,2132.061	48.661957,169.62581,2114.2517	0.72662354,165.09613,2051.356	-6.769562,241.20052,2072.155	48.661957,169.62581,2114.2517	93.82764,173.89377,2177.1475	127.80614,233.02583,2155.4106	45.137634,226.6008,2101.711	11.369904,283.62326,2049.7532	28.513428,395.19107,2109.5112	70.653595,284.8728,2128.5872	76.35037,488.99457,2167.572	-16.933746,379.4525,1886.3274	11.369904,283.62326,2049.7532	0.0,0.0,0.0	177.33034,277.8701,2126.644	-3.9058838,317.84973,2048.2942	
43.717438,111.15297,2118.2764	39.532776,166.0675,2097.306	-9.020172,160.31412,2034.6581	-14.670776,237.43243,2052.439	39.532776,166.0675,2097.306	85.26929,171.48715,2159.9539	128.33443,223.31894,2159.2188	34.306213,223.33301,2081.3726	2.293579,280.28015,2031.2667	12.629822,392.47116,2098.0564	54.835144,282.64478,2099.6116	70.48155,481.25873,2165.6072	-17.289673,389.62552,1887.1345	2.293579,280.28015,2031.2667	-15.818054,511.22906,1898.2682	186.30322,256.83475,2143.736	-12.380737,314.8246,2030.4066	
36.26233,109.50432,2104.0188	30.829834,164.66852,2081.5864	-17.84024,158.07294,2026.5172	-22.103973,235.73952,2041.4548	30.829834,164.66852,2081.5864	76.991135,170.92413,2136.6558	127.35512,212.66737,2154.745	23.768433,222.20523,2064.1436	-9.285217,278.90744,2017.7832	-5.2170715,391.32736,2087.0334	41.73764,282.48724,2075.6182	64.72336,472.2415,2167.6885	-16.695007,397.2812,1895.0764	-9.285217,278.90744,2017.7832	-15.468384,518.50793,1905.0758	190.65642,237.89447,2154.4507	-20.294434,313.5598,2021.1865	
28.675781,111.14722,2095.8962	22.084991,166.48743,2069.7104	-25.933167,159.83551,2027.5254	-29.153412,237.59436,2039.9218	22.084991,166.48743,2069.7104	68.18483,172.8736,2111.8955	125.76993,202.68646,2146.534	13.639557,224.22139,2049.8735	-23.093933,280.62677,2005.774	-22.172302,395.75604,2059.688	32.487762,285.4825,2054.299	45.1297,480.28067,2151.1921	-14.348389,405.22803,1903.9084	-23.093933,280.62677,2005.774	-13.333893,526.0142,1912.8827	192.88596,218.07501,2154.9277	-27.743286,315.50275,2021.3339	
0.0,0.0,0.0	14.918671,164.55365,2056.3286	-33.200226,157.82678,2018.6165	-35.658447,236.02922,2028.8137	14.918671,164.55365,2056.3286	61.304443,171.03824,2094.041	123.27234,194.10532,2134.8208	6.799103,222.76143,2046.3336	-30.544647,278.80737,2013.6962	-31.545197,394.92175,2054.735	27.103302,284.21375,2058.9807	31.200592,481.8039,2151.7585	-9.70285,405.11365,1935.2986	-30.544647,278.80737,2013.6962	-8.883148,524.09106,1943.349	192.31818,198.58923,2146.063	-34.565063,314.35492,2011.811	
0.0,0.0,0.0	6.8996277,168.4447,2044.2319	-42.610107,159.06024,1979.454	-44.513947,238.85643,1987.7882	6.8996277,168.4447,2044.2319	53.36798,177.25266,2109.0098	119.08864,189.58488,2115.9617	-4.0771484,226.4719,2021.0679	-46.42981,282.41107,1958.205	-48.296173,402.7873,1989.1945	14.600128,289.1444,2037.6028	11.888458,494.2436,2088.2112	-15.147919,412.15616,1936.7389	-46.42981,282.41107,1958.205	-14.439148,531.1453,1943.9585	188.23244,181.79648,2124.4463	-43.685974,318.82733,1972.2695	
0.0,0.0,0.0	-2.6957092,185.288,2038.6276	-53.15158,175.50543,1971.4442	-54.60385,255.60739,1978.223	-2.6957092,185.288,2038.6276	44.54062,194.44635,2105.8108	108.70529,184.0124,2079.514	-15.117706,243.38509,2006.2434	-60.369263,299.75067,1932.2562	-62.5748,422.35284,1955.6263	3.136139,306.87622,2015.4623	-6.013672,516.57764,2053.9963	-20.944122,431.94247,1933.6699	-60.369263,299.75067,1932.2562	-20.325867,551.1696,1940.1434	179.4789,168.8378,2103.977	-54.015686,336.0734,1964.085	
0.0,0.0,0.0	-10.921661,201.8128,2005.1758	-62.772186,191.20811,1932.1266	-63.903076,272.92743,1937.62	-10.921661,201.8128,2005.1758	37.283722,211.67198,2078.2249	95.762985,180.75085,2041.5754	-25.048462,261.045,1974.0751	-73.17587,318.3366,1897.5085	-75.421936,443.67004,1915.1786	-7.6132812,325.83484,1988.4402	-22.294037,540.96564,2010.996	-27.188751,452.77274,1922.3678	-73.17587,318.3366,1897.5085	-26.643188,572.7472,1928.1721	168.44762,159.9949,2074.9177	-63.4982,355.17633,1924.76	
0.0,0.0,0.0	0.0,0.0,0.0	0.0,0.0,0.0	-68.59262,281.88602,1916.9521	0.0,0.0,0.0	0.0,0.0,0.0	79.8922,185.25879,2002.2489	0.0,0.0,0.0	0.0,0.0,0.0	-81.92062,454.86423,1893.4286	0.0,0.0,0.0	-32.87384,554.85645,1985.376	-28.82196,462.84778,1921.6465	0.0,0.0,0.0	-28.353302,582.94604,1926.8511	152.73639,159.02937,2010.9132	-68.31387,365.03833,1905.2703	
0.0,0.0,0.0	0.0,0.0,0.0	0.0,0.0,0.0	-70.851166,286.48087,1906.3645	0.0,0.0,0.0	0.0,0.0,0.0	87.597336,213.68547,1941.7352	0.0,0.0,0.0	0.0,0.0,0.0	-85.07251,460.67517,1881.4858	0.0,0.0,0.0	-40.26059,563.0843,1968.7059	-28.423492,467.48547,1925.2896	0.0,0.0,0.0	-28.02539,587.44336,1929.9568	166.03632,198.70607,1922.7778	-70.661255,370.07434,1895.7651	
0.0,0.0,0.0	0.0,0.0,0.0	0.0,0.0,0.0	-71.935455,288.80707,1900.8032	0.0,0.0,0.0	0.0,0.0,0.0	81.66606,243.2955,1924.5896	0.0,0.0,0.0	0.0,0.0,0.0	-86.52313,463.71118,1874.7161	0.0,0.0,0.0	-45.83676,568.3042,1956.703	-27.265991,469.47382,1930.3267	0.0,0.0,0.0	-26.928986,589.20325,1934.5126	159.5933,241.96661,1884.3439	-71.81003,372.60822,1891.1956	
0.0,0.0,0.0	0.0,0.0,0.0	0.0,0.0,0.0	-72.43756,289.98203,1897.7991	0.0,0.0,0.0	0.0,0.0,0.0	73.668274,265.36215,1926.5935	0.0,0.0,0.0	0.0,0.0,0.0	-87.12863,465.31427,1870.7242	0.0,0.0,0.0	-50.331604,571.8873,1947.2352	-25.931732,470.19397,1935.4308	0.0,0.0,0.0	-25.64627,589.6858,1939.1857	148.34312,277.4578,1870.938	-72.35965,373.873,1889.0978	
0.0,0.0,0.0	0.0,0.0,0.0	0.0,0.0,0.0	-72.65506,290.5759,1896.1097	0.0,0.0,0.0	0.0,0.0,0.0	65.67523,280.55392,1937.9901	0.0,0.0,0.0	0.0,0.0,0.0	-87.326935,466.17596,1868.2606	0.0,0.0,0.0	-54.130157,574.54535,1939.2452	-24.668427,470.32965,1940.061	0.0,0.0,0.0	-24.426025,589.6071,1943.4299	135.4742,304.78824,1871.9066	-72.61246,374.4978,1888.2351	
0.0,0.0,0.0	0.0,0.0,0.0	0.0,0.0,0.0	-72.73529,290.87656,1895.0942	0.0,0.0,0.0	0.0,0.0,0.0	58.606506,290.5358,1952.9056	0.0,0.0,0.0	0.0,0.0,0.0	-87.340454,466.649,1866.6608	0.0,0.0,0.0	-57.440216,576.6481,1932.2057	-23.567871,470.2135,1944.0541	0.0,0.0,0.0	-23.361328,589.30945,1947.0771	122.76817,325.2149,1880.4462	-72.71878,374.80084,1887.9724	
0.0,0.0,0.0	0.0,0.0,0.0	0.0,0.0,0.0	-72.75064,291.0291,1894.4304	0.0,0.0,0.0	0.0,0.0,0.0	52.71875,296.90872,1968.1807	0.0,0.0,0.0	0.0,0.0,0.0	-87.27875,466.91498,1865.5686	0.0,0.0,0.0	-60.37671,578.3911,1925.855	-22.648773,470.0047,1947.4064	0.0,0.0,0.0	-22.472198,588.95245,1950.1198	111.04747,340.31464,1892.5311	-72.753296,374.94247,1887.993	
0.0,0.0,0.0	0.0,0.0,0.0	0.0,0.0,0.0	-72.759705,291.11325,1894.1962	0.0,0.0,0.0	0.0,0.0,0.0	47.91687,300.8506,1982.1409	0.0,0.0,0.0	0.0,0.0,0.0	-87.15436,467.1018,1864.8575	0.0,0.0,0.0	-62.96927,579.9098,1920.1289	-21.852295,469.7967,1950.0352	0.0,0.0,0.0	-21.700897,588.6347,1952.471	100.55577,351.42035,1905.73	-72.776215,374.9992,1888.3804	
0.0,0.0,0.0	0.0,0.0,0.0	0.0,0.0,0.0	-72.73364,291.15225,1893.8196	0.0,0.0,0.0	0.0,0.0,0.0	44.140137,303.31656,1994.5325	0.0,0.0,0.0	0.0,0.0,0.0	-87.07178,467.19058,1864.2762	0.0,0.0,0.0	-65.33774,581.20764,1914.8143	-21.25116,469.5812,1952.3143	0.0,0.0,0.0	-21.120728,588.32574,1954.5015	91.409134,359.69525,1919.155	-72.75986,375.01996,1888.5675	
0.0,0.0,0.0	0.0,0.0,0.0	0.0,0.0,0.0	-72.727875,291.1786,1893.7611	0.0,0.0,0.0	0.0,0.0,0.0	41.11212,304.7678,2004.8951	0.0,0.0,0.0	0.0,0.0,0.0	-86.95776,467.27805,1863.9038	0.0,0.0,0.0	-67.43402,582.3817,1910.0107	-20.723114,469.41138,1954.0244	0.0,0.0,0.0	-20.610504,588.09235,1955.9885	83.4238,365.82297,1931.8312	-72.76068,375.01663,1889.0199	
0.0,0.0,0.0	0.0,0.0,0.0	0.0,0.0,0.0	-72.69916,291.18793,1893.4983	0.0,0.0,0.0	0.0,0.0,0.0	38.770508,305.66962,2013.6827	0.0,0.0,0.0	0.0,0.0,0.0	-86.897705,467.30884,1863.5565	0.0,0.0,0.0	-69.361145,583.39734,1905.542	-20.34317,469.24878,1955.5382	0.0,0.0,0.0	-20.245544,587.874,1957.3024	76.56395,370.46014,1943.8052	-72.736145,375.008,1889.2197	
0.0,0.0,0.0	0.0,0.0,0.0	0.0,0.0,0.0	-72.69675,291.1991,1893.5273	0.0,0.0,0.0	0.0,0.0,0.0	36.879913,306.1494,2020.7479	0.0,0.0,0.0	0.0,0.0,0.0	-86.80759,467.36237,1863.3545	0.0,0.0,0.0	-71.0589,584.3333,1901.5264	-19.993195,469.13348,1956.6141	0.0,0.0,0.0	-19.908386,587.7257,1958.199	70.59555,373.9135,1954.614	-72.73602,374.99072,1889.6675	
0.0,0.0,0.0	0.0,0.0,0.0	0.0,0.0,0.0	-72.67218,291.20026,1893.3197	0.0,0.0,0.0	0.0,0.0,0.0	35.43515,306.45645,2026.6743	0.0,0.0,0.0	0.0,0.0,0.0	-86.772095,467.37045,1863.131	0.0,0.0,0.0	-72.62805,585.141,1897.7891	-19.758484,469.0199,1957.6174	0.0,0.0,0.0	-19.68454,587.5802,1959.0414	65.48996,376.56866,1964.6013	-72.71243,374.97632,1889.8384	
0.0,0.0,0.0	0.0,0.0,0.0	0.0,0.0,0.0	-72.674286,291.207,1893.3896	0.0,0.0,0.0	0.0,0.0,0.0	34.2482,306.57657,2031.3201	0.0,0.0,0.0	0.0,0.0,0.0	-86.70383,467.4087,1863.0222	0.0,0.0,0.0	-74.00189,585.8939,1894.4541	-19.524994,468.94678,1958.281	0.0,0.0,0.0	-19.460388,587.4928,1959.5607	61.032135,378.54077,1973.4465	-72.71445,374.95734,1890.2505	
0.0,0.0,0.0	0.0,0.0,0.0	0.0,0.0,0.0	-72.65393,291.20563,1893.2131	0.0,0.0,0.0	0.0,0.0,0.0	33.35501,306.6692,2035.2365	0.0,0.0,0.0	0.0,0.0,0.0	-86.68701,467.40607,1862.8701	0.0,0.0,0.0	-75.2785,586.5391,1891.3483	-19.383636,468.8687,1958.9521	0.0,0.0,0.0	-19.327057,587.3973,1960.1022	57.222473,380.07825,1981.5704	-72.69321,374.94318,1890.383	
0.0,0.0,0.0	0.0,0.0,0.0	0.0,0.0,0.0	-72.65857,291.21057,1893.2974	0.0,0.0,0.0	0.0,0.0,0.0	32.60318,306.66675,2038.238	0.0,0.0,0.0	0.0,0.0,0.0	-86.63623,467.43518,1862.8135	0.0,0.0,0.0	-76.38953,587.1461,1888.594	-19.226898,468.82407,1959.355	0.0,0.0,0.0	-19.177216,587.349,1960.3887	53.876007,381.2041,1988.6948	-72.6965,374.92566,1890.7465	
0.0,0.0,0.0	0.0,0.0,0.0	0.0,0.0,0.0	-72.641205,291.20828,1893.1396	0.0,0.0,0.0	0.0,0.0,0.0	32.05078,306.68927,2040.8082	0.0,0.0,0.0	0.0,0.0,0.0	-86.632355,467.42673,1862.7047	0.0,0.0,0.0	-77.42743,587.662,1886.0262	-19.145416,468.76987,1959.812	0.0,0.0,0.0	-19.101685,587.28577,1960.7413	51.01642,382.09344,1995.2391	-72.67743,374.9133,1890.8407	
0.0,0.0,0.0	0.0,0.0,0.0	0.0,0.0,0.0	-72.64841,291.2126,1893.2386	0.0,0.0,0.0	0.0,0.0,0.0	31.567444,306.64984,2042.718	0.0,0.0,0.0	0.0,0.0,0.0	-86.59207,467.45135,1862.6821	0.0,0.0,0.0	-78.32294,588.1532,1883.7662	-19.036377,468.74457,1960.0433	0.0,0.0,0.0	-18.997833,587.2632,1960.8788	48.48349,382.7226,2000.9326	-72.68271,374.89777,1891.1671	
0.0,0.0,0.0	0.0,0.0,0.0	0.0,0.0,0.0	-72.633026,291.20984,1893.0928	0.0,0.0,0.0	0.0,0.0,0.0	31.227325,306.6547,2044.4062	0.0,0.0,0.0	0.0,0.0,0.0	-86.596924,467.4395,1862.5999	0.0,0.0,0.0	-79.16693,588.56555,1881.6509	-18.993042,468.70605,1960.3629	0.0,0.0,0.0	-18.958984,587.2204,1961.1141	46.32193,383.22943,2006.1887	-72.66522,374.88748,1891.2263	
0.0,0.0,0.0	0.0,0.0,0.0	0.0,0.0,0.0	-72.641815,291.21387,1893.2012	0.0,0.0,0.0	0.0,0.0,0.0	30.912048,306.60876,2045.6051	0.0,0.0,0.0	0.0,0.0,0.0	-86.56354,467.46146,1862.5988	0.0,0.0,0.0	-79.88742,588.9641,1879.8047	-18.91455,468.69336,1960.4841	0.0,0.0,0.0	-18.88443,587.21387,1961.1597	44.38846,383.56415,2010.7263	-72.671906,374.87402,1891.5198	
0.0,0.0,0.0	0.0,0.0,0.0	0.0,0.0,0.0	-72.627716,291.21088,1893.063	0.0,0.0,0.0	0.0,0.0,0.0	30.70514,306.61322,2046.7211	0.0,0.0,0.0	0.0,0.0,0.0	-86.573975,467.4475,1862.5334	0.0,0.0,0.0	-80.573975,589.29333,1878.0668	-18.895569,468.66498,1960.7157	0.0,0.0,0.0	-18.868896,587.18353,1961.3231	42.74286,383.84393,2014.9476	-72.65573,374.8657,1891.5483	
0.0,0.0,0.0	0.0,0.0,0.0	0.0,0.0,0.0	-72.63849,291.215,1893.1874	0.0,0.0,0.0	0.0,0.0,0.0	30.493744,306.5682,2047.4532	0.0,0.0,0.0	0.0,0.0,0.0	-86.54352,467.46918,1862.5486	0.0,0.0,0.0	-81.15112,589.61865,1876.5668	-18.834656,468.6612,1960.7605	0.0,0.0,0.0	-18.810974,587.18787,1961.3069	41.252136,384.0024,2018.5538	-72.66446,374.85388,1891.8231	
0.0,0.0,0.0	0.0,0.0,0.0	0.0,0.0,0.0	-72.62439,291.2116,1893.0437	0.0,0.0,0.0	0.0,0.0,0.0	30.372986,306.5789,2048.2073	0.0,0.0,0.0	0.0,0.0,0.0	-86.559204,467.4525,1862.4912	0.0,0.0,0.0	-81.71188,589.8799,1875.1383	-18.83319,468.63855,1960.9417	0.0,0.0,0.0	-18.812164,587.16406,1961.433	39.992737,384.14972,2021.9569	-72.648346,374.84744,1891.8151	
0.0,0.0,0.0	0.0,0.0,0.0	0.0,0.0,0.0	-72.63489,291.21536,1893.162	0.0,0.0,0.0	0.0,0.0,0.0	30.23056,306.54053,2048.6504	0.0,0.0,0.0	0.0,0.0,0.0	-86.533264,467.47174,1862.512	0.0,0.0,0.0	-82.1759,590.14417,1873.9188	-18.786743,468.6392,1960.9471	0.0,0.0,0.0	-18.768036,587.1731,1961.3892	38.83664,384.2075,2024.8335	-72.65701,374.8375,1892.0554	
0.0,0.0,0.0	0.0,0.0,0.0	0.0,0.0,0.0	-72.62213,291.21216,1893.0315	0.0,0.0,0.0	0.0,0.0,0.0	30.161133,306.55377,2049.16	0.0,0.0,0.0	0.0,0.0,0.0	-86.54971,467.45557,1862.4642	0.0,0.0,0.0	-82.63208,590.3529,1872.7501	-18.793274,468.62152,1961.0863	0.0,0.0,0.0	-18.776642,587.1549,1961.4839	37.86383,384.2751,2027.5721	-72.642426,374.8324,1892.035	
0.0,0.0,0.0	0.0,0.0,0.0	0.0,0.0,0.0	-72.63312,291.21585,1893.1522	0.0,0.0,0.0	0.0,0.0,0.0	30.06128,306.5196,2049.413	0.0,0.0,0.0	0.0,0.0,0.0	-86.525665,467.47412,1862.4905	0.0,0.0,0.0	-83.00336,590.5691,1871.7635	-18.754822,468.62555,1961.0629	0.0,0.0,0.0	-18.73999,587.1674,1961.4205	36.95868,384.27426,2029.8625	-72.6517,374.82385,1892.255	
0.0,0.0,0.0	0.0,0.0,0.0	0.0,0.0,0.0	-72.62082,291.21262,1893.0236	0.0,0.0,0.0	0.0,0.0,0.0	30.025879,306.53647,2049.7705	0.0,0.0,0.0	0.0,0.0,0.0	-86.54358,467.45746,1862.4471	0.0,0.0,0.0	-83.37616,590.7347,1870.8055	-18.767761,468.61053,1961.179	0.0,0.0,0.0	-18.754486,587.15173,1961.5007	36.20465,384.29803,2032.0779	-72.63779,374.82,1892.2157	
0.0,0.0,0.0	0.0,0.0,0.0	0.0,0.0,0.0	-72.632935,291.21652,1893.1559	0.0,0.0,0.0	0.0,0.0,0.0	29.951202,306.50342,2049.8948	0.0,0.0,0.0	0.0,0.0,0.0	-86.519135,467.477,1862.4795	0.0,0.0,0.0	-83.67093,590.9133,1870.0122	-18.732422,468.6175,1961.131	0.0,0.0,0.0	-18.720612,587.16736,1961.4204	35.488525,384.26334,2033.8939	-72.6485,374.81244,1892.4285	
0.0,0.0,0.0	0.0,0.0,0.0	0.0,0.0,0.0	-72.62082,291.21323,1893.0286	0.0,0.0,0.0	0.0,0.0,0.0	29.9375,306.5229,2050.1545	0.0,0.0,0.0	0.0,0.0,0.0	-86.537964,467.46,1862.4391	0.0,0.0,0.0	-83.97635,591.0442,1869.2267	-18.74945,468.60425,1961.2322	0.0,0.0,0.0	-18.738892,587.1532,1961.4926	34.901764,384.26392,2035.6917	-72.63501,374.80972,1892.3737	
0.0,0.0,0.0	0.0,0.0,0.0	0.0,0.0,0.0	-72.63223,291.21683,1893.1519	0.0,0.0,0.0	0.0,0.0,0.0	29.882141,306.49405,2050.2075	0.0,0.0,0.0	0.0,0.0,0.0	-86.51596,467.47784,1862.4708	0.0,0.0,0.0	-84.21213,591.19037,1868.5863	-18.7193,468.61182,1961.1785	0.0,0.0,0.0	-18.70987,587.1686,1961.4128	34.334198,384.2149,2037.1412	-72.64514,374.80328,1892.5623	
0.0,0.0,0.0	0.0,0.0,0.0	0.0,0.0,0.0	-72.62027,291.21356,1893.0254	0.0,0.0,0.0	0.0,0.0,0.0	29.882233,306.51538,2050.4048	0.0,0.0,0.0	0.0,0.0,0.0	-86.53546,467.46063,1862.4321	0.0,0.0,0.0	-84.463196,591.29315,1867.9413	-18.738922,468.5996,1961.2701	0.0,0.0,0.0	-18.7305,587.155,1961.481	33.87622,384.2047,2038.6052	-72.63199,374.80145,1892.4946	
0.0,0.0,0.0	0.0,0.0,0.0	0.0,0.0,0.0	-72.631836,291.21713,1893.1492	0.0,0.0,0.0	0.0,0.0,0.0	29.837952,306.488,2050.408	0.0,0.0,0.0	0.0,0.0,0.0	-86.51395,467.47827,1862.4652	0.0,0.0,0.0	-84.650024,591.4142,1867.4277	-18.710907,468.60803,1961.209	0.0,0.0,0.0	-18.70337,587.1709,1961.3987	33.421997,384.149,2039.7563	-72.64249,374.79584,1892.6713	
0.0,0.0,0.0	0.0,0.0,0.0	0.0,0.0,0.0	-72.61896,291.21356,1893.0133	0.0,0.0,0.0	0.0,0.0,0.0	29.848816,306.5125,2050.5718	0.0,0.0,0.0	0.0,0.0,0.0	-86.53546,467.45953,1862.4247	0.0,0.0,0.0	-84.85867,591.4932,1866.8944	-18.734161,468.59573,1961.3005	0.0,0.0,0.0	-18.727386,587.1564,1961.4712	33.065857,384.1369,2040.9597	-72.62863,374.7949,1892.5831	
0.0,0.0,0.0	0.0,0.0,0.0	0.0,0.0,0.0	-72.630615,291.21716,1893.1376	0.0,0.0,0.0	0.0,0.0,0.0	29.811554,306.48615,2050.543	0.0,0.0,0.0	0.0,0.0,0.0	-86.51419,467.4771,1862.459	0.0,0.0,0.0	-85.00586,591.5939,1866.4846	-18.707458,468.60474,1961.2344	0.0,0.0,0.0	-18.701385,587.1725,1961.388	32.69992,384.0799,2041.8715	-72.63937,374.78992,1892.7504	
0.0,0.0,0.0	0.0,0.0,0.0	0.0,0.0,0.0	-72.618774,291.21384,1893.012	0.0,0.0,0.0	0.0,0.0,0.0	29.825989,306.5095,2050.674	0.0,0.0,0.0	0.0,0.0,0.0	-86.53436,467.45966,1862.4219	0.0,0.0,0.0	-85.17734,591.6559,1866.0471	-18.729767,468.5937,1961.3162	0.0,0.0,0.0	-18.724335,587.1592,1961.4543	32.41986,384.06653,2042.8531	-72.62674,374.78946,1892.6633	
0.0,0.0,0.0	0.0,0.0,0.0	0.0,0.0,0.0	-72.6304,291.21744,1893.1366	0.0,0.0,0.0	0.0,0.0,0.0	29.793335,306.48376,2050.6248	0.0,0.0,0.0	0.0,0.0,0.0	-86.513336,467.47714,1862.4567	0.0,0.0,0.0	-85.29254,591.74023,1865.7212	-18.70398,468.60303,1961.2468	0.0,0.0,0.0	-18.699066,587.1752,1961.3712	32.12314,384.01117,2043.5725	-72.6376,374.78503,1892.8229	
0.0,0.0,0.0	0.0,0.0,0.0	0.0,0.0,0.0	-72.61868,291.2141,1893.011	0.0,0.0,0.0	0.0,0.0,0.0	29.811523,306.5076,2050.74	0.0,0.0,0.0	0.0,0.0,0.0	-86.53363,467.45966,1862.4202	0.0,0.0,0.0	-85.43524,591.7875,1865.3597	-18.72699,468.5923,1961.3262	0.0,0.0,0.0	-18.722626,587.16187,1961.4381	31.904602,384.00027,2044.3822	-72.625275,374.7851,1892.7285	
0.0,0.0,0.0	0.0,0.0,0.0	0.0,0.0,0.0	-72.63034,291.21768,1893.1359	0.0,0.0,0.0	0.0,0.0,0.0	29.781677,306.4823,2050.677	0.0,0.0,0.0	0.0,0.0,0.0	-86.51276,467.47705,1862.4553	0.0,0.0,0.0	-85.524506,591.8585,1865.1022	-18.701782,468.60187,1961.2549	0.0,0.0,0.0	-18.697845,587.17773,1961.3556	31.662415,383.94806,2044.9464	-72.63632,374.78113,1892.8816	
0.0,0.0,0.0	0.0,0.0,0.0	0.0,0.0,0.0	-72.61862,291.21436,1893.0104	0.0,0.0,0.0	0.0,0.0,0.0	29.802155,306.50644,2050.782	0.0,0.0,0.0	0.0,0.0,0.0	-86.53317,467.45953,1862.4191	0.0,0.0,0.0	-85.64398,591.8938,1864.8021	-18.72519,468.5913,1961.3326	0.0,0.0,0.0	-18.72165,587.16425,1961.4232	31.49237,383.9406,2045.6174	-72.62402,374.7816,1892.7815	
0.0,0.0,0.0	0.0,0.0,0.0	0.0,0.0,0.0	-72.63129,291.2182,1893.1453	0.0,0.0,0.0	0.0,0.0,0.0	29.772278,306.47943,2050.7039	0.0,0.0,0.0	0.0,0.0,0.0	-86.51077,467.47833,1862.4573	0.0,0.0,0.0	-85.71069,591.9553,1864.6028	-18.698303,468.60187,1961.2542	0.0,0.0,0.0	-18.69513,587.18115,1961.3357	31.291382,383.89038,2046.0502	-72.63617,374.77786,1892.9393	
0.0,0.0,0.0	0.0,0.0,0.0	0.0,0.0,0.0	-72.61954,291.2149,1893.02	0.0,0.0,0.0	0.0,0.0,0.0	29.794159,306.50385,2050.8015	0.0,0.0,0.0	0.0,0.0,0.0	-86.53116,467.46075,1862.4214	0.0,0.0,0.0	-85.81125,591.981,1864.353	-18.722076,468.59143,1961.3308	0.0,0.0,0.0	-18.719238,587.16754,1961.4042	31.15976,383.88666,2046.6086	-72.62399,374.77863,1892.8346	
0.0,0.0,0.0	0.0,0.0,0.0	0.0,0.0,0.0	-72.631256,291.21844,1893.1449	0.0,0.0,0.0	0.0,0.0,0.0	29.767426,306.47894,2050.725	0.0,0.0,0.0	0.0,0.0,0.0	-86.51047,467.47815,1862.4568	0.0,0.0,0.0	-85.8627,592.0327,1864.1958	-18.697357,468.60126,1961.2576	0.0,0.0,0.0	-18.694824,587.18304,1961.3236	30.995087,383.84186,2046.9478	-72.63522,374.77533,1892.978	
0.0,0.0,0.0	0.0,0.0,0.0	0.0,0.0,0.0	-72.61957,291.21512,1893.0197	0.0,0.0,0.0	0.0,0.0,0.0	29.790314,306.50348,2050.8188	0.0,0.0,0.0	0.0,0.0,0.0	-86.530945,467.46057,1862.421	0.0,0.0,0.0	-85.94803,592.0506,1863.9865	-18.721313,468.59088,1961.3335	0.0,0.0,0.0	-18.718994,587.1693,1961.393	30.894165,383.84174,2047.4163	-72.62314,374.77637,1892.8695	
0.0,0.0,0.0	0.0,0.0,0.0	0.0,0.0,0.0	-72.63129,291.2187,1893.1448	0.0,0.0,0.0	0.0,0.0,0.0	29.764252,306.47876,2050.7388	0.0,0.0,0.0	0.0,0.0,0.0	-86.51022,467.47797,1862.4565	0.0,0.0,0.0	-85.98572,592.09534,1863.8658	-18.696686,468.60074,1961.2598	0.0,0.0,0.0	-18.69461,587.18463,1961.3132	30.756836,383.80048,2047.6741	-72.63452,374.77338,1893.0096	
0.0,0.0,0.0	0.0,0.0,0.0	0.0,0.0,0.0	-72.61963,291.2154,1893.0194	0.0,0.0,0.0	0.0,0.0,0.0	29.78778,306.50336,2050.8298	0.0,0.0,0.0	0.0,0.0,0.0	-86.53073,467.46033,1862.4209	0.0,0.0,0.0	-86.05875,592.1069,1863.6895	-18.720764,468.59045,1961.3353	0.0,0.0,0.0	-18.718933,587.1708,1961.3834	30.68042,383.8037,2048.0696	-72.6225,374.7746,1892.8977	
0.0,0.0,0.0	0.0,0.0,0.0	0.0,0.0,0.0	-72.63132,291.21896,1893.1445	0.0,0.0,0.0	0.0,0.0,0.0	29.762238,306.47867,2050.7476	0.0,0.0,0.0	0.0,0.0,0.0	-86.5101,467.47772,1862.4564	0.0,0.0,0.0	-86.08536,592.1459,1863.5984	-18.696259,468.60034,1961.2612	0.0,0.0,0.0	-18.69458,587.1859,1961.3046	30.565063,383.76562,2048.262	-72.63391,374.7718,1893.035	
0.0,0.0,0.0	0.0,0.0,0.0	0.0,0.0,0.0	-72.61966,291.21564,1893.0193	0.0,0.0,0.0	0.0,0.0,0.0	29.786133,306.50336,2050.8367	0.0,0.0,0.0	0.0,0.0,0.0	-86.53058,467.46008,1862.4208	0.0,0.0,0.0	-86.148346,592.15234,1863.4487	-18.720428,468.5901,1961.3364	0.0,0.0,0.0	-18.718903,587.1719,1961.3754	30.50821,383.77185,2048.5984	-72.62198,374.7732,1892.9208	
0.0,0.0,0.0	0.0,0.0,0.0	0.0,0.0,0.0	-72.63031,291.21893,1893.1334	0.0,0.0,0.0	0.0,0.0,0.0	29.763031,306.48087,2050.7605	0.0,0.0,0.0	0.0,0.0,0.0	-86.51175,467.47595,1862.4532	0.0,0.0,0.0	-86.167786,592.18555,1863.3785	-18.69809,468.59912,1961.2687	0.0,0.0,0.0	-18.696747,587.1857,1961.3037	30.412506,383.7384,2048.7449	-72.63245,374.77075,1893.0447	
0.0,0.0,0.0	0.0,0.0,0.0	0.0,0.0,0.0	-72.61862,291.21564,1893.0083	0.0,0.0,0.0	0.0,0.0,0.0	29.78717,306.5056,2050.8484	0.0,0.0,0.0	0.0,0.0,0.0	-86.53229,467.4583,1862.4176	0.0,0.0,0.0	-86.22275,592.18787,1863.2505	-18.722229,468.5888,1961.3439	0.0,0.0,0.0	-18.721008,587.1715,1961.3755	30.371399,383.7472,2049.0334	-72.620636,374.77234,1892.9285	
0.0,0.0,0.0	0.0,0.0,0.0	0.0,0.0,0.0	-72.63031,291.21918,1893.1334	0.0,0.0,0.0	0.0,0.0,0.0	29.762146,306.481,2050.764	0.0,0.0,0.0	0.0,0.0,0.0	-86.51169,467.47568,1862.4532	0.0,0.0,0.0	-86.23312,592.2186,1863.2029	-18.697906,468.5988,1961.2693	0.0,0.0,0.0	-18.696838,587.1865,1961.2977	30.28778,383.71426,2049.13	-72.63217,374.7698,1893.0615	
0.0,0.0,0.0	0.0,0.0,0.0	0.0,0.0,0.0	-72.61966,291.2162,1893.0192	0.0,0.0,0.0	0.0,0.0,0.0	29.784302,306.5036,2050.8435	0.0,0.0,0.0	0.0,0.0,0.0	-86.530365,467.4596,1862.4208	0.0,0.0,0.0	-86.27969,592.2189,1863.0956	-18.71997,468.58942,1961.3379	0.0,0.0,0.0	-18.718994,587.1735,1961.3634	30.257172,383.72345,2049.3723	-72.62143,374.77133,1892.9545	
0.0,0.0,0.0	0.0,0.0,0.0	0.0,0.0,0.0	-72.6304,291.21945,1893.1332	0.0,0.0,0.0	0.0,0.0,0.0	29.761475,306.48114,2050.7659	0.0,0.0,0.0	0.0,0.0,0.0	-86.511505,467.4754,1862.4534	0.0,0.0,0.0	-86.28595,592.24536,1863.0607	-18.697723,468.5985,1961.2698	0.0,0.0,0.0	-18.696808,587.18713,1961.2928	30.18695,383.6944,2049.4414	-72.63208,374.7691,1893.075	
0.0,0.0,0.0	0.0,0.0,0.0	0.0,0.0,0.0	-72.61975,291.21643,1893.0189	0.0,0.0,0.0	0.0,0.0,0.0	29.783875,306.50375,2050.8455	0.0,0.0,0.0	0.0,0.0,0.0	-86.53027,467.4593,1862.4209	0.0,0.0,0.0	-86.32727,592.2429,1862.9675	-18.719849,468.5891,1961.3383	0.0,0.0,0.0	-18.719025,587.1741,1961.359	30.166687,383.70538,2049.653	-72.62137,374.7707,1892.9666	
0.0,0.0,0.0	0.0,0.0,0.0	0.0,0.0,0.0	-72.63049,291.2197,1893.133	0.0,0.0,0.0	0.0,0.0,0.0	29.761139,306.48132,2050.7673	0.0,0.0,0.0	0.0,0.0,0.0	-86.51141,467.47516,1862.4535	0.0,0.0,0.0	-86.328705,592.2669,1862.9456	-18.69757,468.5982,1961.2701	0.0,0.0,0.0	-18.696869,587.1877,1961.2888	30.10559,383.6781,2049.6938	-72.63208,374.76855,1893.0859	
0.0,0.0,0.0	0.0,0.0,0.0	0.0,0.0,0.0	-72.61984,291.2167,1893.0188	0.0,0.0,0.0	0.0,0.0,0.0	29.783447,306.50397,2050.8462	0.0,0.0,0.0	0.0,0.0,0.0	-86.53021,467.45905,1862.4209	0.0,0.0,0.0	-86.36575,592.2623,1862.8638	-18.719696,468.58884,1961.3385	0.0,0.0,0.0	-18.719086,587.1745,1961.3552	30.093384,383.69067,2049.88	-72.6214,374.77026,1892.9763	
