258.38187,135.15775,2578.1277	258.0865,181.19739,2541.5579	224.57155,176.86734,2467.496	214.80533,239.56345,2421.0374	258.0865,181.19739,2541.5579	289.7035,185.28223,2615.6196	297.25946,244.19951,2604.2559	257.68954,228.89354,2506.4658	235.50882,277.01837,2424.1401	230.87476,375.96588,2462.791	278.23718,278.83533,2518.6074	226.7395,477.53516,2393.042	270.98914,376.64447,2515.3684	235.50882,277.01837,2424.1401	278.03503,472.1747,2497.4722	301.37784,303.97797,2499.4165	241.61467,255.40654,2193.694	
258.26932,135.1196,2581.5684	258.02267,181.18509,2542.683	224.50348,176.76797,2468.8782	214.23216,239.78178,2418.0042	258.02267,181.18509,2542.683	289.65088,185.35301,2616.488	297.16345,243.70303,2603.8914	257.5826,228.8133,2506.4338	235.3323,276.84668,2423.1167	230.11801,375.42764,2466.456	278.1118,278.79492,2517.2524	227.1486,476.6808,2399.587	271.27094,376.5416,2516.7576	235.3323,276.84668,2423.1167	277.9333,472.05057,2498.9167	301.69708,303.34586,2497.8103	241.82803,255.54327,2192.1907	
258.18933,134.84958,2574.311	258.07407,181.3174,2540.476	224.5835,177.37076,2465.6455	215.5469,238.58377,2425.9941	258.07407,181.3174,2540.476	289.64813,185.03822,2615.3066	297.18814,243.57701,2603.813	258.0039,229.15834,2508.595	236.24559,277.57996,2428.9849	231.85747,375.9723,2472.3298	278.7983,278.85724,2524.4429	228.07776,477.17752,2402.3337	272.0197,376.34283,2523.7847	236.24559,277.57996,2428.9849	278.77164,471.32092,2509.0674	301.7898,303.20322,2497.6013	241.25034,256.18198,2199.4	
257.96967,134.76668,2571.1833	257.92892,181.35352,2538.9585	224.42957,177.65903,2463.7402	215.71866,239.05396,2427.0032	257.92892,181.35352,2538.9585	289.50055,184.83539,2614.1768	297.125,243.68556,2602.0862	258.11786,229.28503,2508.6548	236.66171,277.91547,2430.381	231.61357,376.5589,2469.3088	279.13892,278.84396,2526.321	227.30441,477.8141,2400.9148	272.26093,376.88586,2512.4993	236.66171,277.91547,2430.381	278.2768,471.87607,2503.2617	301.33295,303.60333,2499.0251	240.4518,255.86842,2197.724	
257.7252,134.9303,2569.62	258.05307,181.62466,2538.168	224.56953,178.12817,2462.5598	213.61407,239.40605,2423.5095	258.05307,181.62466,2538.168	289.5995,184.91887,2613.7761	297.0927,243.51425,2602.9993	258.52917,229.58762,2508.2896	237.39728,278.3737,2430.192	232.16226,377.21234,2466.553	279.81107,279.0276,2526.6304	227.8764,478.60303,2398.2595	272.12045,377.18225,2509.3655	237.39728,278.3737,2430.192	278.83624,472.2666,2499.9382	301.13596,303.3377,2498.7197	239.68808,255.43872,2193.9412	
258.09488,134.27963,2577.32	258.5605,180.65387,2541.9182	225.35223,176.89731,2464.258	212.81772,238.52124,2430.2542	258.5605,180.65387,2541.9182	289.79974,184.18767,2619.5784	297.1219,243.41107,2602.9436	259.0477,228.47433,2510.4653	238.08276,277.05264,2429.478	231.84499,375.81,2466.5947	280.17084,277.946,2528.5469	227.68713,477.19373,2397.8035	272.039,376.10287,2508.9573	238.08276,277.05264,2429.478	277.93018,470.66364,2506.1375	301.11844,303.36734,2500.6238	236.90198,255.40488,2197.199	
258.49646,134.24173,2572.1882	258.72247,180.90622,2540.0361	225.44975,177.27704,2462.731	211.47952,237.01106,2431.1306	258.72247,180.90622,2540.0361	290.02975,184.32098,2617.3413	296.9715,242.84114,2604.4453	259.16693,228.83606,2510.3943	238.1484,277.53397,2431.453	230.54245,375.8924,2470.9924	280.2588,278.27393,2530.052	227.84343,476.2173,2415.633	271.53714,376.4477,2507.8455	238.1484,277.53397,2431.453	277.4934,471.04608,2505.157	302.08395,302.47693,2499.9648	234.17418,256.51025,2201.4478	
258.94864,135.1183,2579.101	259.1415,181.28986,2541.6494	225.9474,177.33463,2464.1062	210.25302,237.08025,2427.053	259.1415,181.28986,2541.6494	290.37015,185.01088,2619.1926	297.40753,242.35844,2605.8545	259.43375,229.07195,2508.8662	238.24849,277.5312,2426.6282	231.064,376.72418,2458.2878	280.37747,278.6844,2525.5378	227.01645,476.40854,2418.493	271.4821,377.1135,2501.4358	238.24849,277.5312,2426.6282	277.77457,471.6206,2502.2136	302.41144,302.0301,2502.3936	232.31984,256.88828,2197.568	
258.93744,134.39859,2574.0776	258.8943,180.9553,2539.6917	225.55316,176.99854,2463.337	209.3601,237.11224,2421.5344	258.8943,180.9553,2539.6917	290.28918,184.6811,2616.0464	297.65268,242.82614,2606.7417	258.8812,228.85007,2508.7698	237.30399,277.3254,2429.1511	229.57263,375.63544,2470.0188	279.60028,278.53128,2526.5447	226.1435,476.17145,2409.6907	270.2453,376.58466,2508.7644	237.30399,277.3254,2429.1511	276.9358,471.1672,2505.3113	303.77805,302.2348,2501.3828	231.14276,257.3472,2193.7344	
259.1894,134.08385,2579.0498	259.0398,180.45993,2541.9119	225.80069,176.1488,2465.1033	208.76527,236.6537,2420.7566	259.0398,180.45993,2541.9119	290.32907,184.51817,2618.7205	297.72385,242.2132,2610.1519	258.79858,228.21605,2508.644	237.00354,276.41663,2426.3894	230.05191,374.8922,2467.8352	279.2619,278.06244,2524.363	227.09015,476.2254,2396.3657	270.71576,376.1003,2510.207	237.00354,276.41663,2426.3894	277.2817,471.05103,2502.0173	304.41336,301.39676,2504.04	229.31976,257.06647,2190.1902	
260.07404,132.83183,2582.5264	259.3589,179.00757,2543.5647	226.30469,174.16306,2465.6245	208.37433,236.06305,2418.3672	259.3589,179.00757,2543.5647	290.44763,183.56401,2621.505	298.50003,242.37128,2612.4238	258.58438,226.67464,2509.3003	236.32312,274.50134,2425.3237	230.0599,372.99973,2468.225	278.40842,276.776,2524.748	226.2089,473.82095,2404.919	270.10913,374.8329,2510.3088	236.32312,274.50134,2425.3237	276.82217,469.46194,2505.6333	304.82443,301.45892,2504.89	226.24808,257.1864,2182.9272	
260.53564,133.01486,2583.7764	259.80612,179.27937,2544.011	226.94672,174.2586,2464.472	207.22833,234.92874,2414.6829	259.80612,179.27937,2544.011	290.67313,183.9957,2623.55	299.51004,242.18097,2614.9612	258.951,226.92944,2509.383	236.72906,274.67975,2424.027	231.10242,373.26303,2467.143	278.55737,277.09674,2525.4832	227.46239,474.08344,2405.5342	271.01114,375.25983,2509.4702	236.72906,274.67975,2424.027	277.59875,469.5229,2509.3555	306.2225,301.24216,2508.5842	224.3934,256.14233,2175.95	
261.20334,133.48297,2575.4126	259.86023,179.9809,2539.4048	226.88652,174.90663,2460.4507	205.58075,233.64577,2412.85	259.86023,179.9809,2539.4048	290.8454,184.74916,2618.359	300.76834,243.2846,2620.4863	258.5473,227.8249,2507.3118	235.8082,275.63873,2424.8672	230.60736,374.68713,2461.7036	277.7395,278.1297,2525.5703	225.44568,473.98434,2423.0876	270.32855,376.2736,2510.3237	235.8082,275.63873,2424.8672	276.40668,471.55127,2498.2651	311.31592,300.5943,2503.9895	223.27512,255.2305,2171.0198	
261.76785,132.64066,2572.2283	260.33203,179.61191,2538.3503	227.59485,174.56113,2457.0916	203.44981,235.58522,2389.9275	260.33203,179.61191,2538.3503	291.0382,184.34932,2619.6091	303.69574,243.28923,2623.2441	259.07327,227.54724,2508.1646	236.58195,275.46082,2426.1484	231.77899,374.135,2467.5115	278.11703,277.79132,2529.809	227.65244,474.64008,2407.5876	271.47214,375.78885,2515.1965	236.58195,275.46082,2426.1484	277.90207,470.44293,2508.1277	315.64926,300.0062,2501.1912	223.13739,255.14047,2147.627	
261.88116,133.08817,2570.6372	260.57785,180.17398,2537.2698	227.88232,175.24161,2455.4287	202.94138,238.01021,2362.9756	260.57785,180.17398,2537.2698	291.23004,184.79811,2619.1108	305.372,242.41434,2623.128	259.39783,228.18137,2508.2202	237.0438,276.22043,2426.979	230.81377,374.27075,2474.0322	278.46448,278.3621,2531.3623	227.57812,475.2666,2402.9255	272.13354,376.4989,2512.9053	237.0438,276.22043,2426.979	277.6653,471.64313,2501.9497	320.79984,298.7274,2507.6016	221.42194,254.8633,2115.2686	
263.10553,133.21404,2577.3223	261.26474,179.85287,2540.3293	228.79147,174.30884,2457.6494	201.53815,237.06593,2370.4702	261.26474,179.85287,2540.3293	291.69083,185.0474,2623.0093	306.80072,242.51512,2631.057	259.5403,227.68417,2508.5852	236.69635,275.2642,2424.1045	230.16809,373.84937,2466.0195	277.9683,278.15726,2529.5776	226.84949,475.1644,2396.559	271.36966,376.43716,2509.15	236.69635,275.2642,2424.1045	276.83096,471.54813,2500.409	325.8953,297.59064,2513.814	216.38344,252.02896,2119.2808	
263.87192,132.88217,2581.1685	261.87997,179.40576,2541.8057	229.56482,173.61935,2458.276	197.72421,234.3871,2363.2314	261.87997,179.40576,2541.8057	292.13876,184.82396,2625.3354	310.1162,242.13235,2630.521	259.98972,227.1676,2509.1646	237.0592,274.57248,2423.254	231.88647,373.3001,2465.2312	278.15613,277.73636,2529.793	226.46213,473.7635,2408.5903	271.6394,375.8697,2512.4539	237.0592,274.57248,2423.254	277.89102,470.91068,2502.4812	332.55627,296.6472,2516.9104	212.4534,248.81325,2114.5508	
265.34064,132.74886,2574.0986	262.69833,179.59064,2539.0967	230.42786,173.6838,2455.2068	195.82553,231.34975,2364.6184	262.69833,179.59064,2539.0967	292.90466,185.11964,2622.9866	313.19952,240.95715,2631.7542	260.23276,227.50613,2509.7646	236.77911,274.88147,2426.933	231.28339,374.1565,2459.3528	277.7548,278.1576,2533.9321	225.48053,473.13318,2425.4934	271.3789,376.32562,2512.4282	236.77911,274.88147,2426.933	277.25174,471.43567,2502.0261	338.00952,293.55792,2519.969	209.03915,245.68379,2114.9348	
267.08936,133.87585,2570.5579	263.9516,180.7201,2537.515	231.8403,174.64073,2452.661	194.65344,228.7052,2358.8079	263.9516,180.7201,2537.515	293.98477,186.40604,2622.369	316.59256,240.37086,2627.365	261.03625,228.71738,2509.791	237.23608,276.03372,2427.9492	232.09314,375.38867,2459.0742	277.98697,279.4652,2536.185	227.19269,474.91833,2420.1816	272.1043,377.7787,2510.1074	237.23608,276.03372,2427.9492	277.82047,473.2181,2497.0957	344.5038,291.49805,2520.959	205.79797,242.18466,2108.1543	
268.4726,133.6095,2568.2952	264.96024,180.46031,2536.8308	232.9043,174.13043,2452.0002	194.85811,226.74977,2352.4082	264.96024,180.46031,2536.8308	294.94168,186.38055,2621.6614	319.93896,238.42778,2621.1804	261.57828,228.46751,2509.777	237.3294,275.60733,2428.6216	231.42743,374.6637,2462.8037	278.02893,279.35297,2536.8252	227.06378,475.2829,2405.6636	271.77274,377.82983,2505.484	237.3294,275.60733,2428.6216	277.4745,472.60364,2501.8564	350.6089,288.0547,2521.1577	204.11194,239.11177,2098.8064	
270.09064,133.07751,2567.1553	265.73828,179.80432,2536.348	233.81845,172.97763,2451.1553	193.81851,224.15323,2346.2065	265.73828,179.80432,2536.348	295.5835,186.18729,2621.5405	322.05722,237.4559,2620.572	261.54285,227.7768,2509.9346	236.52551,274.5451,2429.1843	230.09308,373.9826,2457.569	277.1031,278.899,2537.8582	225.81442,473.76392,2415.7117	270.58905,376.98917,2514.2021	236.52551,274.5451,2429.1843	277.32587,472.7431,2493.3062	356.37872,284.8037,2523.7273	203.0503,235.14157,2089.1519	
271.80988,133.27847,2566.603	266.80676,179.79675,2536.3762	234.82886,172.70782,2452.379	194.97198,221.98451,2326.114	266.80676,179.79675,2536.3762	296.73456,186.43121,2620.3735	324.87585,236.41777,2619.2947	262.089,227.73463,2510.156	236.48172,274.2581,2430.3638	230.86163,373.14505,2466.2207	277.18362,279.00858,2537.5078	226.8494,473.5048,2411.0112	271.30066,377.2962,2510.5508	236.48172,274.2581,2430.3638	277.92047,472.42862,2499.3074	361.73254,282.76706,2524.3547	205.5734,232.30759,2068.0596	
273.5786,133.06592,2567.8237	267.82397,179.80354,2536.128	235.8536,172.26337,2453.0508	195.14062,219.30469,2306.0696	267.82397,179.80354,2536.128	297.76627,186.8654,2619.205	327.61737,235.5618,2614.651	262.36426,227.66588,2509.6333	235.96454,273.80457,2430.152	230.33347,372.7359,2465.7756	276.74136,279.17987,2536.1252	226.62613,473.55948,2404.3225	270.93817,377.72382,2504.3513	235.96454,273.80457,2430.152	277.52808,472.28174,2502.5251	367.9028,278.9834,2525.3936	207.6904,228.36473,2052.4414	
274.867,133.13243,2567.9395	268.35147,179.70547,2534.8152	236.31418,171.6815,2453.1963	195.3488,216.43542,2307.5518	268.35147,179.70547,2534.8152	298.39,187.22882,2616.434	332.19897,234.35585,2609.8364	262.12726,227.48398,2507.5925	234.85327,273.212,2428.312	230.62814,372.58136,2460.1836	275.81976,279.28308,2532.4277	224.87033,472.84924,2409.5547	271.00143,378.02344,2500.6968	234.85327,273.212,2428.312	277.2694,473.11426,2495.056	373.97617,277.068,2518.7742	208.22893,223.75449,2053.4226	
276.7952,132.59058,2558.4438	269.43958,179.44363,2531.116	237.82932,171.23413,2446.0288	194.87021,212.48909,2297.7437	269.43958,179.44363,2531.116	298.9937,187.11914,2616.2031	333.4871,233.32034,2607.8699	262.6085,227.33112,2508.1665	235.05292,272.99167,2430.937	231.49304,371.7862,2469.5493	275.36905,279.08136,2539.497	226.78519,472.49237,2406.141	271.1614,377.2934,2514.3613	235.05292,272.99167,2430.937	277.95413,472.05835,2506.2256	378.21997,272.43,2516.677	209.53128,221.70343,2049.6016	
278.56375,133.06277,2553.2468	270.84927,180.07294,2527.2288	239.09924,171.89886,2443.1917	195.41365,209.398,2283.8806	270.84927,180.07294,2527.2288	300.5557,187.7209,2611.2659	336.41275,230.55061,2597.949	263.65756,228.06413,2506.9902	235.70087,273.7339,2433.1663	231.71158,372.87354,2465.5664	276.1256,279.8082,2540.3372	227.6872,473.71826,2404.204	272.03305,377.98743,2515.6924	235.70087,273.7339,2433.1663	278.77747,474.02213,2490.8857	383.74866,267.89612,2512.4924	215.56744,218.85596,2041.6404	
280.23404,133.701,2553.1497	272.0235,180.69595,2526.3196	240.19145,172.26729,2443.717	198.84616,206.81384,2267.4536	272.0235,180.69595,2526.3196	301.8398,188.59087,2608.922	340.3325,229.37589,2591.9856	264.30508,228.64233,2506.3179	235.74088,274.055,2433.637	231.26675,373.037,2467.6257	276.32422,280.52814,2538.9954	226.98563,474.10608,2401.5046	271.7765,378.9178,2510.2944	235.74088,274.055,2433.637	278.66846,474.74896,2491.0305	389.5561,263.38208,2492.9067	221.9157,217.78769,2033.079	
281.9317,134.37143,2551.615	273.13672,181.21315,2524.412	241.12292,172.46075,2444.268	199.91843,204.09999,2258.7566	273.13672,181.21315,2524.412	303.18033,189.4269,2604.5562	343.44415,227.99117,2585.5156	264.74423,229.10057,2504.7317	235.35715,274.1676,2433.9321	230.55571,373.27338,2465.8838	276.23956,281.18106,2536.1704	227.01083,474.42328,2400.203	271.8446,379.5376,2511.2544	235.35715,274.1676,2433.9321	278.46997,475.4209,2491.5303	393.82355,258.31378,2472.183	226.11337,216.59187,2035.1714	
283.61362,134.79086,2552.3162	274.35358,181.47398,2524.5886	242.49576,172.30365,2444.269	201.97824,201.32555,2246.8767	274.35358,181.47398,2524.5886	304.2468,190.07881,2604.9082	345.3881,224.70332,2577.2505	265.37924,229.24503,2504.2568	235.46414,273.95035,2432.7039	231.7793,373.49762,2459.9429	276.2116,281.49036,2535.1462	226.3244,473.5527,2412.4058	272.1365,379.72906,2514.1672	235.46414,273.95035,2432.7039	278.21445,476.20532,2486.0508	396.1388,253.27429,2457.9312	232.73459,216.79314,2033.6436	
285.71643,134.71844,2541.6714	275.80673,181.75743,2519.4993	243.99362,172.42433,2438.896	204.53094,199.1826,2235.4443	275.80673,181.75743,2519.4993	305.64743,190.51187,2600.1025	347.76773,222.60936,2557.1155	266.059,229.5594,2503.619	235.46416,274.04355,2436.3374	231.43823,372.75348,2472.5679	276.0705,281.74075,2539.1396	226.60556,473.39093,2407.6157	272.38123,379.78943,2519.3418	235.46416,274.04355,2436.3374	278.06445,475.687,2496.4473	399.3317,246.09924,2421.349	241.84068,216.87674,2041.316	
287.44403,134.30042,2545.332	277.18317,181.41658,2519.481	245.77682,171.69872,2436.5815	207.56223,198.71304,2220.7073	277.18317,181.41658,2519.481	306.58856,190.51532,2602.3804	349.6159,221.38832,2540.5396	267.05026,229.12575,2502.4248	236.26785,273.36908,2432.4895	232.90735,373.04218,2457.8342	276.43414,281.4387,2538.2478	226.24706,473.06433,2410.2153	272.59323,379.4753,2519.3555	236.26785,273.36908,2432.4895	279.50546,476.34726,2481.7122	401.3679,240.20757,2387.9312	250.39142,217.13542,2045.7515	
289.02798,134.47192,2546.688	278.471,181.42041,2517.8235	246.98575,171.37514,2436.5244	211.06943,198.54926,2203.361	278.471,181.42041,2517.8235	307.9866,190.83727,2599.1226	350.92813,220.28929,2528.7815	267.8904,229.05504,2499.9092	236.5697,273.00137,2430.1458	232.45157,372.40796,2460.388	276.90195,281.57416,2533.844	225.53854,472.04468,2417.6238	272.3172,379.65567,2516.9968	236.5697,273.00137,2430.1458	279.01422,476.0141,2487.9856	402.4376,233.51923,2356.7383	259.83908,217.8504,2052.9053	
290.23044,134.97351,2539.3845	279.39908,181.81836,2513.2478	247.50691,171.74773,2435.5608	216.0398,199.25525,2187.2063	279.39908,181.81836,2513.2478	309.37872,191.28506,2590.9348	352.0429,218.82784,2523.9204	268.393,229.49612,2497.7603	236.42963,273.29166,2432.7139	232.07457,372.28815,2467.0972	277.25446,282.07074,2531.8315	225.13937,471.5784,2425.9827	272.90994,380.2337,2515.2622	236.42963,273.29166,2432.7139	278.98776,476.194,2492.9937	400.28424,228.47658,2333.2092	271.83258,220.76643,2059.7493	
291.29297,135.64395,2527.209	280.1922,182.73053,2506.5747	248.21518,172.7268,2428.8347	220.26779,199.78874,2182.1028	280.1922,182.73053,2506.5747	310.2454,192.13239,2584.3147	353.7744,217.76974,2509.9663	268.7687,230.50464,2495.495	236.43732,274.2959,2434.847	231.97806,373.1502,2469.8816	277.23535,282.94135,2533.9841	225.78976,472.24786,2430.8723	271.82025,380.84863,2519.887	236.43732,274.2959,2434.847	279.06506,476.38855,2499.7688	398.48868,224.4054,2301.4358	279.1377,221.9499,2065.2068	
292.55746,135.77057,2529.6135	281.40622,182.84846,2506.193	249.6076,172.68506,2427.4756	225.20944,201.23476,2171.5525	281.40622,182.84846,2506.193	311.26813,192.39287,2584.9106	356.65454,215.82184,2499.475	269.70874,230.57614,2495.414	237.20465,274.23193,2434.4353	233.16902,373.40057,2465.791	277.79486,283.02625,2534.8347	225.76126,472.53552,2427.7405	273.22876,381.35675,2511.3738	237.20465,274.23193,2434.4353	279.12897,476.48923,2500.8455	395.95438,220.05821,2276.7007	287.75204,224.85141,2075.2026	
294.0197,135.49187,2530.812	282.85416,182.56572,2507.3943	251.37004,172.3154,2426.6404	229.22998,202.46648,2164.7727	282.85416,182.56572,2507.3943	312.3736,192.1764,2588.1482	359.02783,214.88303,2486.727	270.9403,230.22775,2497.5732	238.4252,273.7774,2436.2473	233.31287,372.3407,2473.8252	278.6076,282.5727,2539.257	227.1351,472.46393,2415.7214	273.23096,380.45502,2521.006	238.4252,273.7774,2436.2473	280.69232,476.8169,2487.4595	392.7202,217.7092,2249.64	293.87686,226.3496,2083.2136	
295.0675,136.07698,2531.4211	284.1968,182.97137,2504.9634	252.27051,172.66779,2428.7039	236.13449,204.95409,2153.3872	284.1968,182.97137,2504.9634	314.2367,192.66612,2581.223	360.27878,214.60597,2476.8684	272.22406,230.66406,2494.4404	239.3531,274.11813,2435.2588	232.96661,373.1009,2466.4912	280.1475,283.22516,2532.5762	227.39787,472.79456,2420.3853	274.24118,381.53827,2510.325	239.3531,274.11813,2435.2588	280.53088,478.46786,2477.4463	389.41492,215.41318,2232.569	302.8189,229.72516,2091.0007	
296.42804,136.62692,2523.7441	284.82266,183.59528,2500.4463	252.58633,173.22421,2427.0115	241.09639,206.88815,2147.713	284.82266,183.59528,2500.4463	315.21954,193.37456,2573.881	363.06946,213.56824,2475.4558	272.4543,231.30052,2492.246	239.05624,274.57407,2437.216	231.97827,372.8418,2475.9539	280.17712,283.89175,2530.8757	226.29913,473.2927,2411.5093	273.3225,381.79547,2517.1108	239.05624,274.57407,2437.216	278.53995,479.26694,2474.632	384.78918,213.84839,2218.3628	310.23267,231.56403,2099.8257	
297.89908,136.25099,2519.3677	286.02795,183.30832,2498.9624	254.07158,172.73447,2423.373	244.14949,208.12881,2145.8464	286.02795,183.30832,2498.9624	316.10785,193.26129,2574.5518	364.74338,213.83711,2471.704	273.1739,230.92625,2492.6821	239.49101,273.97043,2438.1995	232.8608,372.279,2476.718	280.22897,283.41592,2534.6042	227.15987,472.98563,2408.4084	273.7403,381.0626,2523.766	239.49101,273.97043,2438.1995	278.70016,478.67932,2475.9707	382.4707,212.95186,2209.1938	314.91412,233.46025,2105.264	
299.08994,136.44717,2509.2087	286.7203,183.7044,2492.926	254.52576,173.13275,2419.0088	243.78807,208.5953,2151.933	286.7203,183.7044,2492.926	317.06064,193.66722,2566.8433	365.6271,214.29622,2467.8672	273.53543,231.36594,2489.7974	239.44974,274.30676,2439.5322	232.43387,372.44897,2479.135	280.40863,283.8079,2533.8052	226.89934,473.4118,2405.226	274.69495,381.9675,2513.79	239.44974,274.30676,2439.5322	277.79834,479.06247,2479.4722	381.87772,214.23723,2204.5645	314.58557,234.21333,2104.357	
299.95172,137.53346,2504.1191	287.54242,184.6521,2489.981	255.44116,174.12587,2414.878	246.75284,210.02408,2145.4712	287.54242,184.6521,2489.981	317.76392,194.56194,2565.084	366.67944,215.74109,2470.432	274.24915,232.35088,2488.098	240.1387,275.349,2438.321	232.73158,373.22113,2481.3176	280.94666,284.7144,2534.1086	227.77382,474.5716,2398.9543	274.93958,382.99017,2511.4854	240.1387,275.349,2438.321	278.38928,479.26093,2488.7905	384.36688,216.19984,2207.2742	318.34213,235.95862,2097.2317	
301.07095,137.37312,2500.5713	288.4727,184.70428,2488.1206	256.5135,174.22363,2411.554	245.59283,209.46815,2147.237	288.4727,184.70428,2488.1206	318.52365,194.55917,2564.6873	367.35864,217.02654,2469.7139	275.06015,232.40843,2487.8481	240.9526,275.42398,2438.7449	232.7901,373.3607,2479.868	281.54004,284.6411,2536.4065	227.58043,474.62888,2400.765	275.03937,382.90082,2511.6438	240.9526,275.42398,2438.7449	279.07153,479.55646,2484.2603	386.70392,219.42581,2207.635	316.10205,236.86269,2095.423	
301.7577,137.57378,2498.8008	289.1014,185.00046,2486.6401	257.24863,174.57697,2408.9426	244.83377,208.95972,2150.6235	289.1014,185.00046,2486.6401	319.024,194.7923,2564.3376	368.15634,217.55713,2469.8562	275.6303,232.71803,2487.4272	241.5539,275.77737,2438.6628	232.82108,373.24643,2484.7578	281.9766,284.8527,2537.7659	227.3794,474.7337,2396.53	274.9875,382.94153,2515.0183	241.5539,275.77737,2438.6628	279.64273,480.38043,2474.9995	388.75742,223.73695,2210.549	313.66174,236.82263,2085.5642	
302.77136,137.32848,2497.41	290.36307,184.92502,2484.2815	258.4084,174.48404,2407.6028	242.48663,208.58813,2153.304	290.36307,184.92502,2484.2815	320.4042,194.74075,2560.9602	367.54584,218.78877,2473.931	276.9285,232.70436,2484.7046	242.8193,275.80466,2436.225	233.49463,373.6253,2478.4802	283.37955,284.95023,2534.0303	228.02261,475.19528,2394.6675	275.73654,383.27536,2508.277	242.8193,275.80466,2436.225	281.00204,481.0075,2467.9844	392.6527,227.35092,2220.1843	309.95502,236.61526,2081.2327	
303.7314,137.36938,2489.2212	290.8161,185.01044,2481.1292	258.86884,174.76138,2403.6167	242.89755,209.75789,2146.6504	290.8161,185.01044,2481.1292	320.82776,194.6385,2558.6416	367.94623,220.37776,2481.4722	277.32016,232.82024,2484.6567	243.23459,275.9876,2438.7493	232.77798,373.6476,2480.1187	283.6866,284.8257,2537.6194	227.60663,474.91278,2401.249	274.763,382.65848,2516.9534	243.23459,275.9876,2438.7493	280.18787,480.34186,2472.466	394.622,230.61594,2231.7637	309.44415,239.77805,2077.651	
303.85272,138.16956,2485.6277	291.05087,185.89511,2478.5557	259.14792,175.77191,2400.1428	244.93903,212.51509,2134.3333	291.05087,185.89511,2478.5557	320.99716,195.39743,2556.9685	367.42358,221.13431,2480.737	277.59036,233.76433,2482.934	243.58936,277.0681,2437.3032	232.8634,374.7463,2478.6177	283.95355,285.6886,2537.3218	227.5964,476.38965,2394.246	275.10086,383.70148,2513.4988	243.58936,277.0681,2437.3032	278.7157,481.44153,2471.6785	399.1274,233.38129,2242.0535	311.75296,242.49515,2070.8296	
304.46036,138.30193,2483.3308	291.6265,186.02322,2476.4624	259.80005,175.95059,2397.17	250.05057,215.03519,2120.6738	291.6265,186.02322,2476.4624	321.4781,195.47084,2555.755	367.42264,221.9659,2478.8684	278.1137,233.9157,2481.7344	244.12769,277.26852,2436.436	233.14272,375.09988,2475.893	284.37048,285.76886,2537.5767	227.17337,476.659,2395.3647	275.4748,383.67072,2515.969	244.12769,277.26852,2436.436	278.20502,481.32605,2474.6333	402.24753,236.08322,2250.075	317.7167,247.03291,2067.1968	
305.3082,138.17018,2482.1785	292.26242,186.05734,2474.7183	260.54288,175.95831,2394.5417	246.72954,214.66354,2124.3428	292.26242,186.05734,2474.7183	321.99118,195.52255,2554.8948	367.30685,222.2654,2477.9282	278.66266,233.96141,2480.1558	244.65414,277.3286,2434.459	233.18,374.984,2476.2798	284.76538,285.80872,2536.7275	227.60019,476.63132,2393.999	275.95898,383.95197,2510.735	244.65414,277.3286,2434.459	277.37292,481.12674,2478.6394	404.2353,237.56601,2256.024	313.62183,247.15366,2075.1704	
305.9351,138.06433,2481.1104	292.86414,185.99806,2474.0562	261.16022,175.90375,2393.8127	246.30988,214.4841,2126.68	292.86414,185.99806,2474.0562	322.57608,195.45813,2554.2996	367.96405,222.64047,2476.4722	279.13528,233.86829,2480.669	245.03574,277.1639,2436.1057	232.92902,374.37543,2481.4631	285.09888,285.62985,2538.4578	227.54495,475.87885,2397.426	276.164,383.4253,2518.1423	245.03574,277.1639,2436.1057	276.90308,480.80585,2479.7874	404.2153,239.38792,2254.6863	311.90378,247.61783,2069.32	
305.95706,138.77087,2473.0664	292.62173,186.57193,2469.3193	260.97107,176.5112,2387.9778	250.7583,216.21371,2121.3386	292.62173,186.57193,2469.3193	322.25366,195.991,2550.661	368.53384,223.75647,2475.2332	278.62543,234.434,2478.1096	244.33731,277.69727,2435.0212	231.90259,375.12897,2477.606	284.28546,286.04404,2538.7786	226.35793,476.7389,2395.2222	274.5747,383.84662,2516.679	244.33731,277.69727,2435.0212	276.91693,481.68054,2472.4016	402.69464,239.88805,2249.129	317.32242,250.07596,2069.0413	
307.16354,139.02527,2468.5535	293.43784,186.86961,2466.6	261.71002,176.80379,2385.8271	254.25197,217.68738,2124.1753	293.43784,186.86961,2466.6	323.15356,196.2971,2547.373	369.62033,224.28125,2469.6252	279.19083,234.68277,2477.522	244.6586,277.80377,2436.9294	232.97827,375.13348,2481.053	284.6513,286.17535,2539.9583	227.14069,476.74976,2395.395	275.75015,384.2623,2512.0696	244.6586,277.80377,2436.9294	278.75372,481.7045,2475.3772	397.43982,238.01674,2226.882	321.62048,252.1163,2077.816	
307.65384,139.23132,2466.7969	293.78946,187.04941,2465.7642	262.10883,177.01743,2384.538	254.31334,217.81625,2132.6016	293.78946,187.04941,2465.7642	323.44946,196.44153,2546.9902	370.53192,224.97316,2460.3123	279.51468,234.86761,2477.1072	244.99298,278.0126,2436.6467	232.6539,375.27185,2480.653	284.91595,286.31436,2540.2537	227.21686,477.11224,2390.8767	275.28824,384.34955,2511.951	244.99298,278.0126,2436.6467	279.30157,482.1521,2469.9897	392.3693,236.343,2206.1895	321.47363,252.84285,2085.8757	
308.54016,138.63895,2473.4075	294.7496,186.58029,2467.7505	263.41782,176.32034,2384.7273	254.2332,217.80278,2141.7937	294.7496,186.58029,2467.7505	324.04178,196.17233,2550.7737	370.2608,225.49464,2445.6545	280.35898,234.3579,2476.5994	245.85419,277.45242,2432.4927	233.35216,374.65585,2479.013	285.44397,285.95697,2538.4038	227.72162,476.5929,2388.1326	276.0551,384.0081,2511.9014	245.85419,277.45242,2432.4927	278.14087,481.913,2469.5142	386.26,235.10089,2185.6584	320.8719,252.9289,2094.5012	
308.87708,138.78683,2468.7175	294.9615,186.70006,2465.3923	263.18506,176.50146,2385.7258	254.52397,217.81772,2148.394	294.9615,186.70006,2465.3923	324.74854,196.26016,2545.0588	368.67996,226.08607,2433.8303	280.59656,234.51279,2475.934	245.90056,277.53424,2435.6533	232.86957,374.25058,2485.437	285.98697,286.13025,2537.2983	226.69312,475.67847,2398.8567	276.34375,384.0714,2513.6895	245.90056,277.53424,2435.6533	277.38675,482.26892,2466.7444	379.12173,234.35878,2168.5417	321.31378,252.33035,2103.6135	
309.00662,138.39343,2466.3823	295.16153,186.47455,2465.0703	263.31485,176.31647,2385.833	254.8898,218.11784,2154.7012	295.16153,186.47455,2465.0703	325.02463,195.99992,2544.3076	367.44223,226.61192,2425.932	280.79626,234.28445,2476.4424	246.091,277.28983,2437.2883	233.60992,375.02423,2474.5251	286.21875,285.85083,2538.3406	225.22995,474.9541,2415.9446	275.4563,383.55707,2516.2976	246.091,277.28983,2437.2883	278.51044,481.77875,2466.3347	373.64273,232.0197,2156.2976	321.50436,251.56635,2109.1426	
308.86536,138.39215,2466.206	295.06598,186.39633,2465.5881	263.33585,176.28494,2385.2717	256.4779,219.04744,2155.8555	295.06598,186.39633,2465.5881	324.7941,195.86975,2545.9045	365.15656,226.63861,2421.9639	280.6389,234.16475,2477.7603	245.95789,277.15585,2438.7122	233.18298,374.67438,2477.7432	285.9256,285.6027,2541.1526	225.7942,475.37207,2406.762	275.36993,383.13968,2520.8718	245.95789,277.15585,2438.7122	276.8809,481.1467,2472.1062	369.9424,231.36517,2148.9797	323.4187,251.7981,2115.3184	
308.92133,139.17412,2473.6238	295.3825,186.96255,2469.7454	264.29605,176.81151,2385.1946	257.66953,219.78801,2155.9329	295.3825,186.96255,2469.7454	324.41095,196.44157,2554.2961	363.42957,226.88504,2419.9917	281.0254,234.70294,2478.873	246.70213,277.85446,2434.0508	234.29562,375.93585,2469.0164	285.9931,286.15173,2541.9507	226.07169,476.34808,2409.284	275.9313,383.93137,2516.8875	246.70213,277.85446,2434.0508	276.73413,481.41925,2477.7048	367.51196,231.13106,2145.5063	324.86462,252.16992,2121.278	
308.91165,139.1096,2468.8313	295.5087,187.1588,2468.109	264.67636,177.39726,2380.8008	258.38278,221.34152,2155.9695	295.5087,187.1588,2468.109	324.2342,196.2533,2555.417	362.30084,228.1727,2412.5056	281.2903,234.93759,2479.7744	247.33817,278.35815,2435.7585	234.03671,375.4801,2479.7478	286.20337,286.00882,2547.1213	226.66321,476.3549,2405.6199	275.48407,383.45764,2523.393	247.33817,278.35815,2435.7585	278.6787,481.2428,2474.93	366.71643,232.4235,2140.2625	325.6866,252.39268,2121.6868	
308.98837,139.16211,2466.4336	295.5253,187.29091,2467.5989	264.90558,177.7678,2378.2944	257.52628,221.45006,2155.49	295.5253,187.29091,2467.5989	324.00613,196.14879,2556.9033	363.50525,228.10898,2410.2559	281.40204,235.0905,2480.4937	247.7085,278.69086,2436.441	233.1692,374.99768,2487.216	286.26068,285.93506,2550.336	227.2752,476.4525,2395.098	275.01025,383.44458,2520.9775	247.7085,278.69086,2436.441	279.12988,481.3651,2471.8235	367.3012,233.2757,2137.7725	324.30438,252.25877,2116.6482	
309.1399,139.28542,2472.7395	295.893,187.39449,2471.408	265.95044,177.95917,2378.0671	257.7447,221.90619,2154.2563	295.893,187.39449,2471.408	323.65616,196.14304,2564.7488	365.32004,227.50716,2415.1357	281.88986,235.17796,2482.617	248.66899,278.9787,2434.2766	233.94022,375.90656,2478.6108	286.4539,285.91934,2553.3752	227.51181,477.54938,2392.4814	275.73486,383.4261,2522.7625	248.66899,278.9787,2434.2766	277.82422,481.19098,2476.0337	369.58704,234.29669,2144.3928	324.98056,252.68552,2118.241	
309.21695,138.89746,2468.3896	295.9419,187.18744,2470.1428	265.85065,177.93993,2377.2278	256.30582,221.16963,2151.13	295.9419,187.18744,2470.1428	323.85144,195.7645,2563.0579	366.5357,226.74493,2419.5784	282.0091,234.98792,2483.2688	248.83603,278.84637,2437.1565	233.16492,375.14612,2485.6863	286.71088,285.5656,2555.633	226.57513,476.66724,2396.2585	275.15442,383.04208,2521.18	248.83603,278.84637,2437.1565	279.2927,480.90906,2472.537	372.72375,235.6293,2149.889	322.73694,253.058,2110.5215	
308.92783,139.36238,2466.7087	295.72446,187.45456,2469.7808	265.4021,178.34634,2378.0166	254.3339,221.0554,2148.06	295.72446,187.45456,2469.7808	323.87427,195.91022,2561.545	367.23392,226.52567,2429.2932	281.9603,235.2973,2483.7197	248.84161,279.22617,2439.1423	232.7504,375.5925,2485.189	286.9648,285.83118,2556.175	226.79657,477.1701,2396.3997	275.0992,383.4333,2517.133	248.84161,279.22617,2439.1423	279.26477,481.318,2470.9478	377.2153,237.32883,2162.6982	321.02545,253.01239,2102.6416	
308.511,139.38393,2465.8672	295.5819,187.45714,2469.0608	265.13513,178.44417,2377.8262	251.51703,220.2064,2148.024	295.5819,187.45714,2469.0608	323.85873,195.82777,2560.2954	367.31546,226.07153,2435.6516	281.99564,235.36568,2483.087	248.9879,279.4053,2438.9324	232.34192,375.57175,2486.2478	287.24475,285.91507,2555.2937	226.97252,477.32944,2392.9617	274.8273,383.53583,2515.0525	248.9879,279.4053,2438.9324	280.29272,481.47327,2468.2703	382.1451,239.8841,2175.5615	317.8451,252.66612,2097.9246	
307.99847,139.14066,2456.4258	295.0028,187.31018,2462.5115	263.59515,178.43408,2377.3215	249.31432,219.25816,2147.986	295.0028,187.31018,2462.5115	324.31006,195.59268,2547.7014	367.12415,226.08034,2439.309	281.63614,235.36346,2479.126	248.3298,279.38556,2441.3518	231.68796,375.50916,2488.0972	287.7069,286.0237,2550.1292	226.3183,477.1527,2395.853	275.81592,384.04602,2506.1934	248.3298,279.38556,2441.3518	278.79904,481.08807,2476.3577	385.08618,241.24869,2182.4656	314.6424,252.88205,2095.7136	
307.43787,139.14221,2451.7324	294.38757,187.39296,2460.223	262.75684,178.62292,2375.9358	247.88326,219.02673,2146.4932	294.38757,187.39296,2460.223	323.92276,195.58197,2544.51	367.86026,226.58595,2446.1643	281.03445,235.45917,2478.5332	247.68658,279.48245,2443.1174	232.04102,376.2256,2483.6213	287.21713,286.0177,2550.5696	226.11862,477.94296,2394.257	275.26544,383.79913,2512.361	247.68658,279.48245,2443.1174	276.71494,481.1846,2476.1394	386.97287,242.03596,2190.813	312.6379,252.85513,2089.1316	
306.76044,139.01743,2450.8833	293.93182,187.44788,2458.9978	262.2262,178.79607,2374.7222	247.30438,219.3104,2145.7495	293.93182,187.44788,2458.9978	323.53622,195.5263,2543.2734	367.66113,226.60126,2448.5864	280.7489,235.58438,2477.4683	247.529,279.74713,2442.2063	232.35129,376.28748,2486.512	287.14044,286.1323,2549.6711	226.64957,478.2149,2389.5261	275.2092,383.90833,2512.7832	247.529,279.74713,2442.2063	278.27768,481.63248,2471.467	387.89142,242.3208,2195.4612	311.78503,253.14081,2086.005	
306.82352,138.61694,2457.9517	294.16394,187.15254,2462.1326	262.5684,178.40137,2377.5164	247.04463,219.33102,2146.3694	294.16394,187.15254,2462.1326	323.6599,195.3222,2546.7488	367.41296,227.43495,2451.2922	281.18,235.33878,2477.784	248.15225,279.5996,2439.4773	232.73914,376.26675,2483.2415	287.70987,286.09985,2547.3933	227.32861,478.3003,2387.4475	276.2339,384.07666,2509.025	248.15225,279.5996,2439.4773	277.819,481.37738,2475.893	388.32056,242.22963,2197.7678	311.30612,252.99886,2089.17	
307.11273,138.1894,2460.9717	294.46036,186.84564,2464.2266	262.89926,178.06738,2379.6519	245.6948,217.76819,2150.1655	294.46036,186.84564,2464.2266	323.92694,195.04132,2548.8013	366.86813,227.95676,2450.1304	281.53198,235.02116,2479.2427	248.56439,279.2744,2440.3237	232.89897,375.61237,2487.1145	288.0992,285.81732,2548.1938	227.44421,477.49826,2390.4067	275.7788,383.40442,2515.8557	248.56439,279.2744,2440.3237	278.64343,481.08154,2473.4937	387.49854,242.37827,2195.2578	308.97452,252.18997,2092.103	
306.5695,138.38318,2462.494	294.11667,187.03017,2464.8806	262.35126,178.22824,2381.9285	246.05579,217.77852,2151.0735	294.11667,187.03017,2464.8806	323.81363,195.25897,2547.8328	365.98572,227.98842,2450.563	281.32227,235.24323,2479.0815	248.34735,279.50626,2440.3757	232.32242,375.786,2487.0547	288.15518,286.16656,2546.1892	226.4394,477.70654,2389.5967	275.7813,384.03018,2508.9937	248.34735,279.50626,2440.3757	277.19745,481.00153,2479.6792	384.23715,240.69572,2188.5164	310.18494,251.8271,2096.333	
306.55045,138.12502,2471.7695	294.3012,186.7071,2469.765	263.1662,177.8193,2382.8938	247.0017,218.35736,2154.0435	294.3012,186.7071,2469.765	323.32034,194.9909,2556.636	365.48105,228.78209,2442.293	281.60684,234.89441,2480.804	249.02103,279.29132,2436.4158	233.15143,375.93765,2481.0764	288.15842,285.87183,2547.2703	227.10097,477.8767,2388.9143	275.93222,383.7678,2508.668	249.02103,279.29132,2436.4158	276.63828,480.44943,2483.6704	380.67252,238.88266,2175.624	311.4712,251.83502,2098.059	
306.53714,138.07162,2475.894	294.296,186.54095,2472.7026	263.68628,177.63947,2382.4822	249.21754,219.17558,2156.0198	294.296,186.54095,2472.7026	322.75067,194.81573,2562.923	363.69083,228.56201,2431.1414	281.54755,234.66847,2482.8809	249.20456,279.114,2435.514	232.67245,375.16705,2485.9285	287.71295,285.54364,2550.6042	226.90182,476.97058,2391.7395	274.80908,383.22247,2511.9597	249.20456,279.114,2435.514	277.68558,480.1827,2481.075	376.30078,237.40063,2162.4885	314.45456,251.99728,2101.615	
306.4884,137.80423,2469.956	293.50784,186.34868,2470.5474	262.97858,177.3227,2379.483	250.55368,220.10414,2156.0083	293.50784,186.34868,2470.5474	321.86652,194.73291,2561.6118	362.2029,228.5362,2418.0613	280.24258,234.34479,2482.7896	247.47237,278.5266,2436.9697	230.72665,374.46793,2487.681	285.84952,285.06116,2553.0938	224.90695,476.07974,2395.6118	272.82388,382.6764,2513.0928	247.47237,278.5266,2436.9697	277.3331,479.99677,2475.9277	371.6037,236.05252,2148.5054	316.44476,252.31018,2108.9602	
305.96515,138.2852,2475.4883	293.05234,186.73965,2473.8193	262.8224,177.64323,2381.0867	252.1532,220.47556,2160.0027	293.05234,186.73965,2473.8193	321.0978,195.17877,2566.552	359.16443,229.24434,2413.0261	279.7454,234.6767,2484.7456	247.07205,278.84177,2436.5334	231.8821,375.31335,2484.352	285.13593,285.39102,2554.8103	226.14984,476.98242,2394.8804	273.3361,383.1031,2514.4338	247.07205,278.84177,2436.5334	279.19333,480.5139,2474.547	364.49332,234.30757,2139.2385	317.65836,252.53957,2116.392	
305.27515,138.7384,2478.753	292.57065,186.90114,2475.893	262.4519,177.7536,2382.5618	252.46379,220.80644,2163.498	292.57065,186.90114,2475.893	320.50116,195.3841,2569.2244	357.8706,229.84071,2411.0056	279.32126,234.82884,2485.588	246.74266,279.01126,2435.7654	231.8551,375.47485,2484.6763	284.70163,285.59985,2554.8	226.52286,477.25842,2392.7063	274.0863,383.6381,2508.691	246.74266,279.01126,2435.7654	279.00742,481.0284,2473.1682	360.7722,233.37212,2134.8652	318.25323,252.66191,2119.9302	
304.73828,139.34909,2480.3608	292.212,187.31285,2476.5417	262.08344,178.14563,2383.2734	252.4628,221.19598,2160.2153	292.212,187.31285,2476.5417	320.15366,195.81464,2569.81	356.74445,229.42093,2409.9785	278.97595,235.23633,2485.7896	246.39249,279.4159,2435.5574	231.30899,375.63324,2486.9092	284.378,286.0354,2554.5173	226.62581,477.28525,2396.148	274.55835,384.2706,2505.616	246.39249,279.4159,2435.5574	277.88928,480.80865,2482.7605	359.31854,233.3529,2134.1057	318.5675,252.72804,2120.2944	
304.91803,139.21307,2480.6829	292.25543,187.18115,2477.1296	262.17593,177.97473,2383.653	252.76758,221.40263,2160.1116	292.25543,187.18115,2477.1296	320.14728,195.718,2570.6062	357.05927,230.66284,2414.4617	278.9746,235.08325,2486.2246	246.3695,279.22653,2435.7046	231.36823,375.38815,2487.858	284.30536,285.8867,2554.9346	226.98373,477.0718,2395.3757	274.8164,383.89,2512.952	246.3695,279.22653,2435.7046	278.58472,481.1582,2476.8987	359.9966,234.83258,2138.088	318.6912,252.73875,2115.315	
304.99426,138.86575,2464.3833	291.57858,187.01364,2469.2268	260.5443,178.02948,2381.1885	250.94427,221.66724,2159.5674	291.57858,187.01364,2469.2268	320.47604,195.37921,2557.2651	357.39044,230.6706,2415.2732	278.08194,234.89171,2484.612	244.83064,278.78076,2443.7961	229.93562,374.5337,2497.2083	283.7963,285.43066,2556.1985	225.77542,475.9825,2399.9988	274.96204,383.41235,2515.0813	244.83064,278.78076,2443.7961	276.88577,480.55292,2480.7434	360.6622,235.67157,2140.5781	316.69284,252.54977,2114.2642	
304.61697,139.52342,2473.2075	291.59998,187.65309,2473.1682	260.90994,178.56293,2383.2114	248.68895,220.97615,2159.784	291.59998,187.65309,2473.1682	320.1358,196.10521,2563.125	359.6339,231.1712,2418.141	278.21545,235.54166,2485.4243	245.22803,279.54037,2440.3293	232.19281,376.49832,2484.0955	283.81058,286.2266,2555.0315	227.37933,478.4956,2388.84	275.34396,384.49423,2508.2324	245.22803,279.54037,2440.3293	277.2358,481.21112,2482.8584	364.56967,237.29791,2146.1865	313.96445,251.5441,2110.1892	
304.6182,138.89017,2477.1182	291.74524,187.19153,2475.7378	261.3564,178.04349,2384.0327	247.92511,221.01884,2158.894	291.74524,187.19153,2475.7378	319.96317,195.6861,2567.4429	361.14236,230.60878,2424.5698	278.4461,235.08759,2486.2483	245.67766,279.16458,2438.2837	232.22415,376.2046,2481.7075	283.94403,285.8398,2555.234	227.26138,478.11426,2390.4119	275.2334,384.1597,2505.974	245.67766,279.16458,2438.2837	277.26328,479.81873,2493.6655	367.83682,239.52892,2156.408	312.4262,252.4359,2107.776	
303.88892,138.91653,2481.0808	291.39948,186.94266,2478.0542	261.25977,177.85715,2384.702	247.3257,220.75165,2155.9573	291.39948,186.94266,2478.0542	319.3508,195.3685,2571.4065	360.42114,230.57709,2430.79	278.4032,234.90244,2486.7163	246.04745,279.1931,2435.8472	232.01596,375.71588,2485.3896	284.04044,285.7099,2554.9097	227.27716,477.6789,2388.7979	275.64145,384.10986,2504.369	246.04745,279.1931,2435.8472	276.7533,479.9845,2490.8926	371.1388,241.65675,2164.0854	311.52493,252.97624,2104.5454	
303.70395,139.3435,2481.0571	291.26617,187.16681,2478.143	260.86795,178.034,2386.5195	245.05933,219.9932,2159.4773	291.26617,187.16681,2478.143	319.49677,195.64838,2569.7666	359.38525,228.4569,2438.9004	278.22018,235.11029,2487.1245	245.66533,279.29675,2437.6736	231.22557,375.25415,2492.038	283.974,285.96466,2554.5383	226.60974,476.93518,2395.1885	275.7,384.30334,2506.8335	245.66533,279.29675,2437.6736	276.36966,480.67627,2486.701	375.4244,242.74153,2178.002	308.21747,253.4991,2102.2952	
304.03735,138.78668,2481.0483	291.4256,186.68582,2478.336	260.94827,177.54408,2387.247	242.96106,220.00456,2160.2378	291.4256,186.68582,2478.336	319.742,195.1794,2569.4248	359.61218,229.42743,2447.9646	278.35593,234.61676,2487.7822	245.74295,278.75366,2439.1406	231.81113,375.07324,2489.9033	284.1343,285.46045,2555.3164	226.8562,476.73425,2395.4287	274.99158,383.53906,2511.756	245.74295,278.75366,2439.1406	278.464,480.69635,2477.4492	377.93396,243.49765,2190.4458	305.7844,253.53418,2099.1843	
304.02274,139.10997,2481.5388	291.44293,186.86719,2479.094	260.84644,177.67773,2388.9648	241.92978,219.08261,2161.1147	291.44293,186.86719,2479.094	319.89276,195.41191,2569.2231	359.64868,229.66447,2449.988	278.33337,234.77197,2488.5308	245.6066,278.82596,2440.4873	231.04672,375.21982,2488.6604	284.1522,285.64667,2555.4478	226.90826,476.8546,2396.3384	275.4652,383.90482,2507.6938	245.6066,278.82596,2440.4873	277.24725,480.56644,2482.6133	379.62048,245.50076,2196.781	304.34152,253.46735,2097.789	
303.93677,139.15121,2481.2727	291.2696,186.97693,2479.128	260.6331,177.72888,2389.3228	241.39514,218.219,2161.035	291.2696,186.97693,2479.128	319.76413,195.57837,2568.933	359.90024,230.01575,2450.9946	278.1219,234.8746,2488.2356	245.32312,278.88797,2440.0703	231.29413,375.38943,2488.212	283.93164,285.79938,2554.6162	226.65837,477.11224,2394.3918	274.74973,384.22806,2501.1802	245.32312,278.88797,2440.0703	277.27054,479.98312,2489.4124	380.49466,246.60414,2199.7944	303.5649,253.42085,2096.2703	
303.7233,138.75702,2482.1477	291.22452,186.60889,2479.801	260.71634,177.357,2389.1536	241.4129,217.79056,2161.5205	291.22452,186.60889,2479.801	319.58096,195.20825,2570.4485	359.7954,230.07646,2451.4895	278.11594,234.51062,2488.4546	245.42165,278.56375,2439.2957	231.42793,375.1593,2486.8862	283.88428,285.4378,2554.9207	227.11465,476.87863,2394.3567	274.68036,383.58206,2509.382	245.42165,278.56375,2439.2957	278.63223,480.38492,2480.1262	380.78256,247.21921,2201.2683	303.22208,253.39268,2096.368	
303.6832,138.7985,2481.0837	291.24167,186.6458,2477.9119	260.29236,177.33524,2390.361	241.22855,217.86234,2163.7544	291.24167,186.6458,2477.9119	320.07858,195.32089,2565.4626	359.37234,229.99374,2452.7432	278.18658,234.60263,2486.474	245.27643,278.59824,2439.1836	231.32364,374.95856,2489.59	284.29233,285.7033,2550.8892	226.72142,476.66125,2394.516	274.73663,383.97675,2505.772	245.27643,278.59824,2439.1836	279.40787,481.14722,2474.1807	380.2168,245.83199,2200.6904	302.8915,253.08916,2098.1338	
303.1847,139.49533,2482.0544	290.71677,187.38089,2478.0295	259.49188,178.03957,2392.4758	242.60736,218.79507,2161.3726	290.71677,187.38089,2478.0295	319.85754,196.09872,2563.5833	360.13214,230.29626,2451.3743	277.68494,235.34145,2486.372	244.6348,279.27783,2440.1528	230.66306,375.81577,2487.8672	283.98508,286.52612,2549.2764	226.18187,477.5274,2395.1094	273.50403,384.3116,2515.7295	244.6348,279.27783,2440.1528	279.28873,481.81287,2473.7139	379.79535,244.58542,2197.591	305.63342,252.98026,2101.936	
303.4811,139.49744,2481.5322	290.76038,187.30588,2477.342	259.5,177.88191,2392.0994	244.72684,219.65523,2159.1665	290.76038,187.30588,2477.342	319.94104,196.10287,2562.5847	361.6266,230.66586,2447.1892	277.6524,235.26326,2485.4126	244.49683,279.14716,2439.1248	231.01602,376.00854,2484.444	283.90262,286.5127,2547.8416	226.6315,477.81128,2393.1228	274.8579,384.50412,2514.3242	244.49683,279.14716,2439.1248	277.74597,481.88226,2476.6948	376.0616,243.99274,2188.9475	308.03766,253.09161,2101.5276	
303.2996,139.54062,2481.7778	290.6118,187.29193,2477.7712	259.5368,177.85362,2391.1663	245.85805,220.2349,2160.0852	290.6118,187.29193,2477.7712	319.58783,196.09273,2564.3762	362.1871,231.5526,2442.5886	277.4101,235.21278,2485.9683	244.26883,279.08047,2438.9316	231.08972,375.6529,2488.2146	283.45383,286.39484,2549.399	226.53732,477.47766,2392.208	274.58948,384.16254,2520.3862	244.26883,279.08047,2438.9316	277.02362,481.7115,2477.914	373.74396,243.00845,2182.0144	309.3678,252.91759,2107.2043	
302.94977,139.12347,2482.9077	290.31866,186.99509,2478.4253	259.63162,177.62654,2388.9514	246.02975,220.03119,2164.5496	290.31866,186.99509,2478.4253	318.86722,195.71078,2567.8992	361.11362,231.51192,2436.797	277.21027,234.93655,2485.9434	244.37456,278.9685,2436.3862	231.46632,375.99594,2482.0422	283.1009,286.0473,2550.5366	226.81978,477.88855,2390.7178	274.87653,384.04828,2516.0522	244.37456,278.9685,2436.3862	276.6929,481.06647,2483.067	371.51773,242.42511,2173.4636	309.78992,251.68379,2110.5212	
303.37988,139.38535,2473.9878	290.17593,187.27805,2474.0613	259.1147,177.86804,2386.8716	246.91772,220.60036,2166.793	290.17593,187.27805,2474.0613	319.1224,196.04736,2561.251	359.87015,231.37006,2433.92	276.65533,235.1416,2484.8567	243.2597,278.89255,2440.0447	230.39182,375.0928,2493.439	282.37216,286.1284,2551.2595	225.60818,476.7068,2396.3662	274.3054,384.20374,2514.795	243.2597,278.89255,2440.0447	277.29996,481.50928,2478.4749	368.33713,241.26634,2166.5117	311.07352,251.70781,2114.052	
303.135,139.34753,2477.0088	290.07117,187.33226,2475.7463	259.27625,177.97601,2386.6846	247.72003,221.00104,2166.9006	290.07117,187.33226,2475.7463	318.7274,196.03873,2564.808	359.73138,231.65443,2431.4585	276.61215,235.19034,2485.9912	243.42497,279.0372,2439.4377	231.39932,375.71063,2489.089	282.21954,286.11298,2553.0344	226.92412,477.57065,2391.392	274.62442,384.2565,2513.9724	243.42497,279.0372,2439.4377	277.76758,481.648,2477.14	366.32074,241.12698,2161.6384	312.09875,251.77126,2115.3174	
303.23224,139.23123,2478.5178	290.18787,187.19287,2477.1553	259.58038,177.86592,2386.8743	249.4656,222.00223,2167.454	290.18787,187.19287,2477.1553	318.6428,195.86388,2567.4363	358.95895,232.50641,2429.725	276.78894,235.0485,2486.9126	243.7636,278.95984,2439.096	231.70663,375.6515,2488.7854	282.33636,285.93933,2554.244	227.38974,477.56918,2390.0464	275.54117,384.347,2507.3665	243.7636,278.95984,2439.096	277.13077,480.70822,2486.2214	363.72018,239.0503,2156.6995	314.66898,252.40298,2120.9214	
303.3809,139.2905,2479.2761	290.31277,187.1862,2479.0054	259.81558,177.89413,2388.0967	249.58836,222.1152,2169.2368	290.31277,187.1862,2479.0054	318.65234,195.82088,2569.914	357.22937,231.16443,2431.3577	276.90573,234.99937,2488.9849	243.94405,278.8954,2440.9895	231.75275,375.50204,2490.656	282.37592,285.80563,2556.9392	227.43137,477.27942,2393.3066	275.2831,383.93927,2514.5093	243.94405,278.8954,2440.9895	276.92075,480.9068,2482.6523	362.26126,237.80296,2156.4397	314.7342,252.26384,2123.7544	
303.2085,139.17444,2480.6462	290.3212,187.07336,2479.6453	259.84058,177.84555,2388.5566	249.43666,222.18477,2171.6147	290.3212,187.07336,2479.6453	318.64178,195.64722,2570.734	355.90112,231.08496,2431.6707	277.106,234.93636,2488.9937	244.33578,278.95114,2440.2507	231.55988,375.36536,2491.4897	282.7503,285.77258,2556.4333	227.75143,477.1519,2392.9424	275.57477,384.04065,2510.7056	244.33578,278.95114,2440.2507	277.38245,481.26337,2477.9768	360.61435,236.99924,2155.4214	314.4752,252.09412,2126.1143	
303.0637,139.25398,2480.8643	290.1227,187.05408,2479.7134	259.63452,177.82555,2388.6223	249.31274,221.94366,2171.8716	290.1227,187.05408,2479.7134	318.45032,195.6286,2570.8044	355.01843,231.15477,2430.3257	276.90842,234.91644,2489.062	244.13406,278.93005,2440.3167	231.13828,375.64233,2487.6975	282.55856,285.7526,2556.5046	226.9596,477.51385,2391.2595	275.4467,384.13416,2507.4714	244.13406,278.93005,2440.3167	276.35574,480.44037,2487.3406	360.25516,236.54836,2154.201	314.29263,251.96558,2125.3394	
303.0562,139.27176,2480.4426	290.27606,187.07233,2479.372	259.7545,177.83925,2388.519	248.95514,221.68169,2170.4077	290.27606,187.07233,2479.372	318.6399,195.65265,2570.225	355.26346,231.78879,2431.1848	277.06955,234.94476,2488.6904	244.2822,278.961,2440.0657	231.34467,375.47565,2489.9636	282.7487,285.80045,2555.952	227.13782,477.39453,2389.7131	275.34744,383.96,2513.3445	244.2822,278.961,2440.0657	278.29956,481.2725,2476.2385	360.49725,237.82207,2154.3691	313.855,251.981,2121.5344	
302.4048,139.00545,2481.7395	289.93002,186.7659,2479.6694	259.5954,177.61761,2387.373	248.65598,221.68776,2170.2114	289.93002,186.7659,2479.6694	318.08752,195.25761,2571.9658	355.73215,232.46396,2432.5935	276.93033,234.70016,2488.1392	244.44504,278.9021,2437.741	231.70467,375.56033,2487.4255	282.69086,285.55933,2555.4768	226.95316,477.5286,2388.6516	274.79504,383.3512,2521.651	244.44504,278.9021,2437.741	278.86874,481.35388,2469.343	361.10254,239.19518,2155.5894	313.56894,251.96837,2121.342	
303.0314,139.29543,2481.3782	289.98215,187.09166,2480.4966	259.8379,177.77249,2387.3438	247.59073,221.16147,2170.605	289.98215,187.09166,2480.4966	317.9443,195.7362,2573.6494	356.19232,231.85733,2433.7866	276.529,234.86934,2489.6943	243.70764,278.79736,2439.4814	230.60452,374.95404,2493.4033	281.73795,285.6308,2558.3027	226.08614,476.71576,2392.874	273.43347,383.1225,2528.6025	243.70764,278.79736,2439.4814	278.4606,481.42865,2466.9229	362.13602,239.99643,2158.4397	312.2888,251.24858,2120.6206	
303.04562,139.55136,2481.6763	289.96918,187.42343,2480.5771	259.8294,178.06027,2387.4795	246.82812,220.77917,2171.7725	289.96918,187.42343,2480.5771	317.92844,196.10919,2573.6748	356.46094,232.37129,2431.8699	276.50702,235.20435,2489.2253	243.6653,279.12668,2438.5005	231.35706,375.67346,2489.666	281.70663,286.0183,2557.2466	226.72418,477.48767,2392.473	274.45135,383.8458,2522.302	243.6653,279.12668,2438.5005	279.56274,482.29153,2463.486	363.02438,241.14902,2158.0005	311.24872,250.83069,2119.6396	
303.16882,138.8461,2481.8545	289.9806,186.87149,2480.8284	259.91968,177.46779,2387.2764	246.69305,220.18242,2171.8972	289.9806,186.87149,2480.8284	317.85666,195.59175,2574.3804	356.33554,231.92494,2432.4292	276.4347,234.62369,2489.6606	243.55756,278.49585,2438.8286	231.26904,375.50385,2484.6294	281.50537,285.4154,2558.1572	226.8243,477.18298,2395.0085	274.5233,383.31158,2521.064	243.55756,278.49585,2438.8286	279.06622,481.31354,2470.2314	364.08762,242.67278,2161.4624	310.73697,251.70303,2122.463	
302.9223,138.86298,2481.9348	289.86685,186.8131,2480.4365	259.58813,177.44731,2388.1792	246.49683,220.14857,2171.9395	289.86685,186.8131,2480.4365	317.97394,195.50717,2572.6938	356.75314,232.0568,2432.211	276.53256,234.63998,2488.7493	243.73016,278.59824,2438.22	231.87375,376.2519,2477.1128	281.94354,285.53516,2555.904	225.88467,476.62027,2413.2236	275.84958,383.8748,2509.872	243.73016,278.59824,2438.22	278.12277,481.11304,2475.8906	364.09457,242.51416,2161.0264	310.54773,252.19603,2121.5396	
302.91827,138.39203,2482.4958	289.86783,186.4833,2481.1025	259.56366,177.14748,2388.9922	246.78876,220.25824,2171.4688	289.86783,186.4833,2481.1025	318.00247,195.15076,2573.213	357.05936,232.36815,2433.6345	276.58966,234.3121,2489.5605	243.83586,278.28168,2439.275	231.33014,375.63593,2480.3816	282.06793,285.1899,2556.7622	226.62152,476.2614,2412.0674	275.44754,383.49887,2509.9966	243.83586,278.28168,2439.275	277.49646,479.99823,2485.7446	364.1314,242.43767,2162.6904	310.53973,252.47072,2119.7373	
302.9878,138.34009,2481.2942	289.8932,186.32812,2480.991	259.56503,177.00853,2388.993	247.05963,220.3131,2171.2559	289.8932,186.32812,2480.991	318.05255,194.9813,2572.989	356.26086,231.81036,2434.36	276.6064,234.15332,2489.8008	243.83824,278.11365,2439.9375	231.78444,375.38757,2482.5654	282.09018,285.007,2557.2837	226.54918,476.53418,2403.4585	274.48285,383.1165,2513.8022	243.83824,278.11365,2439.9375	278.5956,480.49426,2474.8154	364.82852,243.0613,2165.5803	310.59085,252.62877,2118.3245	
303.76218,138.25963,2482.6511	290.3478,186.35986,2482.3071	260.06293,176.92087,2390.4568	247.05618,220.34557,2171.1133	290.3478,186.35986,2482.3071	318.47144,195.12527,2574.1575	356.5049,232.13213,2439.1733	276.9316,234.12677,2490.6816	244.04443,277.96243,2440.4763	231.66766,374.89545,2486.431	282.27023,285.01923,2557.636	226.91087,476.28522,2399.6658	274.64804,382.87225,2520.7007	244.04443,277.96243,2440.4763	279.35367,480.75714,2470.6582	364.54828,242.86461,2169.0908	310.57266,252.70758,2119.4521	
303.55072,138.93643,2483.839	290.2486,186.7667,2482.876	259.88882,177.25092,2391.7114	246.90906,220.35558,2170.549	290.2486,186.7667,2482.876	318.45786,195.60843,2574.0405	356.45914,232.28105,2437.0925	276.74786,234.49908,2491.0283	243.72252,278.24017,2441.0376	230.98703,374.6471,2492.127	282.05603,285.43262,2557.3237	226.46954,476.2199,2395.7715	274.58917,383.21008,2523.2874	243.72252,278.24017,2441.0376	278.647,481.58704,2465.417	364.16803,242.7997,2166.8752	310.59537,252.76357,2122.4658	
302.98438,139.03555,2482.4268	289.79602,186.82065,2481.048	259.06137,177.35841,2392.129	246.75464,220.37303,2171.7656	289.79602,186.82065,2481.048	318.4039,195.62811,2569.9673	356.99127,232.71959,2438.5425	276.45862,234.63405,2489.406	243.38092,278.42725,2441.0452	230.94684,375.16742,2488.7576	282.15942,285.66336,2554.4827	226.7503,476.75696,2396.588	274.81207,383.7744,2514.9053	243.38092,278.42725,2441.0452	278.8837,481.86285,2466.69	364.0559,242.9006,2167.4094	310.38333,251.63147,2120.376	
303.04196,138.7214,2481.741	289.8586,186.61386,2480.607	259.05225,177.20374,2392.0352	246.14844,220.24867,2172.3894	289.8586,186.61386,2480.607	318.54092,195.37517,2569.1787	356.44434,232.22737,2438.291	276.53098,234.43024,2489.7327	243.4454,278.22357,2442.374	231.23871,374.9698,2489.8848	282.27814,285.40872,2555.3428	227.35316,476.63397,2395.1245	274.8672,383.0962,2525.0437	243.4454,278.22357,2442.374	279.21417,481.29364,2468.944	364.42288,243.46072,2169.4626	310.21356,250.98952,2119.7498	
302.79358,138.22705,2481.3958	289.87515,186.3161,2480.6936	259.02206,176.98389,2392.296	245.86734,220.05711,2173.1987	289.87515,186.3161,2480.6936	318.60507,195.00612,2569.0913	356.15176,232.10762,2439.6633	276.6567,234.15855,2490.1313	243.66376,278.01163,2443.1936	231.27676,375.35574,2482.6975	282.5357,285.10773,2555.9446	227.48856,476.9273,2396.8088	275.71442,382.9448,2522.56	243.66376,278.01163,2443.1936	277.77353,480.88895,2472.945	364.6372,243.74713,2170.5774	310.1068,250.69421,2120.1719	
303.4996,137.61403,2482.2144	290.60522,185.8482,2483.076	260.08524,176.66632,2392.5315	246.7109,220.47418,2171.603	290.60522,185.8482,2483.076	318.9777,194.38403,2573.6204	356.50433,232.74602,2438.3323	277.44894,233.65205,2493.2124	244.7354,277.58783,2445.5945	232.77766,375.2926,2480.2288	283.1762,284.39273,2561.1033	227.94789,475.59308,2416.4587	275.61575,382.0697,2525.257	244.7354,277.58783,2445.5945	278.33875,479.73016,2478.074	364.28967,243.08029,2167.286	311.16666,251.19443,2122.2903	
303.41354,138.13522,2483.623	290.67258,186.13991,2483.8313	260.36075,177.04202,2391.8523	246.6213,220.42429,2171.307	290.67258,186.13991,2483.8313	318.8196,194.58806,2575.8103	356.2112,232.71053,2437.6643	277.6249,233.96323,2493.5198	245.13945,278.02545,2444.5476	232.03757,375.5498,2479.9539	283.32217,284.65195,2561.869	227.34778,476.59235,2404.606	275.25797,382.6159,2515.5671	245.13945,278.02545,2444.5476	277.45288,479.4156,2484.7122	363.97012,242.53491,2165.8625	310.9205,250.83463,2122.983	
303.35275,139.1995,2490.8215	290.86014,186.90152,2487.1501	260.76202,177.61624,2394.4487	246.44592,220.00351,2171.1455	290.86014,186.90152,2487.1501	318.79523,195.51953,2579.8516	356.18286,232.92793,2437.3328	277.86743,234.69943,2493.7751	245.48914,278.74484,2441.2798	231.69046,375.7677,2482.9785	283.49933,285.58157,2559.5205	227.22485,477.2475,2397.558	274.89514,383.6819,2511.6191	245.48914,278.74484,2441.2798	278.4643,480.9957,2476.0637	363.931,242.45024,2164.8328	310.55115,250.58798,2121.979	
