341.7979,131.4689,2479.9216	332.995,179.68663,2462.8008	303.9068,172.5094,2425.5552	292.87115,235.15681,2298.3696	332.995,179.68663,2462.8008	361.21646,186.65,2500.0464	414.34323,213.20743,2466.0962	322.7409,229.49947,2457.4644	289.94586,275.2109,2423.6543	293.97946,381.27628,2356.6958	334.42203,283.74817,2480.6016	282.58002,480.94922,2373.877	320.8887,382.61646,2501.266	289.94586,275.2109,2423.6543	325.58395,479.7182,2489.46	473.4699,215.15552,2256.1323	345.10098,230.10445,2098.8958	
344.62845,132.10266,2464.2253	334.2484,180.51839,2453.3323	305.1381,172.77634,2416.991	295.09735,235.67079,2280.752	334.2484,180.51839,2453.3323	362.5089,188.03441,2489.6736	413.2276,216.69519,2455.5273	322.54346,230.23894,2454.6946	288.43097,275.14987,2428.2722	293.83133,380.82983,2366.128	332.7704,284.55243,2483.8416	286.95932,483.1274,2356.4375	317.3065,383.40793,2498.6626	288.43097,275.14987,2428.2722	326.5277,479.77362,2493.0935	471.2937,225.33636,2251.616	348.55283,232.0491,2085.546	
347.1925,133.41,2447.851	335.56116,181.70747,2443.5276	306.5066,173.39935,2406.8513	296.7079,237.56853,2270.4172	335.56116,181.70747,2443.5276	363.7564,189.76988,2480.2039	412.9621,220.85907,2442.2156	322.4094,231.25171,2452.043	287.06906,275.3068,2432.5198	294.72955,380.5334,2374.2903	331.12625,285.48334,2488.597	291.34814,484.86395,2339.9075	314.91547,383.8613,2506.2786	287.06906,275.3068,2432.5198	327.95514,480.29865,2492.3489	469.43524,234.79926,2239.1062	351.51746,235.88934,2076.4004	
349.78235,134.97409,2433.6248	337.00955,182.99419,2433.991	308.13092,174.22409,2394.9404	297.07034,239.78584,2259.1904	337.00955,182.99419,2433.991	364.97614,191.4873,2473.0415	412.87125,224.2333,2431.0425	322.70026,232.39523,2447.3906	286.44455,275.85913,2430.9336	296.77484,380.825,2375.7483	330.1192,286.52798,2490.647	294.24213,486.4248,2327.322	314.23315,384.514,2513.651	286.44455,275.85913,2430.9336	329.728,481.95715,2479.691	467.0937,245.25076,2233.307	352.79352,239.6937,2073.2085	
352.10046,136.62299,2416.9797	338.19885,184.63426,2423.3948	309.70404,175.80743,2378.2356	297.13678,241.6461,2256.5203	338.19885,184.63426,2423.3948	365.6511,193.13814,2468.554	411.93848,228.16837,2419.947	323.15646,233.96375,2442.6086	286.55896,277.29868,2427.265	296.86707,382.32278,2377.633	329.53552,287.6031,2496.3801	296.29407,488.03784,2328.9753	314.3079,385.37177,2520.709	286.55896,277.29868,2427.265	329.4249,483.44168,2477.2517	463.9737,255.41258,2228.994	354.1197,243.73723,2069.3716	
354.38538,137.67412,2401.7122	339.22745,185.7771,2413.0166	310.7977,176.61653,2366.59	297.35315,242.8707,2245.7605	339.22745,185.7771,2413.0166	366.5839,194.59181,2459.443	411.91522,230.61055,2412.933	323.07776,234.84564,2438.0347	285.6139,277.51373,2427.582	294.68207,382.37115,2386.0837	328.28384,288.16754,2498.5234	295.66208,488.16193,2332.056	314.05145,386.49902,2515.3738	285.6139,277.51373,2427.582	328.47482,484.91565,2472.911	461.99292,261.45718,2223.5242	356.76703,247.75581,2066.8435	
356.13126,139.4748,2393.5586	340.1594,187.22641,2405.637	311.9658,177.75839,2356.6646	297.8483,244.00113,2240.3525	340.1594,187.22641,2405.637	367.22803,196.31662,2454.6094	412.63474,232.66402,2405.917	323.0636,236.0659,2433.4536	284.879,278.2564,2423.8372	294.1273,383.08557,2387.803	327.18597,289.18033,2498.7034	296.09036,489.42212,2325.4246	313.5401,387.8195,2512.1157	284.879,278.2564,2423.8372	329.0033,486.28317,2469.3967	461.44772,266.173,2222.0222	358.0769,252.48306,2062.8574	
357.71735,141.59439,2382.9978	340.8851,189.14671,2396.6423	312.85086,179.28773,2346.175	297.76886,247.29892,2230.1655	340.8851,189.14671,2396.6423	367.763,198.59903,2447.1096	414.23395,234.75677,2395.4246	322.7904,237.75851,2426.4053	283.76898,279.41162,2417.5938	293.0469,384.26724,2388.0571	325.8388,290.794,2494.7427	296.15695,491.0681,2318.886	313.87732,389.57318,2511.3704	283.76898,279.41162,2417.5938	328.3984,489.09686,2456.8577	463.06543,267.7169,2208.2173	360.30457,256.69788,2061.4973	
359.4468,144.32558,2369.7275	341.4186,192.04562,2387.278	313.47214,181.87975,2335.8835	296.55423,248.96387,2224.082	341.4186,192.04562,2387.278	368.18713,201.78299,2438.6726	415.54056,235.92387,2386.6873	322.38828,240.3839,2419.8152	282.57367,281.47064,2413.0684	292.0131,386.4132,2386.532	324.4809,293.22012,2491.6362	296.86368,493.1242,2319.6665	315.6664,392.71375,2503.5588	282.57367,281.47064,2413.0684	327.49048,492.2414,2458.8054	465.54187,267.94904,2199.8943	360.8777,259.6776,2064.8677	
360.03967,145.29047,2355.5532	340.95758,193.02238,2378.3154	313.27518,182.74063,2323.626	295.49146,250.07092,2215.9944	340.95758,193.02238,2378.3154	367.3955,202.84192,2433.005	416.1043,236.51393,2381.2869	321.0505,241.03201,2414.813	280.64258,281.67194,2409.4924	290.4886,386.84705,2380.574	322.12222,293.3528,2493.1287	296.5766,493.2652,2320.8367	317.9511,393.27795,2501.0146	280.64258,281.67194,2409.4924	324.56235,492.4304,2467.008	466.69693,267.4547,2198.2463	360.9546,262.84332,2065.444	
361.32242,147.06647,2348.079	341.28726,194.27393,2371.1965	313.56204,183.22202,2318.7136	296.21274,251.32298,2206.5828	341.28726,194.27393,2371.1965	367.81174,204.84718,2423.6794	416.30692,236.551,2375.1792	320.129,241.82826,2409.1475	278.5103,281.328,2406.9688	288.99136,386.6264,2376.219	320.06223,294.27493,2487.228	297.20093,492.409,2325.0935	320.37906,395.0722,2485.6682	278.5103,281.328,2406.9688	323.66763,493.78403,2465.8757	469.45685,265.62048,2200.5522	363.3505,265.11768,2060.095	
361.4872,147.68076,2336.788	340.45944,194.68445,2363.4163	312.77008,183.14365,2311.031	295.66965,252.99013,2202.8135	340.45944,194.68445,2363.4163	366.94797,205.72475,2415.8015	416.4459,237.05544,2368.0813	318.33554,241.8754,2403.4067	275.86124,280.5866,2403.36	287.5504,385.80966,2374.6016	317.33084,294.23306,2483.4343	296.97272,491.5291,2323.8584	322.38794,395.3208,2477.244	275.86124,280.5866,2403.36	321.59735,493.15005,2470.5803	470.92065,264.74252,2197.8914	363.51367,267.0311,2058.93	
361.97885,148.34009,2331.1323	340.54675,195.06686,2359.3926	312.8841,183.32661,2306.9053	295.15903,253.81372,2202.9072	340.54675,195.06686,2359.3926	367.0054,206.29611,2411.88	416.27045,237.43112,2364.533	317.93237,242.03821,2401.1	275.04794,280.3319,2402.691	287.98535,385.22052,2378.4353	316.45248,294.2508,2482.9243	300.53598,490.67352,2323.4927	325.67468,395.18933,2474.98	275.04794,280.3319,2402.691	323.40527,492.91388,2471.1353	471.19632,265.5447,2196.7485	363.38458,267.96356,2063.0679	
361.7874,148.93236,2321.3062	339.95502,195.514,2353.7615	312.2491,183.62137,2301.3591	294.6305,255.01697,2201.957	339.95502,195.514,2353.7615	366.45413,206.88861,2406.1638	414.47675,238.8372,2362.76	316.85394,242.19623,2398.6182	273.5664,279.9874,2403.419	287.36862,384.65637,2380.7363	314.95718,294.11008,2483.5308	299.42645,490.08133,2325.89	325.8771,395.17828,2471.2983	273.5664,279.9874,2403.419	323.12073,492.8431,2470.0122	470.08423,268.6765,2199.4548	363.04068,268.48697,2064.136	
361.0536,149.86562,2316.8882	339.31543,196.55997,2350.019	311.62213,184.72089,2296.7312	296.01675,256.568,2196.9663	339.31543,196.55997,2350.019	365.78067,207.87407,2403.307	413.59308,239.6621,2358.3787	316.09314,243.20424,2395.7686	272.71524,280.99554,2400.7822	287.66635,385.56262,2379.4958	314.07687,294.97214,2482.254	299.96216,491.30872,2321.1343	326.31616,396.08804,2468.3662	272.71524,280.99554,2400.7822	326.10297,495.35016,2451.8213	468.70255,272.11057,2199.26	364.83282,269.16156,2061.7207	
361.07214,150.91884,2315.2112	339.08716,197.32956,2347.6143	311.4018,185.44527,2294.097	297.47504,257.7618,2191.4966	339.08716,197.32956,2347.6143	365.5384,208.68411,2401.1316	413.18692,240.07811,2352.2268	315.77103,244.0032,2392.8767	272.28607,281.81335,2397.228	288.00858,386.021,2383.9224	313.66086,295.83914,2479.0503	300.00836,492.05188,2319.311	326.8937,397.09088,2463.4705	272.28607,281.81335,2397.228	327.80252,496.73065,2445.7148	466.8155,276.10083,2200.5278	366.24124,270.16675,2059.5479	
360.84225,151.49802,2313.85	338.95868,197.87529,2345.768	311.2201,185.94217,2292.696	298.71658,258.23785,2187.7644	338.95868,197.87529,2345.768	365.46985,209.28038,2398.84	413.98538,241.5122,2348.6023	315.60284,244.56992,2390.956	272.04245,282.35385,2395.5723	287.7271,386.2804,2389.04	313.49417,296.47546,2476.7158	301.08734,492.32947,2317.7393	325.68628,397.614,2467.2278	272.04245,282.35385,2395.5723	329.6737,497.7261,2441.695	466.72662,279.1866,2194.4382	367.13574,270.70374,2058.1584	
361.57996,152.08278,2314.187	339.50882,198.62387,2345.5159	311.7776,186.6389,2292.7117	299.20325,258.4792,2185.409	339.50882,198.62387,2345.5159	366.01892,210.08112,2398.32	414.52634,241.7397,2346.3137	316.1156,245.34036,2389.996	272.50092,283.1222,2394.1091	288.52023,387.01508,2388.6785	313.966,297.3415,2474.8435	301.23145,492.956,2321.1965	325.65314,398.46442,2468.1975	272.50092,283.1222,2394.1091	331.10294,498.76804,2439.8774	467.01105,280.94464,2191.8423	367.64706,270.98392,2057.3635	
362.63605,152.0029,2313.3208	340.15192,198.4415,2344.7913	312.46326,186.44458,2291.6558	299.70752,258.7414,2183.6846	340.15192,198.4415,2344.7913	366.6135,209.90672,2397.9268	414.65564,241.85384,2345.6477	316.62927,245.07019,2390.1106	272.94333,282.73962,2394.809	288.62106,386.49405,2392.2354	314.33044,296.9504,2476.0508	300.91583,492.66266,2319.405	324.69623,397.85956,2474.299	272.94333,282.73962,2394.809	331.75876,498.5242,2437.747	467.95648,280.2942,2188.9087	367.9275,271.13934,2055.1035	
363.0088,152.88646,2314.4075	340.57144,199.0999,2345.401	312.86948,187.08691,2292.6772	300.0928,258.99603,2183.3623	340.57144,199.0999,2345.401	367.0553,210.58467,2398.1245	415.21027,242.15855,2342.3142	317.05267,245.71663,2390.5762	273.36047,283.35416,2395.4453	288.33667,386.97116,2396.469	314.7669,297.61816,2476.0576	301.56146,492.9825,2321.2998	324.12045,398.28467,2479.599	273.36047,283.35416,2395.4453	331.83838,499.70963,2430.4395	470.1668,278.8426,2182.8152	368.19427,271.22296,2054.6914	
363.99445,152.85353,2312.9397	341.54886,199.29219,2345.2776	313.93735,187.39655,2291.5103	300.1544,259.1255,2183.17	341.54886,199.29219,2345.2776	367.92273,210.65463,2399.045	416.57245,242.55879,2338.1562	317.97397,245.81801,2391.6157	274.32053,283.44604,2396.8484	289.10367,387.14594,2395.981	315.57443,297.46793,2479.0593	302.3138,493.0885,2322.5715	324.17474,398.06876,2482.9045	274.32053,283.44604,2396.8484	332.416,499.65475,2429.7434	472.05646,277.28757,2172.6074	368.27118,271.27438,2053.6147	
365.37668,152.9418,2308.2283	342.0181,198.98444,2344.272	314.502,186.63918,2291.2502	300.4962,259.41135,2188.118	342.0181,198.98444,2344.272	368.317,210.78362,2397.2937	416.1126,242.50891,2340.078	317.6215,244.93866,2393.233	273.32568,281.56586,2401.656	286.865,385.23608,2400.505	314.39868,296.29034,2482.7317	299.9145,490.88593,2327.7422	322.39716,397.08212,2482.0752	273.32568,281.56586,2401.656	330.62143,498.30484,2433.939	471.96426,275.26843,2170.8186	368.54703,271.2863,2056.0215	
365.7044,153.03134,2303.858	341.8955,199.00954,2343.123	314.40036,186.43779,2290.5847	301.05194,259.8249,2189.5657	341.8955,199.00954,2343.123	368.18466,211.02988,2395.6614	415.57245,242.2378,2342.535	317.10928,244.70087,2393.3599	272.49902,280.8499,2403.4336	286.94943,384.54572,2398.183	313.5113,295.92923,2483.7598	299.91577,490.1707,2327.3867	322.69238,396.91077,2477.5627	272.49902,280.8499,2403.4336	330.96292,497.8536,2435.226	470.1904,275.66864,2173.6545	368.69162,272.57242,2051.0527	
366.0731,153.5368,2301.1738	341.9282,199.12048,2342.9875	314.45383,186.35223,2291.0234	300.9351,259.90094,2190.2925	341.9282,199.12048,2342.9875	368.2103,211.33466,2394.9517	415.59003,243.08571,2342.7644	316.7368,244.41817,2395.6873	271.83942,279.94366,2408.6624	289.51328,382.75586,2405.2407	312.7564,295.33826,2488.1116	298.25558,488.8349,2327.3857	322.65875,395.86447,2485.4155	271.83942,279.94366,2408.6624	331.10754,497.00867,2435.9922	469.0462,278.20493,2177.3684	368.24643,273.96872,2050.5728	
365.94553,153.74359,2299.8296	341.84354,199.1454,2343.2463	314.32898,186.22939,2292.2988	301.3174,260.01953,2196.1519	341.84354,199.1454,2343.2463	368.18707,211.51172,2394.1938	414.7392,245.7144,2345.878	316.4911,244.27486,2396.995	271.45755,279.46558,2411.7954	289.5263,382.33032,2403.9744	312.39322,295.13498,2489.6924	299.11688,488.3031,2328.0203	322.85083,395.463,2488.355	271.45755,279.46558,2411.7954	331.5979,496.9957,2431.6877	464.60565,284.68585,2180.837	368.1134,274.73862,2054.605	
366.30212,153.84671,2299.1467	341.8848,199.19846,2344.2114	314.41385,186.25288,2293.097	301.1366,260.05582,2201.5652	341.8848,199.19846,2344.2114	368.18335,211.59152,2395.326	414.21295,247.01965,2349.9297	316.382,244.12668,2399.2354	271.2774,279.06552,2415.1848	289.93646,381.88135,2403.528	312.1178,294.7652,2493.3337	299.17123,488.00754,2326.184	321.4418,395.24713,2488.8047	271.2774,279.06552,2415.1848	332.80164,496.2277,2435.2695	461.32922,288.64673,2185.2747	368.04654,275.0971,2060.6921	
365.84805,154.54514,2300.3123	341.36832,200.02716,2345.1394	313.7718,187.07536,2295.4116	301.4397,260.1973,2204.7837	341.36832,200.02716,2345.1394	367.81882,212.44109,2394.8672	414.23325,248.40717,2350.9573	316.0636,245.0601,2399.6375	271.06018,280.07153,2416.118	291.01743,382.78143,2400.846	312.07,295.8697,2492.153	298.55093,489.03452,2326.5178	322.2717,396.4765,2484.972	271.06018,280.07153,2416.118	332.42145,497.83078,2431.0156	459.32108,292.39056,2187.5984	368.26758,276.6504,2063.532	
365.86713,155.70294,2306.4077	341.27087,201.20609,2348.5767	313.7472,188.26794,2298.629	301.60526,260.25516,2207.8994	341.27087,201.20609,2348.5767	367.64822,213.60538,2398.5244	414.38647,249.10129,2350.989	316.05533,246.33043,2400.9446	271.11047,281.51123,2415.13	292.4603,384.0141,2399.4026	312.08435,297.29968,2491.495	298.2257,490.64447,2322.8464	322.87024,397.72723,2486.833	271.11047,281.51123,2415.13	332.311,499.521,2427.3557	458.40857,294.35913,2187.813	368.40237,277.45,2066.9106	
366.02435,156.49863,2309.4426	341.23782,201.87311,2350.3074	313.73636,188.85527,2300.7878	302.11328,260.24725,2213.4556	341.23782,201.87311,2350.3074	367.6043,214.35371,2399.827	414.28357,248.71216,2352.4841	315.923,246.87315,2402.86	270.90738,281.85498,2417.5566	292.66318,384.19806,2401.3555	311.8451,297.79318,2493.269	297.84167,490.55768,2328.5671	322.70798,398.0235,2490.5728	270.90738,281.85498,2417.5566	332.11603,500.13644,2424.5864	458.82745,292.78314,2188.297	368.42508,277.89206,2069.288	
365.84378,156.48355,2310.9631	341.23474,201.98181,2351.4907	313.6703,188.85153,2303.339	301.7225,260.2343,2217.2327	341.23474,201.98181,2351.4907	367.69296,214.58513,2399.6423	414.1053,248.40327,2350.2378	315.91855,246.94797,2404.0837	270.87375,281.7727,2419.864	291.76654,384.37213,2399.922	311.88434,297.96237,2493.4895	299.44925,490.5103,2328.5657	322.98883,398.35474,2487.5789	270.87375,281.7727,2419.864	331.32483,500.0807,2430.0002	459.3465,291.90918,2188.0542	368.39523,278.04636,2071.558	
365.564,155.92183,2311.6343	341.09363,201.57605,2352.4114	313.54294,188.43834,2304.202	301.41153,260.24713,2218.4932	341.09363,201.57605,2352.4114	367.53778,214.18611,2400.6208	413.68503,246.777,2354.5637	315.76868,246.5119,2405.1504	270.73132,281.29962,2421.036	291.31818,384.10535,2396.6934	311.71515,297.49628,2494.743	299.38116,490.07904,2329.726	322.79614,397.745,2490.4163	270.73132,281.29962,2421.036	331.64978,499.52103,2429.9265	459.61707,288.10953,2186.4695	368.52103,278.15692,2074.284	
365.25217,156.04553,2313.0574	340.80408,201.5965,2354.0598	313.33878,188.55962,2304.7	301.23877,260.23984,2219.2405	340.80408,201.5965,2354.0598	367.14124,214.09789,2403.4197	413.98944,245.47098,2352.7856	315.48587,246.48352,2406.914	270.50372,281.3263,2422.0327	291.4987,383.9571,2398.83	311.38065,297.31155,2497.504	299.17325,490.1795,2327.08	321.7369,397.4599,2494.228	270.50372,281.3263,2422.0327	332.48395,499.25458,2428.1604	459.6452,286.12155,2180.982	368.4577,278.1408,2074.3093	
365.18204,155.68729,2312.771	340.66107,201.13756,2354.001	313.12436,187.96265,2305.9443	301.2781,260.11087,2219.1255	340.66107,201.13756,2354.001	367.09598,213.78531,2402.0576	413.75693,244.32764,2352.388	315.28503,245.96115,2407.4104	270.23206,280.58688,2424.0803	291.59537,383.03284,2401.1184	311.1776,296.84842,2497.5593	298.89612,489.43692,2324.8398	322.27716,396.9975,2492.9	270.23206,280.58688,2424.0803	332.3609,498.9699,2426.19	459.43295,285.059,2179.1292	369.34045,277.44714,2076.503	
364.75885,155.67648,2314.128	340.41907,201.12001,2354.477	312.80518,187.88553,2307.5552	301.67688,260.3126,2218.067	340.41907,201.12001,2354.477	366.9538,213.83731,2401.399	413.31003,243.8794,2351.1912	315.15598,246.06181,2406.9287	270.13846,280.75528,2423.5098	291.22794,383.39673,2398.0146	311.20358,297.1785,2495.251	299.13693,489.74213,2324.4426	319.51993,397.66992,2490.3577	270.13846,280.75528,2423.5098	334.50204,499.05478,2423.0251	459.03775,285.80075,2180.941	370.00546,277.0973,2072.9163	
364.43042,154.89078,2314.3167	340.31616,200.71494,2354.3667	312.6912,187.55014,2307.1316	302.1281,260.42426,2216.5425	340.31616,200.71494,2354.3667	366.85443,213.36188,2401.6018	413.3513,243.53084,2350.1091	315.1966,245.82098,2405.7712	270.27036,280.76688,2421.067	293.31235,382.9047,2399.2644	311.38162,297.0731,2493.2847	298.26108,489.70944,2319.7153	320.45428,397.26288,2493.6587	270.27036,280.76688,2421.067	334.01846,499.14645,2420.5083	458.21848,286.90976,2183.0427	370.48334,276.99847,2068.5576	
364.31366,154.16818,2312.897	339.86722,200.13196,2353.5405	312.3253,186.99277,2305.0217	301.5971,260.19846,2218.2634	339.86722,200.13196,2353.5405	366.29654,212.74036,2402.0593	414.14825,242.62497,2348.5564	314.64578,245.2029,2405.0344	269.66443,280.16736,2419.4355	293.04758,382.25928,2398.6262	310.67972,296.35675,2493.621	296.93948,488.87897,2323.4895	317.81595,396.68427,2494.0269	269.66443,280.16736,2419.4355	334.22385,497.60718,2427.789	457.77957,287.3255,2185.6833	369.72867,276.21802,2072.0168	
364.02866,154.2359,2313.6965	339.79672,200.07724,2353.7822	312.20593,186.91922,2305.8755	301.09546,259.92648,2222.145	339.79672,200.07724,2353.7822	366.28677,212.71034,2401.689	414.5265,242.90594,2348.2773	314.66284,245.2342,2404.666	269.71912,280.27005,2418.9272	292.82233,382.37598,2399.8765	310.80936,296.52686,2492.1724	298.24612,488.81705,2325.567	318.12918,396.83087,2493.9243	269.71912,280.27005,2418.9272	335.53427,497.64395,2427.571	458.58044,285.70645,2177.5776	369.02716,275.8179,2076.4944	
363.5747,154.26976,2313.5896	339.45743,200.16562,2353.964	311.76794,187.01466,2307.0637	300.96625,259.8006,2223.0776	339.45743,200.16562,2353.964	366.06512,212.80276,2400.8645	414.4908,242.55692,2347.6316	314.48276,245.42288,2404.5264	269.625,280.5423,2419.234	294.25824,382.35846,2398.025	310.8466,296.85153,2490.9434	297.18024,488.9076,2325.08	319.01523,396.9645,2495.4568	269.625,280.5423,2419.234	335.26385,497.92398,2429.3845	458.74622,284.39282,2175.802	368.42307,275.4249,2075.767	
363.21582,153.94592,2313.0364	339.34476,199.96533,2354.0688	311.5716,187.09084,2306.7488	301.00064,259.7702,2220.0364	339.34476,199.96533,2354.0688	366.0234,212.33246,2401.389	413.75858,241.52007,2349.8184	314.71378,245.34724,2405.5361	270.16205,280.77716,2420.8274	294.94202,382.2586,2404.6475	311.45923,296.645,2493.1794	297.43265,489.03387,2323.1326	320.02286,396.56793,2498.8132	270.16205,280.77716,2420.8274	335.1316,497.63934,2431.7825	459.4494,280.28162,2172.9253	368.7363,274.7253,2076.1672	
362.95126,153.41148,2312.763	339.03745,199.65482,2354.3752	311.33856,187.02635,2305.142	301.1492,259.3646,2218.5178	339.03745,199.65482,2354.3752	365.60162,211.76593,2403.6084	413.33353,240.88078,2352.4153	314.5319,245.06085,2406.42	270.1523,280.7327,2420.8228	294.09268,382.72778,2397.6855	311.34476,296.12057,2496.1064	297.20676,489.2621,2325.2593	318.01138,396.2614,2498.537	270.1523,280.7327,2420.8228	335.2235,496.8824,2432.6714	459.68723,277.4944,2171.1826	368.91147,273.72812,2075.0352	
362.57742,153.03026,2312.6182	338.86212,199.1378,2354.6245	311.1183,186.50127,2305.8132	301.04434,259.59967,2212.2676	338.86212,199.1378,2354.6245	365.47906,211.26108,2403.4358	413.2856,240.92957,2352.6875	314.41238,244.56635,2406.8325	270.07074,280.23883,2421.7285	294.0006,381.93082,2404.4163	311.3052,295.659,2496.3525	297.25635,488.7791,2320.777	318.62756,396.1043,2493.0225	270.07074,280.23883,2421.7285	334.36993,497.19653,2427.4548	462.25287,274.67416,2165.8745	368.9492,273.12448,2072.73	
362.7921,152.39984,2312.0603	339.0905,198.45274,2354.111	311.33832,185.86378,2305.0698	301.0206,259.6878,2212.633	339.0905,198.45274,2354.111	365.71,210.5279,2403.1523	413.2135,241.07164,2350.863	314.7164,243.96577,2406.1265	270.4328,279.76852,2420.6523	294.09372,381.565,2403.6692	311.68573,295.10294,2495.6313	297.87372,488.3808,2321.1323	318.6562,395.6568,2491.5737	270.4328,279.76852,2420.6523	335.1871,496.3869,2430.1282	464.29688,272.64304,2163.0903	369.07364,271.70117,2073.901	
362.4395,152.61978,2314.2732	338.91766,198.50856,2354.3232	311.08636,185.85162,2306.4365	300.7123,259.63934,2208.3213	338.91766,198.50856,2354.3232	365.63937,210.66087,2402.21	413.03458,240.90479,2347.4287	314.63464,244.12085,2405.4805	270.3654,279.96277,2420.0286	293.9965,381.9813,2399.0095	311.74393,295.47305,2493.2468	297.33362,488.62103,2323.6555	318.56793,395.81866,2494.2883	270.3654,279.96277,2420.0286	334.55884,497.22726,2422.2166	465.52515,271.61127,2162.809	369.0228,270.947,2074.8728	
362.13947,152.45175,2320.3855	339.01337,198.52538,2356.3347	311.19745,185.88843,2308.5122	300.6889,259.7464,2206.1687	339.01337,198.52538,2356.3347	365.72272,210.65959,2404.1572	412.6362,240.57507,2344.2214	314.9011,244.32301,2405.3037	270.7328,280.42642,2417.7146	294.0166,382.71115,2395.0793	312.15222,295.92883,2490.8308	298.07193,489.49152,2320.4822	319.77246,396.24658,2492.9958	270.7328,280.42642,2417.7146	334.13147,497.78842,2423.9788	465.25674,271.8852,2163.648	368.95532,270.5434,2075.5706	
361.23804,152.73999,2326.943	338.66846,198.97302,2358.211	310.88644,186.4429,2309.7947	300.8054,259.80753,2204.5955	338.66846,198.97302,2358.211	365.3326,210.999,2406.6272	412.8683,241.02495,2341.1172	314.88312,245.10876,2403.4492	270.91852,281.7555,2411.6743	294.11813,384.19183,2392.3735	312.40762,297.0924,2485.7007	297.2114,491.20898,2317.5015	319.93738,397.58478,2488.5469	270.91852,281.7555,2411.6743	334.46344,499.27744,2420.6162	465.4499,273.80283,2160.8975	368.86414,271.4071,2073.6714	
360.88538,152.79446,2326.2114	338.49,199.02408,2357.3535	310.59976,186.44414,2310.19	300.8614,259.96573,2203.8015	338.49,199.02408,2357.3535	365.2861,211.1105,2404.517	411.48535,243.46582,2340.053	314.78513,245.2469,2402.245	270.8239,281.916,2411.0798	294.59106,383.97812,2397.227	312.46252,297.40356,2483.1936	297.37784,490.97083,2319.2673	320.55023,397.93243,2486.3904	270.8239,281.916,2411.0798	333.9582,499.24487,2427.2634	462.96793,277.50476,2162.9456	368.9193,271.98596,2071.768	
360.87872,153.23749,2319.8455	338.451,199.70401,2355.5354	310.4971,187.44214,2307.43	300.75684,260.04272,2203.388	338.451,199.70401,2355.5354	365.28595,211.47507,2403.6409	410.21838,245.78851,2341.5347	314.89825,245.7985,2404.124	271.16455,282.48895,2415.9353	294.20642,384.54648,2401.3508	312.76904,297.4206,2489.49	298.88312,491.2238,2324.148	321.18256,397.24414,2498.9155	271.16455,282.48895,2415.9353	333.8744,498.7274,2430.8967	460.05853,282.84268,2166.597	368.46707,273.30984,2068.2966	
360.93713,153.69469,2316.1604	338.7462,200.24915,2354.6216	310.85538,188.2436,2304.7795	300.7176,260.19763,2204.6838	338.7462,200.24915,2354.6216	365.4807,211.75694,2404.4636	408.79153,248.17343,2343.7703	315.21237,246.21565,2405.5261	271.6053,282.9479,2418.3247	294.24002,385.2753,2397.7825	313.05948,297.38223,2494.5366	299.1656,492.0346,2322.2476	320.1806,397.67444,2494.895	271.6053,282.9479,2418.3247	335.1885,498.3309,2436.014	455.08798,289.0559,2171.303	368.11304,274.36737,2066.874	
361.52908,155.22684,2315.318	338.93076,201.54964,2354.8596	311.19904,189.83047,2302.5635	301.70963,261.35843,2201.333	338.93076,201.54964,2354.8596	365.45752,212.75958,2407.1558	405.9193,251.8101,2346.886	315.37448,247.37413,2407.2378	271.88208,284.2024,2419.631	293.0351,386.792,2399.3157	313.09097,298.06607,2499.6008	300.01233,493.72595,2317.8298	319.5353,398.62317,2493.175	271.88208,284.2024,2419.631	335.5289,499.66037,2428.4211	449.67032,294.33823,2174.2588	369.13654,275.55383,2064.1577	
361.2542,155.8325,2314.9053	338.8064,202.36389,2353.7896	311.00317,190.69302,2301.8433	302.73932,262.4501,2201.1821	338.8064,202.36389,2353.7896	365.40894,213.53073,2405.7358	403.9449,256.18588,2349.938	315.36377,248.27039,2405.9683	271.93585,285.2127,2418.4414	292.5781,388.02704,2397.0996	313.2299,299.02026,2497.8525	300.11786,495.203,2313.5068	320.7838,399.81232,2487.526	271.93585,285.2127,2418.4414	334.82605,501.75024,2418.175	445.03934,301.68848,2179.0054	368.9412,278.2079,2058.8457	
361.3999,155.9874,2313.6826	338.99573,202.55423,2353.593	311.20602,190.97327,2301.1892	301.95526,264.56348,2201.574	338.99573,202.55423,2353.593	365.57492,213.6307,2405.9968	402.22632,258.73938,2351.4634	315.55756,248.39899,2406.7227	272.17065,285.32962,2419.7935	291.61368,388.3656,2397.5469	313.42123,298.9749,2499.9111	301.12555,495.09998,2317.855	322.04047,399.40985,2492.811	272.17065,285.32962,2419.7935	333.26263,501.53207,2422.4663	440.20776,308.29462,2188.7544	368.44553,280.06042,2060.0396	
361.91077,156.28154,2313.0767	339.3742,202.7377,2353.7122	311.6676,191.32039,2300.0623	301.30515,265.6111,2202.2761	339.3742,202.7377,2353.7122	365.84592,213.64615,2407.362	400.05667,261.82812,2354.7307	315.88947,248.4375,2408.4536	272.55728,285.33093,2422.18	291.01053,388.55768,2397.5935	313.65552,298.65924,2504.2102	302.3473,495.20404,2315.9739	320.89868,399.2179,2493.8862	272.55728,285.33093,2422.18	334.73083,500.45584,2430.4106	435.54453,314.67728,2200.5693	368.19867,281.33905,2063.8706	
362.07895,156.9105,2312.2715	339.44287,203.32191,2353.7942	311.78696,191.99432,2299.4304	301.1209,265.07962,2203.6245	339.44287,203.32191,2353.7942	365.8501,214.13808,2408.158	399.20364,263.73105,2356.862	315.89468,248.89426,2409.6133	272.56735,285.71555,2423.8738	290.82373,389.06403,2395.8745	313.56708,298.8688,2506.991	301.39606,495.76877,2316.6057	321.88403,399.49268,2492.116	272.56735,285.71555,2423.8738	333.409,501.20392,2427.5989	432.06412,318.55368,2200.4866	367.49554,282.18466,2068.8914	
362.15268,156.83252,2312.8865	339.4632,203.31737,2354.0627	311.81888,192.04706,2299.427	300.52164,265.44366,2206.312	339.4632,203.31737,2354.0627	365.8534,214.07639,2408.6985	399.0407,264.76688,2360.951	315.98438,248.93924,2409.634	272.72168,285.8666,2423.4387	291.3156,389.39194,2390.2856	313.7121,298.92078,2506.972	301.01978,495.91473,2319.3542	322.56607,399.609,2490.298	272.72168,285.8666,2423.4387	333.1245,501.66995,2423.9583	430.38208,320.1936,2203.5166	366.88446,282.54544,2070.4321	
361.97458,156.51466,2313.1907	339.29926,203.06612,2354.2632	311.60175,191.75804,2300.2065	300.3269,265.7883,2204.6663	339.29926,203.06612,2354.2632	365.75342,213.86656,2408.3198	397.96033,264.26657,2367.4775	315.93777,248.82552,2408.7793	272.72125,285.87634,2421.9705	292.2973,389.03693,2394.3186	313.8101,299.02206,2504.6204	300.05304,496.1344,2313.7869	322.2347,399.90787,2486.8928	272.72125,285.87634,2421.9705	333.58722,501.83606,2423.5237	429.70245,317.87866,2204.2124	366.73746,282.61676,2068.6223	
361.71948,156.82108,2313.327	339.02142,203.17068,2354.848	311.303,191.82208,2301.1423	300.88098,265.05463,2203.3313	339.02142,203.17068,2354.848	365.5037,214.01318,2408.5535	398.84534,262.34402,2368.2205	315.61633,248.85416,2409.8315	272.36227,285.77582,2423.7588	291.15274,388.9839,2396.7388	313.46405,299.00278,2505.8716	300.48804,495.7147,2318.1533	322.2849,399.6927,2490.1746	272.36227,285.77582,2423.7588	332.60977,501.64478,2426.1406	430.71548,315.59525,2203.5002	367.49908,280.43002,2068.8032	
361.214,156.56659,2313.4011	338.7998,203.10654,2355.2588	311.11612,191.79033,2301.1196	300.38364,262.84882,2203.6487	338.7998,203.10654,2355.2588	365.2394,213.91418,2409.398	399.8077,261.11444,2371.1196	315.38214,248.76425,2410.3608	272.13934,285.69318,2424.0747	291.97806,388.75418,2395.4297	313.19394,298.8482,2506.851	299.66724,495.8222,2314.8926	322.68866,399.30453,2493.4622	272.13934,285.69318,2424.0747	332.51462,501.70688,2421.327	433.40448,311.01297,2194.5962	365.65103,278.78064,2071.134	
360.41907,156.11197,2313.9502	338.28583,202.85931,2354.991	310.55844,191.60948,2300.8606	300.5101,261.4964,2202.334	338.28583,202.85931,2354.991	364.7672,213.60362,2409.1213	401.34384,258.33453,2370.0676	315.07794,248.7111,2408.979	271.9715,285.914,2421.5857	292.14255,389.15216,2389.9875	313.11224,298.97214,2504.3484	299.69174,496.10138,2315.8542	321.68622,399.8618,2486.4138	271.9715,285.914,2421.5857	333.4696,501.8075,2421.9778	436.82428,304.71454,2183.589	366.0007,277.10574,2063.0398	
359.68286,155.69362,2314.2188	337.66452,202.79103,2354.8682	309.84705,191.438,2301.7935	300.67856,260.71622,2198.6736	337.66452,202.79103,2354.8682	364.25574,213.64357,2407.9429	402.878,257.70865,2365.0317	314.513,248.72458,2408.0952	271.38177,285.92505,2420.746	291.01877,389.3322,2388.6113	312.66327,299.19904,2501.8984	300.0676,495.66803,2322.389	321.37427,400.03375,2486.6492	271.38177,285.92505,2420.746	333.43924,502.12863,2419.8782	440.53333,298.33844,2162.2476	367.53833,274.3042,2060.7056	
358.92606,154.49548,2320.364	337.3452,201.68555,2357.5845	309.67053,190.50891,2302.8013	299.38217,260.40683,2202.853	337.3452,201.68555,2357.5845	363.76297,212.35458,2412.3682	404.7647,254.69276,2365.5273	314.47995,247.89284,2408.2437	271.62186,285.62332,2417.018	291.1421,389.13007,2386.9827	312.79056,298.54883,2500.7876	301.76334,495.43793,2319.946	321.5348,399.08817,2491.2737	271.62186,285.62332,2417.018	333.8206,501.2163,2420.5005	444.40488,290.2819,2153.1729	365.96716,271.6367,2062.778	
358.3011,153.80435,2322.9312	337.19315,200.98822,2358.4626	309.5236,189.91956,2303.2778	300.1414,260.14517,2201.9355	337.19315,200.98822,2358.4626	363.59744,211.55077,2413.6475	404.96835,252.07262,2369.271	314.61288,247.44096,2407.4229	271.97952,285.56042,2414.1978	290.92194,389.13867,2387.8398	313.17844,298.30453,2498.5684	301.89288,495.51028,2318.9236	321.54797,398.83957,2491.2495	271.97952,285.56042,2414.1978	334.10175,501.04297,2418.881	446.51492,282.05148,2147.2734	366.58948,269.55255,2058.3896	
358.18658,152.64847,2324.7156	337.21118,199.87643,2359.1711	309.522,188.92401,2303.7827	301.02145,259.90552,2198.9773	337.21118,199.87643,2359.1711	363.63,210.3264,2414.5596	404.96918,250.41827,2367.1428	314.93207,246.5574,2406.9458	272.53897,285.03235,2412.3782	291.58307,388.40982,2391.4766	313.78983,297.59363,2497.0627	301.00488,495.16675,2316.1616	320.82864,398.17566,2491.5562	272.53897,285.03235,2412.3782	334.62302,500.14682,2419.5776	448.623,274.673,2142.789	367.1651,268.51947,2052.9663	
357.83377,151.44388,2326.1082	337.06165,198.88185,2359.0107	309.3547,187.98102,2303.4812	302.22043,259.81665,2193.9988	337.06165,198.88185,2359.0107	363.4942,209.2813,2414.5403	405.76678,248.1249,2367.5813	314.99594,245.76772,2405.4878	272.75513,284.5303,2409.5144	291.95312,387.80814,2392.622	314.06317,297.00598,2494.4153	300.21005,494.878,2312.997	319.28818,397.83276,2488.291	272.75513,284.5303,2409.5144	334.86053,499.17688,2423.0317	449.81628,268.8217,2137.9998	368.50415,267.47913,2045.8041	
357.26804,150.78522,2327.298	336.7631,198.57869,2358.7668	308.94003,187.94348,2303.3445	303.20743,259.7815,2190.5063	336.7631,198.57869,2358.7668	363.30865,208.72559,2414.1892	405.82446,247.7213,2363.7898	315.20334,245.73631,2404.7676	273.3657,284.97583,2408.398	292.63077,388.31302,2391.2498	314.82343,297.06253,2493.1387	300.45486,495.32565,2314.6587	318.605,397.8718,2489.2253	273.3657,284.97583,2408.398	336.10953,498.63092,2426.9124	450.78705,264.6898,2132.6667	369.22858,267.03857,2039.1118	
357.60342,150.7836,2334.3987	337.40027,198.29364,2361.5125	309.80624,187.7156,2304.3599	302.93906,259.74686,2191.2607	337.40027,198.29364,2361.5125	363.69022,208.37173,2418.665	405.2683,247.64267,2361.4048	315.97284,245.62608,2404.5515	274.3105,285.2319,2403.895	293.8996,388.4438,2391.829	315.55124,297.14325,2491.2861	300.7891,495.87943,2309.1816	317.5858,398.07623,2487.352	274.3105,285.2319,2403.895	336.74164,498.37952,2428.1514	450.68005,263.55374,2130.2485	369.04633,267.174,2040.0756	
357.38953,150.75053,2329.9324	337.10815,198.20822,2359.8354	309.4992,187.6265,2302.535	302.67783,259.84726,2192.6216	337.10815,198.20822,2359.8354	363.40808,208.28827,2417.136	404.63345,248.08331,2363.1948	315.49396,245.3854,2404.8015	273.70288,284.77567,2405.9653	291.34976,388.02902,2397.6045	314.9069,296.67294,2493.5698	300.39984,494.87054,2316.614	315.6495,397.34827,2492.624	273.70288,284.77567,2405.9653	335.99164,497.3817,2430.3523	449.3515,264.35068,2131.7786	368.6225,267.37524,2042.239	
356.83893,150.98706,2322.7024	336.70142,198.53741,2356.9602	309.0211,188.22092,2299.1143	301.75754,259.89554,2193.2988	336.70142,198.53741,2356.9602	363.0556,208.35965,2414.8062	403.87817,249.64769,2362.6006	315.15097,245.59619,2405.251	273.47995,284.96994,2409.319	291.11707,388.3757,2395.4836	314.6753,296.4286,2497.7644	301.01834,494.89722,2320.1372	316.44998,397.0855,2494.2454	273.47995,284.96994,2409.319	336.51685,496.88464,2435.2173	446.95206,268.62552,2129.814	368.4853,267.35614,2048.0938	
356.84027,152.52725,2317.5942	336.4237,200.48721,2353.7288	308.50305,190.03767,2298.1243	301.82556,260.05386,2193.6543	336.4237,200.48721,2353.7288	363.0556,210.45442,2409.3333	401.1412,253.57071,2367.2988	314.80768,247.50322,2402.8315	272.94806,286.64154,2409.4197	290.8148,389.86255,2398.5374	314.4472,298.42636,2494.449	300.66827,496.838,2314.1667	315.80417,399.4804,2486.8438	272.94806,286.64154,2409.4197	336.39478,499.48038,2428.7344	440.9086,281.79456,2139.179	367.98758,271.36234,2047.7854	
357.2088,153.603,2315.0334	336.53244,201.59659,2352.6045	308.6621,191.31924,2295.9878	301.3324,261.7057,2193.817	336.53244,201.59659,2352.6045	363.09286,211.39088,2409.2212	399.1981,255.89757,2368.649	314.897,248.51968,2403.072	273.0958,287.6791,2410.26	291.54526,390.91827,2396.5583	314.47745,299.14355,2496.819	300.87173,497.71317,2318.3486	316.68277,399.5169,2498.1033	273.0958,287.6791,2410.26	336.83975,500.20773,2423.3674	436.8724,291.66766,2154.7837	367.7962,273.43433,2051.997	
358.0877,154.84525,2313.2534	337.3181,202.50313,2350.4163	309.28308,192.21231,2295.2754	300.45395,263.6881,2196.408	337.3181,202.50313,2350.4163	364.06793,212.32216,2405.5571	396.9278,259.2557,2368.3174	315.701,249.38419,2402.2244	273.86087,288.40317,2411.8784	292.06302,391.65833,2397.5547	315.41852,299.96973,2496.1865	301.5886,498.64243,2315.8774	318.966,400.77496,2490.3127	273.86087,288.40317,2411.8784	337.05988,501.31747,2428.7795	431.27582,303.82092,2180.329	367.08246,276.7025,2059.1626	
358.8668,155.91501,2304.8616	337.9795,203.07489,2347.8835	309.9533,193.19588,2291.3806	300.5145,265.3465,2195.6794	337.9795,203.07489,2347.8835	364.68848,212.48961,2404.3865	393.92267,262.74854,2369.17	316.35654,249.60745,2404.9434	274.68335,288.45175,2418.8052	291.46176,391.98193,2397.601	316.06235,299.32373,2505.2012	302.1001,498.17194,2326.1143	317.44888,399.59988,2502.734	274.68335,288.45175,2418.8052	337.87692,499.8262,2430.6807	426.77405,312.74374,2202.6902	366.71265,279.68304,2057.201	
359.3069,156.58969,2309.1753	338.65427,203.67853,2350.0862	310.9325,194.0919,2290.7524	301.07303,266.32236,2194.8435	338.65427,203.67853,2350.0862	365.0107,212.793,2409.42	392.23767,264.58923,2372.0886	317.0704,250.22932,2406.5024	275.59848,289.4088,2417.55	291.2008,393.44913,2391.0745	316.59705,299.69666,2508.2874	303.1403,500.19006,2314.243	317.28616,400.24585,2499.6104	275.59848,289.4088,2417.55	338.03888,500.78625,2424.9824	423.66028,317.50674,2215.178	366.70602,281.34857,2053.5496	
359.38654,157.0172,2303.3296	338.25543,204.03943,2347.6282	310.47827,194.30943,2288.7173	301.07254,266.83423,2192.4258	338.25543,204.03943,2347.6282	364.67264,213.29306,2406.539	391.54938,265.35593,2376.5405	316.31833,250.31056,2406.1104	274.54245,289.03232,2419.5652	289.00336,393.16324,2392.9214	315.55298,299.5471,2509.6199	301.49133,499.78537,2315.4846	316.39288,400.5025,2492.918	274.54245,289.03232,2419.5652	336.08218,500.797,2429.2937	422.1079,319.88007,2223.936	366.91736,282.22858,2051.4248	
359.0818,156.56662,2299.4055	337.77856,203.91373,2345.5442	309.91763,194.01228,2287.4067	301.20795,266.6901,2191.7178	337.77856,203.91373,2345.5442	364.29178,213.3362,2403.6816	391.7661,265.48026,2380.2659	315.60638,250.02945,2405.1953	273.5857,288.41266,2420.405	289.23196,392.5515,2388.5024	314.68793,299.21875,2509.2878	301.4051,498.83746,2319.4143	317.48828,400.18835,2491.841	273.5857,288.41266,2420.405	335.42914,501.18475,2423.9578	422.55316,320.58173,2227.4382	367.00366,282.63153,2050.457	
359.02008,156.03242,2298.4702	337.59827,203.63266,2345.1843	309.76035,193.70265,2286.809	300.88745,266.47717,2191.8738	337.59827,203.63266,2345.1843	364.08398,213.08034,2403.5596	392.97302,263.8532,2381.67	315.40372,249.79816,2404.2888	273.35587,288.23425,2418.7698	289.68158,392.41843,2385.1467	314.4482,299.06622,2508.0168	302.24664,498.61978,2318.954	319.23337,399.87006,2493.0508	273.35587,288.23425,2418.7698	335.03568,501.6414,2418.3057	424.25195,318.41394,2229.3477	366.72876,281.91513,2053.905	
358.6258,155.63004,2298.5208	337.4257,203.15985,2345.5737	309.59744,193.2166,2287.1162	301.1048,265.20306,2190.4722	337.4257,203.15985,2345.5737	363.90057,212.61954,2404.0312	393.61917,262.93048,2380.8884	315.25452,249.36946,2404.291	273.22137,287.8542,2418.3203	290.30014,391.6447,2390.9456	314.31393,298.7007,2507.6963	301.86118,498.51038,2311.5618	319.63974,399.47586,2493.2703	273.22137,287.8542,2418.3203	335.3346,501.22464,2419.3645	426.35098,316.2135,2221.62	366.93286,280.84747,2052.303	
358.52686,154.82541,2305.0076	337.4808,202.47324,2347.2935	309.7082,192.49908,2288.609	299.81424,263.5966,2194.741	337.4808,202.47324,2347.2935	363.89865,211.96082,2405.978	394.80957,260.54202,2379.9512	315.5419,249.0141,2402.7234	273.6607,287.91638,2413.2908	290.84705,392.0526,2383.0686	314.77374,298.7971,2503.0159	302.86072,498.74734,2311.5803	321.5369,399.60046,2489.9236	273.6607,287.91638,2413.2908	333.94492,502.00854,2414.9485	429.19034,311.29767,2212.9883	365.40094,279.0928,2056.8125	
357.99408,154.54965,2308.7437	337.12643,202.12149,2348.318	309.26654,192.04266,2290.677	299.43008,261.6127,2196.8699	337.12643,202.12149,2348.318	363.65143,211.71739,2405.9592	395.78064,259.23138,2378.9744	315.39432,248.9015,2401.5244	273.58807,288.005,2410.6638	291.13486,391.67554,2390.9177	314.87924,299.10297,2498.7976	301.31076,498.81604,2309.7693	318.94937,399.91617,2490.4392	273.58807,288.005,2410.6638	335.6789,501.49442,2416.8728	432.61737,305.29547,2199.7769	364.15344,278.01056,2056.7463	
357.7705,153.98737,2310.1267	337.17862,201.49648,2348.7244	309.30643,191.36732,2291.3347	299.989,260.79172,2193.9521	337.17862,201.49648,2348.7244	363.7212,211.14243,2406.114	399.10983,256.8223,2369.497	315.50763,248.37967,2400.9878	273.7243,287.57233,2409.379	290.86502,391.2411,2392.402	315.05658,298.7582,2497.1235	302.0424,498.31375,2309.5403	317.85294,399.60065,2490.4092	273.7243,287.57233,2409.379	336.9835,500.1817,2424.985	436.8568,300.82175,2183.8345	365.37222,276.75308,2052.3208	
357.38428,152.24219,2310.8113	337.31793,200.17897,2348.9812	309.3662,190.35634,2291.4236	300.52686,260.5187,2191.989	337.31793,200.17897,2348.9812	363.9326,209.53174,2406.5388	401.02747,256.12064,2361.2505	316.24313,247.40884,2400.4458	274.96323,287.19977,2407.9067	292.01697,390.6688,2396.2432	316.39917,297.91992,2495.914	303.55026,497.88693,2306.8545	318.72684,398.75607,2490.541	274.96323,287.19977,2407.9067	337.7452,499.46838,2424.086	440.65936,296.3311,2163.952	366.11517,275.8933,2048.8682	
356.71252,151.61763,2312.6514	337.17252,199.55785,2349.686	309.16428,189.86565,2292.2703	301.18918,260.51294,2191.0024	337.17252,199.55785,2349.686	363.84464,208.78767,2407.1018	402.61728,253.06369,2360.1274	316.43347,246.98799,2400.333	275.42087,287.09607,2407.0876	291.04187,390.75607,2396.7542	316.93863,297.63116,2494.8723	302.50882,497.92743,2308.204	317.31277,398.61145,2488.077	275.42087,287.09607,2407.0876	337.41092,498.7196,2428.4749	444.48636,288.86053,2155.7102	366.94214,275.3315,2044.7805	
355.95547,151.48492,2314.073	336.88483,199.51485,2350.8508	308.86768,190.1644,2292.722	301.39444,260.3747,2191.0066	336.88483,199.51485,2350.8508	363.54984,208.41403,2408.9797	403.48364,250.9331,2357.571	316.56943,247.06676,2401.9985	275.979,287.5495,2408.7056	292.18738,391.18448,2396.018	317.47174,297.54108,2497.587	301.64496,498.2119,2314.249	317.58008,398.3575,2491.9202	275.979,287.5495,2408.7056	337.28836,498.42578,2431.9888	446.77682,284.66104,2146.4648	367.88968,274.06683,2044.6498	
355.76245,151.18272,2312.7644	336.76263,199.40356,2350.1348	308.65784,190.1177,2292.4668	301.37042,260.30267,2191.4946	336.76263,199.40356,2350.1348	363.5212,208.24464,2407.8027	403.88455,249.74179,2357.2686	316.51706,246.92534,2402.4666	275.97903,287.37152,2410.714	291.0069,391.3919,2392.2825	317.54382,297.29224,2498.8826	301.91483,498.06702,2316.4534	317.51068,397.95792,2494.9358	275.97903,287.37152,2410.714	336.13693,498.84146,2423.9607	448.90833,279.8249,2140.8381	368.33588,273.35944,2044.7931	
355.95935,150.95099,2312.625	336.95438,199.21844,2350.4946	308.87808,190.04427,2292.3743	301.48492,260.2707,2191.2422	336.95438,199.21844,2350.4946	363.67572,207.94987,2408.615	405.79657,247.5665,2353.643	316.83527,246.79576,2402.7832	276.43686,287.39362,2410.6406	291.40518,391.4677,2391.62	317.958,297.1232,2499.503	302.84375,498.46658,2310.3687	317.11502,398.00775,2491.3777	276.43686,287.39362,2410.6406	337.26434,498.22385,2427.851	450.11948,277.13385,2136.3489	368.57794,273.11566,2042.8772	
356.29773,151.0399,2312.5469	337.10394,199.21124,2350.9763	309.08865,190.12262,2292.2207	301.41718,260.2499,2191.6086	337.10394,199.21124,2350.9763	363.75305,207.85663,2409.732	405.19708,248.06213,2354.32	316.95816,246.71411,2404.0571	276.5971,287.29306,2412.2205	291.90775,391.21808,2393.8284	318.01144,296.8612,2502.0554	302.31543,498.04532,2315.6338	316.8939,397.6239,2494.2815	276.5971,287.29306,2412.2205	336.68787,497.9668,2428.425	450.83716,276.02988,2135.3975	368.8429,272.95828,2043.6843	
356.07806,151.01923,2313.021	337.05948,199.3089,2350.6123	308.97906,190.25748,2292.268	301.1215,260.10098,2192.316	337.05948,199.3089,2350.6123	363.77972,207.92189,2408.9565	404.87845,248.42897,2355.1614	317.0921,246.93808,2403.0303	276.84332,287.67923,2410.8457	291.25095,392.0614,2387.0823	318.35703,297.215,2500.0508	302.5929,498.84756,2313.1633	317.05756,398.25748,2488.8596	276.84332,287.67923,2410.8457	336.92728,498.6749,2425.4927	450.5815,276.5629,2134.4717	368.87405,272.93286,2046.4979	
355.81097,151.16747,2313.2822	336.94818,199.5165,2350.5806	308.862,190.49916,2292.185	300.96497,260.1583,2192.6792	336.94818,199.5165,2350.5806	363.6727,208.09666,2408.976	404.8312,248.84581,2355.6213	317.03796,247.17627,2402.8394	276.836,287.97958,2410.4563	291.86465,392.00323,2392.3718	318.35965,297.4622,2499.74	301.29877,499.12033,2312.5105	316.45493,398.64005,2486.256	276.836,287.97958,2410.4563	336.86728,498.671,2428.2551	449.57062,278.8098,2136.067	368.3483,273.84912,2047.0022	
355.97665,151.53305,2312.8882	337.12762,199.72748,2350.256	308.99472,190.67207,2292.364	300.91006,260.041,2194.3552	337.12762,199.72748,2350.256	363.9079,208.3475,2408.1482	403.791,250.1755,2353.8079	317.24475,247.42671,2402.1714	277.02942,288.23755,2409.829	292.62076,392.17297,2392.5269	318.62656,297.80557,2498.3442	301.36755,499.44238,2311.5984	317.02988,398.89017,2487.608	277.02942,288.23755,2409.829	336.79303,499.0995,2428.4575	449.00867,281.94794,2140.85	367.75262,274.41367,2050.4285	
356.29153,151.90332,2312.6858	337.67078,200.0722,2350.5325	309.62338,191.12555,2291.835	301.2566,260.92728,2192.6714	337.67078,200.0722,2350.5325	364.3515,208.58289,2409.23	402.79718,252.55544,2352.4102	317.81784,247.7693,2402.5344	277.68878,288.67902,2409.6624	293.02435,392.72192,2391.353	319.16525,298.0406,2499.4104	301.8391,499.65628,2316.6858	317.0204,398.82376,2492.8213	277.68878,288.67902,2409.6624	336.88025,499.26047,2426.9592	446.57385,286.90125,2144.677	367.6197,274.93628,2051.1785	
357.07837,152.46796,2313.5693	338.209,200.53046,2351.697	310.22955,191.61404,2292.6316	301.7032,261.49362,2192.8154	338.209,200.53046,2351.697	364.81744,209.00996,2410.7625	402.04004,253.48122,2355.697	318.24725,248.09431,2404.5107	278.08276,288.87753,2412.1707	293.7829,392.57025,2397.3464	319.44427,298.17883,2502.4783	300.12863,499.9577,2313.6865	316.49362,399.08307,2491.3306	278.08276,288.87753,2412.1707	337.09454,498.98572,2431.638	443.67654,292.30225,2155.617	367.7249,275.20837,2052.2832	
357.27087,153.38467,2305.0203	338.01465,201.3581,2348.8066	309.9786,192.65079,2289.4294	301.03003,261.08887,2195.8948	338.01465,201.3581,2348.8066	364.66818,209.636,2408.1838	399.20786,255.7236,2364.8496	317.93518,248.62338,2405.6106	277.74347,289.13715,2417.0215	292.93243,392.7312,2401.5552	319.0591,298.11337,2507.8076	299.60687,499.94452,2317.7207	316.42395,398.8728,2495.6792	277.74347,289.13715,2417.0215	336.10852,499.29767,2428.512	439.50894,297.52588,2171.7817	365.86026,276.14108,2056.3005	
357.23718,154.06152,2300.7449	337.75665,202.0305,2347.3857	309.70087,193.418,2287.787	299.4036,261.39233,2199.4385	337.75665,202.0305,2347.3857	364.42307,210.21649,2406.9844	398.57553,257.11795,2364.4207	317.50955,249.02737,2406.956	277.22882,289.25854,2420.9648	292.10657,393.10553,2397.796	318.49,298.08673,2512.088	301.02026,499.81555,2321.4712	316.01614,399.02924,2493.4888	277.22882,289.25854,2420.9648	336.47336,499.03656,2431.401	436.69763,303.62225,2186.8635	364.373,276.68112,2059.9277	
356.93463,154.81465,2300.1067	337.3589,202.77466,2347.1506	309.25275,194.10657,2288.02	298.342,261.27307,2202.2173	337.3589,202.77466,2347.1506	364.0837,211.01672,2406.2812	397.05246,259.24942,2367.699	316.99313,249.6378,2407.6074	276.593,289.65314,2422.86	290.73206,393.8259,2393.3232	317.90063,298.59326,2513.2683	301.35345,500.6856,2315.6118	316.41214,399.76868,2489.7246	276.593,289.65314,2422.86	336.3124,500.047,2428.2021	432.78848,308.9548,2202.1985	363.5712,276.889,2062.736	
356.96823,154.90298,2298.2932	337.41672,202.78278,2346.7295	309.4297,194.23108,2286.3586	297.55005,261.34378,2203.6028	337.41672,202.78278,2346.7295	363.9999,210.90552,2407.1003	395.22192,260.1639,2372.352	317.0089,249.62463,2407.3918	276.64642,289.73328,2421.8994	292.1154,393.6476,2394.6587	317.79272,298.43176,2514.209	301.9757,501.1043,2307.4678	317.03903,399.53925,2491.4937	276.64642,289.73328,2421.8994	336.40427,500.15988,2425.611	430.3199,311.5183,2213.6357	363.05405,276.96527,2066.3926	
356.92288,154.79291,2297.8992	337.3275,202.87297,2346.3838	309.29196,194.32364,2286.338	296.5031,261.1102,2204.8188	337.3275,202.87297,2346.3838	363.96396,210.99567,2406.4297	394.4452,260.74396,2374.1807	317.03186,249.81662,2406.455	276.7308,290.03766,2420.624	292.697,393.86832,2394.953	317.95166,298.74756,2512.4287	300.8262,501.54697,2307.0327	319.15787,400.03088,2487.3909	276.7308,290.03766,2420.624	335.2684,501.09125,2425.7283	428.02643,313.76056,2219.8274	362.64444,276.96164,2069.4932	
357.2507,154.07607,2297.7122	337.5833,202.10663,2345.9043	309.52887,193.50867,2286.0703	296.50275,261.2519,2205.4463	337.5833,202.10663,2345.9043	364.24228,210.2769,2405.7383	393.7261,260.92282,2374.0962	317.29715,249.11157,2405.6802	276.98413,289.36142,2419.715	291.48892,393.3742,2395.446	318.23978,298.14996,2511.197	301.636,500.85864,2306.5667	318.9589,399.4648,2486.7378	276.98413,289.36142,2419.715	335.22815,500.07047,2431.3325	426.89316,314.9828,2226.8887	362.47177,276.96396,2068.176	
357.46185,154.10347,2297.094	337.70294,202.15546,2345.6316	309.54266,193.4898,2286.8237	296.46304,260.8444,2201.725	337.70294,202.15546,2345.6316	364.4857,210.39723,2404.4395	393.1109,260.88733,2374.5396	317.39032,249.08882,2406.2493	277.01254,289.15988,2421.9082	290.92276,393.35416,2393.5737	318.3854,298.10828,2511.8257	301.70035,500.1912,2315.3086	318.05566,399.17932,2491.5356	277.01254,289.15988,2421.9082	335.7578,499.92606,2427.732	426.4838,314.92038,2227.2075	362.37836,277.0032,2066.5518	
357.53464,154.09106,2296.7852	337.6721,201.96751,2345.629	309.60715,193.36838,2285.876	296.71057,260.76617,2200.3538	337.6721,201.96751,2345.629	364.3427,210.13943,2405.3818	393.16452,260.50522,2374.7725	317.2923,248.85315,2406.5405	276.91748,288.944,2421.7717	290.017,393.4192,2389.7732	318.15637,297.74106,2513.1326	302.26715,500.16632,2313.1033	318.43442,398.80148,2492.1106	276.91748,288.944,2421.7717	334.96875,499.86978,2426.505	427.1668,314.42868,2226.9895	362.41818,276.96637,2064.5925	
357.1491,153.5444,2304.1418	337.5996,201.845,2348.319	309.66025,193.19333,2287.927	298.3915,260.34924,2198.1814	337.5996,201.845,2348.319	364.13797,210.06285,2408.7112	394.08875,259.9618,2373.3972	317.3842,249.00815,2405.6836	277.13684,289.47327,2416.8801	290.6954,394.16632,2383.8042	318.31216,298.31,2509.216	302.8378,501.27716,2306.8047	317.87552,399.61102,2486.77	277.13684,289.47327,2416.8801	336.16718,500.82794,2418.0386	428.56128,313.33478,2224.736	364.0761,276.27182,2056.6143	
357.80606,153.36629,2308.323	338.04333,201.64612,2350.4111	310.20184,192.87453,2289.796	298.82016,259.8936,2195.0989	338.04333,201.64612,2350.4111	364.4849,209.97667,2411.0264	395.6574,258.96695,2372.2131	317.77075,248.87877,2406.0088	277.4753,289.392,2415.2678	291.41626,393.9712,2385.1533	318.57877,298.3942,2507.945	302.41815,500.6958,2314.8213	318.3777,399.61743,2488.0173	277.4753,289.392,2415.2678	336.35754,500.67487,2421.9202	431.24692,310.6259,2213.2422	363.7826,276.56854,2053.0344	
357.207,152.83122,2309.9263	337.58652,201.17656,2350.6602	309.76926,192.34944,2289.8716	299.51373,259.8403,2188.5674	337.58652,201.17656,2350.6602	364.0013,209.55865,2411.4487	395.29108,257.8769,2369.6345	317.3088,248.47093,2405.4194	276.99594,289.03864,2413.7078	291.61887,393.612,2383.0278	318.0953,298.10986,2506.6497	300.8091,500.40823,2315.656	317.1752,399.28036,2488.5564	276.99594,289.03864,2413.7078	335.84793,500.0838,2423.7502	433.25345,306.7746,2206.9402	365.12146,276.07666,2048.3005	
356.92737,152.92242,2312.2087	337.29898,201.09775,2351.088	309.4119,192.04648,2291.3635	300.13138,259.80426,2186.289	337.29898,201.09775,2351.088	363.80432,209.70056,2410.8123	395.54495,256.7135,2369.8215	316.98282,248.48001,2404.2153	276.53586,288.9942,2411.6821	291.3235,393.45673,2384.766	317.78787,298.4569,2503.0034	300.6786,500.41992,2313.7224	317.02252,399.7959,2484.6704	276.53586,288.9942,2411.6821	336.432,500.60184,2420.379	434.71268,303.03894,2198.5437	366.50424,275.19824,2047.0876	
357.42627,152.40256,2312.3909	337.65393,200.46268,2351.5657	309.79367,191.3515,2291.8394	300.7312,259.90732,2185.6897	337.65393,200.46268,2351.5657	364.13403,209.1225,2411.292	397.8589,254.73235,2362.9556	317.2756,247.83778,2404.5276	276.78238,288.30737,2411.8315	291.13367,392.78253,2385.734	318.003,297.857,2503.1475	301.85324,499.49768,2315.2402	318.06723,398.87738,2490.2354	276.78238,288.30737,2411.8315	336.79358,499.80597,2422.4014	437.141,300.149,2186.1343	367.7113,274.5042,2044.2471	
356.85034,152.3477,2314.4478	337.4119,200.31213,2351.9631	309.53503,191.20726,2292.3347	301.27634,260.09338,2185.8572	337.4119,200.31213,2351.9631	363.91022,208.96675,2411.5916	398.86948,254.20589,2359.9883	317.19955,247.84068,2403.583	276.8148,288.50955,2409.619	291.13333,392.9848,2385.7227	318.09305,298.05463,2500.7869	301.62964,500.0874,2309.9482	318.2478,399.2036,2487.4277	276.8148,288.50955,2409.619	335.98053,500.2995,2421.7532	439.6158,297.24554,2178.0942	368.44785,274.29892,2040.0791	
356.07724,151.99075,2314.4634	336.87192,200.14496,2350.6016	308.82855,190.90501,2292.4297	301.1538,260.05438,2185.9304	336.87192,200.14496,2350.6016	363.5608,208.93861,2408.7734	399.79297,254.07518,2356.9907	316.74075,247.7966,2401.3586	276.30045,288.47333,2407.641	291.23718,392.85022,2385.6714	317.83228,298.29953,2496.5903	301.05847,499.8586,2312.473	316.82867,399.43466,2486.2622	276.30045,288.47333,2407.641	336.2702,500.39832,2418.291	441.8705,294.20834,2166.5383	368.85184,274.21744,2041.7202	
356.2079,151.51982,2313.441	336.90054,199.70319,2349.8013	308.86343,190.4607,2291.456	301.10855,260.16583,2186.9104	336.90054,199.70319,2349.8013	363.57907,208.49782,2408.1465	400.58862,254.14787,2352.9858	316.73566,247.35374,2400.8015	276.27563,288.0253,2407.2	291.1994,392.33612,2386.922	317.78857,297.84,2496.4036	301.5893,499.28015,2312.7195	316.43228,398.78217,2489.4014	276.27563,288.0253,2407.2	336.69058,499.16193,2425.1907	443.49158,292.1926,2156.3936	368.96875,274.11676,2042.9202	
356.0814,151.71149,2313.9304	336.64664,199.98093,2350.8313	308.61862,190.73085,2292.4993	301.33984,260.35925,2186.4258	336.64664,199.98093,2350.8313	363.31735,208.78305,2409.1633	402.794,252.24162,2348.4612	316.4199,247.53891,2402.3445	275.92145,288.09506,2409.265	290.77115,392.24884,2390.4946	317.40942,297.92657,2498.4504	300.9097,499.19476,2314.111	315.71982,398.79352,2491.3127	275.92145,288.09506,2409.265	336.51715,499.01227,2426.6377	446.1943,290.32925,2150.3738	369.1329,274.07956,2041.5369	
356.06308,151.14172,2313.2048	336.74048,199.44466,2350.6736	308.81143,190.2814,2291.2856	301.1833,260.458,2185.706	336.74048,199.44466,2350.6736	363.2931,208.15633,2410.0615	404.2794,250.79135,2345.7356	316.5098,247.00685,2402.3438	276.0726,287.65738,2408.6116	290.60843,391.96954,2388.1248	317.42447,297.2966,2499.4163	302.06165,498.52515,2316.7056	317.17346,398.49854,2485.7139	276.0726,287.65738,2408.6116	335.76697,498.72052,2429.8965	447.60886,289.4151,2146.1895	369.2266,274.05466,2044.666	
356.15945,151.478,2313.3257	336.78174,199.87573,2351.274	308.89023,190.71777,2291.6575	301.0919,260.26465,2183.327	336.78174,199.87573,2351.274	363.29385,208.58076,2410.8904	405.14975,250.06844,2344.3582	316.46326,247.34486,2403.4255	275.9807,287.8978,2410.0027	290.2475,392.10107,2391.2268	317.2686,297.51904,2501.1516	302.47028,498.57037,2317.5881	316.16824,398.51968,2489.789	275.9807,287.8978,2410.0027	336.24866,498.66296,2428.6472	448.35724,289.1115,2144.7324	369.24127,274.06342,2044.5266	
356.2578,151.88039,2312.4058	336.79962,199.81001,2350.427	308.76007,190.46988,2292.4229	300.64987,260.29172,2182.669	336.79962,199.81001,2350.427	363.48856,208.70026,2408.4312	405.7427,249.95401,2342.6772	316.41647,247.27463,2402.555	275.77606,287.64114,2410.336	291.41693,391.62085,2391.475	317.27237,297.62512,2499.0298	301.4537,498.41455,2316.224	315.7384,398.76605,2486.7686	275.77606,287.64114,2410.336	337.36646,499.03842,2421.032	448.7224,289.0979,2142.6719	368.7569,274.4013,2047.979	
356.84256,151.9711,2312.9429	337.1899,200.0458,2350.8918	309.30463,190.83044,2291.4497	300.30652,260.03323,2183.329	337.1899,200.0458,2350.8918	363.69983,208.80664,2410.334	404.45477,250.62013,2344.8425	316.77856,247.4812,2403.0913	276.21088,287.95166,2409.8477	291.37915,392.16983,2388.2195	317.49518,297.6678,2500.734	302.0338,498.54822,2320.5679	316.56067,398.61957,2490.7065	276.21088,287.95166,2409.8477	337.34464,498.5471,2430.2085	446.92737,290.40826,2148.5212	368.3553,274.36746,2050.4048	
357.10925,152.54259,2313.721	337.21698,200.76698,2350.383	309.09897,191.20813,2293.8677	300.12015,260.04803,2182.175	337.21698,200.76698,2350.383	364.0145,209.87694,2406.8984	403.53076,250.70241,2346.928	316.64954,248.14963,2402.3125	275.77374,288.23538,2411.0247	290.36197,392.58972,2387.38	317.3982,298.6357,2497.4592	301.32486,499.22232,2316.417	316.6652,399.92078,2484.0908	275.77374,288.23538,2411.0247	337.11227,500.2052,2424.2686	445.7574,291.00095,2154.442	367.7921,274.9103,2051.419	
357.0741,153.3583,2314.1174	337.3184,201.48541,2350.0186	309.24182,191.88919,2293.1958	299.6792,260.00946,2186.5996	337.3184,201.48541,2350.0186	364.06927,210.62851,2406.8413	402.1582,252.57465,2349.4834	316.74698,248.95671,2400.502	275.8559,289.1637,2407.5544	290.91522,393.904,2377.6194	317.45303,299.59637,2494.4163	300.97784,500.39246,2316.627	317.1741,400.93594,2482.411	275.8559,289.1637,2407.5544	337.237,501.11783,2426.4028	444.55222,292.59406,2158.2007	365.75345,275.77933,2051.346	
357.11514,153.53546,2313.2961	337.23264,201.6442,2349.5068	309.18787,192.00734,2292.4114	298.81412,259.72504,2189.2827	337.23264,201.6442,2349.5068	363.9467,210.8238,2406.6023	401.58224,253.63416,2351.2522	316.5486,249.07135,2400.0464	275.56577,289.21085,2406.9421	290.23953,393.7134,2383.6301	317.12946,299.68713,2494.2297	301.6104,500.3544,2314.383	317.4571,400.88562,2484.729	275.56577,289.21085,2406.9421	336.19763,501.31015,2427.6973	443.93396,293.36206,2159.9983	364.45645,276.2184,2050.7444	
357.2775,153.70552,2312.8867	337.03946,201.80338,2349.3523	308.99994,192.02206,2292.534	298.11432,259.58163,2190.6438	337.03946,201.80338,2349.3523	363.75476,211.12274,2406.1707	401.5742,254.29056,2351.1194	316.13034,249.10991,2400.1902	274.93948,289.00555,2407.5935	289.61908,393.45996,2384.8047	316.50125,299.71274,2494.4626	301.8326,499.79874,2317.7817	317.29276,400.55994,2490.4258	274.93948,289.00555,2407.5935	336.27264,500.8583,2431.1655	444.2403,294.76465,2162.3748	363.72473,276.54935,2050.4717	
357.5822,153.77705,2312.1743	337.13434,201.74455,2349.5525	309.09497,191.87787,2292.997	297.4856,259.65616,2189.8164	337.13434,201.74455,2349.5525	363.85562,211.14742,2406.108	401.84976,254.8694,2350.046	316.04514,248.90535,2401.3108	274.70944,288.55554,2409.8347	290.25858,392.81848,2386.1863	316.2502,299.4053,2496.3035	301.0127,499.2391,2319.446	317.27576,400.14105,2492.9075	274.70944,288.55554,2409.8347	337.21365,500.31778,2431.0322	445.54346,295.56586,2164.0234	363.27185,276.62772,2050.7053	
357.65295,153.59492,2312.3252	337.25375,201.52966,2349.9854	309.475,191.8658,2290.819	297.18967,259.67465,2191.4023	337.25375,201.52966,2349.9854	363.66806,210.71886,2409.1516	401.61627,255.03389,2349.523	316.1122,248.6589,2401.8093	274.8818,288.50168,2408.391	290.40753,392.9092,2383.2473	316.08597,298.90112,2498.8755	302.2,499.3692,2316.2998	318.16672,399.63455,2493.5	274.8818,288.50168,2408.391	336.045,500.40567,2428.2185	446.34015,295.10223,2164.3784	362.93588,276.65985,2051.0732	
357.6387,153.65588,2312.4165	337.15985,201.54358,2349.9219	309.3342,191.8641,2291.114	297.0174,259.69867,2190.224	337.15985,201.54358,2349.9219	363.62683,210.75041,2408.7297	401.464,254.7409,2350.2646	316.09695,248.74329,2401.2363	274.90512,288.6527,2407.5994	290.10913,393.2025,2381.324	316.1694,299.09174,2497.5022	301.8555,499.49313,2318.2349	317.17178,400.0813,2489.0388	274.90512,288.6527,2407.5994	336.66022,500.42868,2428.0222	446.53033,294.8096,2164.7212	362.8816,276.7526,2050.86	
357.3927,153.6974,2312.4465	337.05035,201.51859,2349.6733	309.1748,191.88576,2291.087	296.92392,259.71326,2189.6245	337.05035,201.51859,2349.6733	363.56964,210.68274,2408.2598	401.22827,254.3389,2351.6152	316.09784,248.77072,2401.021	274.98175,288.75793,2407.5835	290.12488,393.28745,2381.9995	316.30893,299.14066,2497.1538	302.61093,499.43713,2319.2188	317.1768,399.989,2491.359	274.98175,288.75793,2407.5835	336.72668,500.6878,2423.8691	445.11792,294.4576,2164.0205	362.80847,276.80707,2050.6646	
356.86206,154.31644,2313.4673	336.64526,202.27887,2350.2842	308.88464,192.75204,2290.5186	297.29364,259.71292,2190.3103	336.64526,202.27887,2350.2842	363.02902,211.33319,2410.0498	400.904,253.04701,2351.3152	315.7161,249.54016,2401.144	274.67538,289.66568,2406.3135	289.25262,394.18036,2383.9778	315.86743,299.82666,2497.6943	302.67026,500.4881,2316.1255	317.18253,400.6901,2491.2944	274.67538,289.66568,2406.3135	335.63992,501.5145,2425.5283	444.2811,294.29547,2165.3425	362.80984,276.89713,2047.0139	
357.1558,154.10196,2312.5325	336.76828,202.31796,2349.6382	309.01657,192.78421,2289.7617	297.46967,259.97852,2189.6924	336.76828,202.31796,2349.6382	363.1407,211.37788,2409.5146	400.85782,253.13237,2351.2368	315.835,249.61327,2400.1997	274.7868,289.78137,2404.9888	289.61502,394.26477,2383.7903	315.97485,299.94302,2496.5337	303.81784,500.48358,2315.8572	318.1327,400.93268,2488.571	274.7868,289.78137,2404.9888	336.14664,502.18216,2419.885	443.83698,294.1317,2165.1235	362.9425,276.93854,2046.0225	
356.93225,153.8735,2313.0095	336.63153,202.27802,2349.4414	308.80267,192.6522,2290.3743	298.44534,260.01105,2186.3555	336.63153,202.27802,2349.4414	363.0954,211.43167,2408.5085	400.79007,253.78336,2352.6147	315.70316,249.60408,2399.6401	274.5992,289.7227,2404.683	289.59097,394.3403,2380.5693	315.90442,300.06796,2494.9946	303.26743,500.42325,2317.6738	318.57498,401.1518,2486.3428	274.5992,289.7227,2404.683	335.8273,502.2572,2423.0544	443.6024,294.15976,2163.496	364.76727,276.2803,2046.3337	
357.31494,153.78319,2305.2432	336.73914,202.09229,2346.998	308.76404,192.61874,2288.5034	298.4297,260.01358,2186.669	336.73914,202.09229,2346.998	363.35367,211.10507,2405.4932	400.9657,252.89711,2350.8098	315.75546,249.14351,2401.5107	274.64496,288.93896,2411.3052	289.93274,393.2359,2386.645	316.00848,299.08838,2500.7417	303.22562,498.92798,2325.664	318.16266,399.95233,2492.0364	274.64496,288.93896,2411.3052	336.1928,500.14432,2435.371	444.0082,292.9384,2157.9485	364.18863,276.60257,2047.4335	
357.1165,153.87737,2301.358	336.4931,201.89407,2345.7468	308.41415,192.42526,2287.9062	299.3144,260.0415,2183.8313	336.4931,201.89407,2345.7468	363.22064,210.90718,2403.5874	401.1942,252.45723,2349.3994	315.42368,248.77003,2402.568	274.2397,288.29953,2415.1719	290.59113,392.52155,2384.2632	315.67102,298.47742,2503.607	300.87946,498.79648,2321.09	317.94287,399.34454,2492.802	274.2397,288.29953,2415.1719	335.21463,500.29745,2426.661	443.83893,293.4969,2157.5999	365.48987,276.0193,2045.2437	
356.92188,154.39825,2306.928	336.66806,202.28955,2347.7483	308.84512,193.00943,2287.6616	299.76013,260.18967,2182.4238	336.66806,202.28955,2347.7483	363.10236,211.1065,2407.835	401.52164,252.23022,2349.707	315.70212,249.29826,2402.7085	274.71356,289.2248,2411.7256	291.01712,393.82788,2376.2207	315.8649,299.00143,2503.6118	302.21027,500.19122,2316.2656	317.74335,399.93127,2491.915	274.71356,289.2248,2411.7256	336.08676,500.88058,2423.947	444.16724,292.6744,2154.775	366.45264,275.71667,2045.342	
