281.27435,143.8913,2779.4006	280.05826,185.90761,2734.4487	252.68265,182.34921,2682.0642	205.26697,151.79607,2516.578	280.05826,185.90761,2734.4487	306.4047,189.33224,2786.8333	343.50586,171.71552,2944.307	278.87653,230.62823,2693.3928	256.7834,275.37494,2613.4797	250.97627,367.88095,2660.1091	297.93033,278.0525,2691.194	244.29707,463.7454,2564.3665	290.13608,369.24725,2715.1492	256.7834,275.37494,2613.4797	304.6105,460.3935,2654.1062	331.9627,115.906525,2884.4827	233.03403,90.54921,2488.661	
281.56088,143.39673,2779.389	280.31232,185.56212,2734.2285	252.86801,182.04747,2682.9226	206.42569,149.19308,2515.7927	280.31232,185.56212,2734.2285	306.74564,188.94733,2785.5344	344.81107,171.4895,2938.149	279.07727,230.2979,2693.563	256.87967,275.0523,2614.8389	250.86707,367.80713,2657.2405	298.13724,277.71973,2690.956	243.95558,463.47058,2569.021	290.88452,369.46326,2706.2031	256.87967,275.0523,2614.8389	303.43802,459.6561,2670.4932	330.8562,116.4112,2892.4387	236.37802,88.896576,2486.5496	
281.3948,143.24045,2779.881	280.26917,185.37363,2734.53	252.97232,181.73071,2681.1848	205.85944,151.41206,2517.8938	280.26917,185.37363,2734.53	306.52136,188.87714,2787.8752	342.96533,170.63574,2941.077	279.03467,230.1012,2693.8516	256.95016,274.80313,2613.5984	250.96371,367.44073,2658.364	297.9627,277.55637,2692.7478	244.04129,463.2177,2565.943	290.98038,369.42786,2705.186	256.95016,274.80313,2613.5984	302.2255,459.38098,2677.8984	328.2708,116.21751,2895.737	235.10284,90.89989,2494.7095	
281.2228,143.24457,2779.6296	280.1526,185.27686,2734.2131	252.94107,181.55832,2679.6055	205.41705,153.9719,2517.9438	280.1526,185.27686,2734.2131	306.2985,188.84978,2788.8208	343.00266,169.58441,2945.0422	278.9316,230.00432,2693.4395	256.92914,274.6858,2612.1602	251.22137,367.23126,2659.2107	297.793,277.48505,2693.1714	244.19565,463.02045,2565.462	290.48727,369.28268,2706.3638	256.92914,274.6858,2612.1602	302.2523,459.44556,2675.2417	327.03522,115.49355,2900.6997	233.65591,93.629715,2503.0527	
281.4704,143.33478,2779.9983	280.42407,185.37244,2735.0728	253.19736,181.72903,2680.7656	205.6726,154.6989,2518.4749	280.42407,185.37244,2735.0728	306.59067,188.87396,2789.38	343.2674,168.90068,2940.5076	279.28543,230.09575,2694.473	257.3623,274.81525,2613.5918	251.89764,367.2224,2662.0757	298.24106,277.51862,2694.1543	244.64433,462.89603,2568.308	290.89343,369.26697,2707.65	257.3623,274.81525,2613.5918	303.5873,459.36118,2675.413	325.87042,115.40633,2902.5764	234.4313,94.20201,2504.3547	
281.73294,143.89243,2779.171	280.5222,185.94713,2734.66	253.53589,181.99472,2677.5154	205.64226,152.62262,2517.7222	280.5222,185.94713,2734.66	306.40372,189.73773,2791.8044	343.13406,168.47525,2934.736	279.10217,230.69449,2694.3723	257.06412,275.26877,2611.6843	251.01062,367.82294,2658.3616	297.56702,278.28372,2696.485	243.53357,463.653,2564.5051	289.46286,369.84485,2710.6619	257.06412,275.26877,2611.6843	302.71375,460.04425,2674.109	325.67307,114.9182,2896.4011	235.4837,91.98021,2490.0334	
281.9438,143.10219,2780.2756	280.60712,185.30643,2735.468	253.36246,181.56566,2681.9473	206.43314,149.7836,2514.8643	280.60712,185.30643,2735.468	306.80615,188.90363,2788.9888	342.41296,166.88422,2927.8723	279.14026,230.05995,2695.8682	256.86426,274.6816,2616.557	250.88237,366.58035,2669.8174	297.78326,277.57092,2695.9797	243.84033,462.06927,2572.7627	290.22168,369.49377,2704.6238	256.86426,274.6816,2616.557	304.16446,459.84155,2667.43	326.09283,112.7449,2892.1199	238.29883,89.75278,2476.5752	
281.77295,143.18575,2781.326	280.3989,185.28702,2735.8394	253.00989,181.65169,2684.3157	208.61826,145.82289,2509.9346	280.3989,185.28702,2735.8394	306.77533,188.78795,2787.363	343.2738,165.65205,2918.9343	278.93106,230.02002,2695.9058	256.54626,274.65912,2617.76	251.25586,366.87445,2666.9148	297.69986,277.49643,2694.1843	243.48285,462.4077,2570.8608	289.89172,369.1627,2708.273	256.54626,274.65912,2617.76	304.22827,459.77048,2663.2751	327.89517,110.96695,2889.4895	243.4292,87.16377,2465.5298	
281.8557,143.48442,2779.8462	280.21085,185.69476,2735.9531	252.90472,181.8289,2683.378	210.1087,142.74371,2505.9592	280.21085,185.69476,2735.9531	306.4873,189.41484,2788.5283	344.32062,164.87009,2911.9602	278.42184,230.43326,2696.2412	255.76399,274.9229,2617.5364	250.18806,367.40717,2662.817	296.79248,278.04987,2695.5222	243.0775,463.1355,2567.2124	289.23245,369.7202,2709.156	255.76399,274.9229,2617.5364	302.83542,459.9739,2671.6157	329.28345,109.72003,2888.271	247.23035,85.75922,2459.836	
281.4299,143.2241,2779.107	279.85785,185.62067,2736.0557	252.6933,181.65802,2681.401	208.13876,149.17053,2504.9756	279.85785,185.62067,2736.0557	305.95837,189.42807,2790.7104	345.24838,164.15506,2907.4785	278.03476,230.39468,2697.2593	255.46255,274.8719,2617.9211	250.67938,367.7839,2657.6433	296.23267,278.03104,2699.0046	243.5058,463.31107,2571.8777	290.3145,369.95898,2707.6155	255.46255,274.8719,2617.9211	302.4701,460.01788,2677.2908	330.3563,108.547775,2882.7026	244.50964,92.14926,2448.9722	
281.5057,143.11691,2779.238	280.01077,185.65129,2736.4485	252.71329,181.87695,2683.597	207.29541,152.20258,2502.4854	280.01077,185.65129,2736.4485	306.2738,189.2826,2789.3	345.8374,164.6222,2902.734	278.28555,230.44624,2698.2327	255.72516,275.02097,2620.8137	250.94086,367.80222,2661.0579	296.69263,277.99188,2699.22	244.28186,463.29425,2574.01	290.94415,369.69733,2712.179	255.72516,275.02097,2620.8137	304.5939,460.30273,2665.5977	333.57214,108.33336,2870.3083	244.09341,96.69841,2425.3115	
281.53885,142.84525,2779.793	279.98376,185.54227,2737.5435	252.71161,181.77214,2684.3933	206.66692,156.2999,2499.224	279.98376,185.54227,2737.5435	306.2171,189.16878,2790.6936	346.18146,164.813,2894.8572	278.2263,230.3528,2700.2114	255.66895,274.92413,2623.459	250.46542,367.43463,2665.907	296.56473,277.87177,2702.2998	243.97012,463.0147,2571.4934	289.98157,369.42935,2715.1082	255.66895,274.92413,2623.459	304.29742,459.8693,2668.4932	336.69476,107.95006,2856.6008	243.77344,102.25342,2409.2034	
281.6808,142.50421,2778.5745	279.99298,185.5543,2738.9126	252.87627,181.63388,2683.9148	208.66965,156.17052,2487.6023	279.99298,185.5543,2738.9126	306.04208,189.32037,2793.9104	346.66412,165.07117,2889.4172	278.0101,230.40161,2703.2969	255.35947,274.88672,2626.8828	250.1939,367.10498,2671.8271	295.968,277.95917,2708.4795	244.22342,462.78625,2567.1738	289.1967,369.39822,2719.4468	255.35947,274.88672,2626.8828	304.5907,459.94656,2664.5798	341.24762,107.92691,2828.931	248.62051,105.81482,2393.4817	
282.06137,142.7792,2778.4678	280.16495,185.8211,2740.7656	253.14847,181.81998,2684.765	210.08792,158.56139,2475.292	280.16495,185.8211,2740.7656	306.0995,189.66199,2796.7664	347.5967,165.2532,2877.2004	277.97382,230.69951,2706.9272	255.21289,275.12106,2631.5513	250.75421,367.4675,2672.9204	295.6137,278.25848,2714.6265	243.62811,463.05756,2569.3193	289.59576,369.79993,2720.5737	255.21289,275.12106,2631.5513	304.58328,460.5043,2664.048	348.29895,108.15561,2788.7136	250.67288,110.58478,2373.5386	
283.16617,143.64842,2768.9248	280.80017,187.02408,2738.2402	253.73306,183.2211,2682.4956	210.38467,164.92975,2470.1353	280.80017,187.02408,2738.2402	306.78723,190.67531,2793.9849	351.3207,168.35226,2867.111	278.3642,232.13739,2710.7676	255.41629,276.7369,2641.9465	250.90967,369.0993,2677.4004	295.7193,279.56842,2724.6433	244.02084,464.6391,2573.0012	289.8449,370.95203,2727.259	255.41629,276.7369,2641.9465	305.01804,461.62213,2666.8652	355.92502,111.81532,2756.5974	250.5935,119.18121,2357.8318	
285.97025,141.32007,2763.2087	282.5551,185.06639,2739.2217	255.39786,180.9813,2685.9321	211.80075,171.63268,2459.128	282.5551,185.06639,2739.2217	308.6759,188.99559,2792.5112	352.1405,171.9101,2849.0818	279.18268,230.20259,2716.1338	255.25623,274.4014,2653.509	250.10175,366.93814,2679.6428	295.65546,277.77448,2732.5828	243.3021,462.45697,2570.1414	289.9363,369.40015,2723.956	255.25623,274.4014,2653.509	304.6792,460.13806,2665.5002	365.07474,118.22308,2722.213	254.43204,130.26352,2335.2183	
284.93048,140.71057,2760.792	281.84207,184.45105,2738.957	254.58496,180.49075,2686.6646	212.8064,179.96158,2455.061	281.84207,184.45105,2738.957	308.07788,188.26295,2791.2495	354.2476,177.1285,2825.0393	278.4643,229.6542,2718.0718	254.5032,273.91803,2658.401	248.77715,366.57736,2679.2827	294.9831,277.1503,2735.9722	243.08691,462.17194,2568.3813	288.89978,369.00647,2718.4204	254.5032,273.91803,2658.401	303.89902,459.52805,2666.6104	375.45587,130.09402,2675.0618	256.8458,142.96236,2321.1765	
283.3572,141.82056,2760.0706	280.9186,185.46132,2738.9844	253.55511,181.74889,2687.7136	215.32529,188.25679,2442.524	280.9186,185.46132,2738.9844	307.2765,189.03732,2790.2551	356.15845,183.56223,2803.011	277.7738,230.72198,2719.2837	253.99606,275.16534,2661.5527	249.2943,367.91803,2679.9558	294.59814,278.0801,2737.6133	243.23236,463.44556,2572.4146	288.31204,369.9331,2719.0254	253.99606,275.16534,2661.5527	304.62903,460.3519,2664.3865	385.38156,145.25424,2628.0876	260.37204,155.4237,2301.0952	
282.34454,142.51123,2759.718	279.9318,186.13733,2738.9958	252.51166,182.60632,2688.0496	216.30429,197.78024,2437.7537	279.9318,186.13733,2738.9958	306.3505,189.53938,2789.9421	356.19742,193.90369,2784.0032	276.8626,231.46211,2721.8813	253.16791,276.01324,2666.9783	248.75821,368.6925,2683.7166	293.77396,278.67056,2742.5554	242.99298,464.24768,2571.5044	288.40378,370.62427,2718.4683	253.16791,276.01324,2666.9783	303.6578,461.0274,2668.3901	392.572,164.74832,2596.0247	263.90933,174.59665,2291.2842	
281.61472,142.94405,2749.0356	278.94342,187.28943,2731.6396	251.50739,183.79578,2679.3933	219.35056,207.18448,2445.8638	278.94342,187.28943,2731.6396	305.34964,190.65195,2783.886	359.96194,212.12822,2756.9468	275.60504,232.79832,2719.5522	251.70642,277.43933,2668.7095	247.77255,370.5003,2677.622	292.1878,279.95184,2746.2202	242.25766,466.3739,2565.5154	287.5062,371.9705,2718.383	251.70642,277.43933,2668.7095	302.35635,462.4748,2668.431	404.28876,194.05869,2550.92	265.33105,194.27023,2281.045	
281.548,143.07217,2734.2063	278.67786,188.0888,2723.2014	251.07516,184.95964,2671.675	222.59412,214.54195,2469.408	278.67786,188.0888,2723.2014	305.25537,191.10175,2774.7278	356.95218,212.87314,2779.8171	275.36362,233.79628,2718.7766	251.50201,278.6432,2676.1294	249.00107,371.2768,2688.9844	292.00476,280.6343,2752.5742	242.81268,466.97034,2565.1753	288.626,372.61752,2721.172	251.50201,278.6432,2676.1294	304.60416,463.03192,2667.5408	392.40582,198.52747,2578.045	265.64868,213.21545,2291.6655	
281.74472,144.02989,2717.7969	278.40958,189.42998,2713.5999	250.65427,186.39774,2662.722	227.155,223.80939,2492.2056	278.40958,189.42998,2713.5999	305.14328,192.35062,2764.4778	360.52936,221.2507,2805.7297	274.7171,235.27576,2716.1704	250.48096,280.09048,2681.003	246.99138,373.07227,2683.2131	291.0195,281.95334,2756.479	242.50404,469.03223,2563.0735	287.64606,373.88196,2723.5566	250.48096,280.09048,2681.003	303.88586,464.6568,2660.529	392.34296,211.40462,2579.6255	265.8719,231.9389,2303.0283	
281.7395,144.83311,2708.5903	278.3313,190.47604,2706.355	250.39087,187.44774,2657.3562	229.31201,233.63748,2491.6091	278.3313,190.47604,2706.355	305.27795,193.39664,2755.3538	360.24997,230.81284,2835.8699	274.50964,236.45213,2710.021	250.02242,281.32098,2677.3384	247.51413,374.40192,2680.9922	290.82764,283.26102,2750.0356	242.80374,470.65097,2554.193	287.71637,375.19278,2723.69	250.02242,281.32098,2677.3384	305.58438,466.38428,2642.4873	387.7644,226.96596,2589.8027	272.47858,249.80978,2309.3064	
281.89215,145.79512,2692.9915	278.23752,191.67213,2697.572	250.04561,188.91531,2651.2014	230.3974,243.30775,2487.7983	278.23752,191.67213,2697.572	305.47656,194.33578,2743.9426	343.88687,225.70131,2810.7822	274.331,237.70822,2709.0254	249.71365,282.51218,2686.0764	247.3891,375.01862,2694.9495	290.68295,284.18005,2754.881	242.87881,470.86597,2563.6345	288.36646,375.80893,2732.9753	249.71365,282.51218,2686.0764	305.81815,466.65955,2656.1091	363.98462,234.02037,2601.3674	276.37555,267.63837,2313.606	
282.93567,146.5574,2676.2397	278.56223,192.64264,2689.4949	250.11783,189.79245,2647.0435	231.79578,250.76517,2499.9697	278.56223,192.64264,2689.4949	306.12262,195.40425,2731.9463	340.67465,231.63725,2789.3198	274.0437,238.6009,2709.103	248.77177,282.88885,2697.2117	246.44492,375.61603,2694.0374	289.93332,284.88544,2760.2107	242.59486,471.33102,2572.4163	287.68588,376.04016,2745.5652	248.77177,282.88885,2697.2117	305.1579,467.05652,2650.84	359.24707,254.50859,2589.3347	274.6322,283.41602,2317.7686	
283.53397,146.6074,2658.3223	278.48788,193.11613,2681.4373	249.88368,190.3231,2640.3584	229.93958,256.2291,2515.4946	278.48788,193.11613,2681.4373	306.2289,195.82489,2722.516	337.1331,238.59398,2774.6162	273.70233,238.99269,2708.6023	248.20192,282.95956,2705.304	246.72241,375.66956,2697.2869	289.3634,284.93478,2766.2307	242.54044,471.46402,2562.7676	288.08102,375.9278,2751.2231	248.20192,282.95956,2705.304	305.61823,466.9477,2651.1995	353.47824,275.7777,2594.9565	269.54294,295.85162,2330.3782	
284.55273,147.1484,2640.853	278.55136,193.69415,2673.9697	249.8789,190.76031,2632.7332	228.03659,258.0293,2537.265	278.55136,193.69415,2673.9697	306.3529,196.53888,2715.2063	316.59644,254.54335,2766.956	273.08554,239.28554,2710.1646	247.02777,282.5792,2715.7766	245.94937,375.09488,2704.506	288.0431,284.74713,2776.9421	241.95091,470.69583,2559.1611	286.8495,375.45358,2760.5151	247.02777,282.5792,2715.7766	304.71533,466.09924,2659.6965	0.0,0.0,0.0	260.09457,305.4875,2346.6775	
285.8075,148.36292,2631.615	279.06668,194.91138,2669.6401	250.37054,191.78409,2628.387	224.36697,260.09464,2556.6438	279.06668,194.91138,2669.6401	306.88943,197.9435,2710.8933	311.6092,251.25468,2761.0642	273.08527,240.37819,2709.312	246.56392,283.2987,2718.3855	246.48277,375.91425,2702.8972	287.53302,285.73953,2779.5823	243.29669,471.65796,2549.4094	287.17358,376.69305,2754.5208	246.56392,283.2987,2718.3855	305.8341,467.48065,2652.137	316.291,308.37738,2753.5386	251.13992,312.02014,2366.7039	
286.36847,148.71982,2626.5022	279.13617,195.4136,2667.1548	250.39325,192.07925,2626.8547	222.05875,258.57312,2576.8376	279.13617,195.4136,2667.1548	307.02344,198.64868,2707.4548	309.745,250.32591,2760.5994	272.7469,240.76291,2709.3242	245.83673,283.3159,2721.6	245.66089,375.99817,2702.0293	286.82486,286.09824,2781.3872	243.42862,471.78424,2550.4297	287.55206,377.09772,2753.517	245.83673,283.3159,2721.6	305.68597,468.09747,2650.189	312.8872,308.07657,2768.7126	242.24652,315.30127,2401.4976	
286.55072,148.87167,2614.9346	279.1505,195.51912,2663.0103	250.3306,192.21613,2623.3867	217.43164,258.21463,2594.42	279.1505,195.51912,2663.0103	307.12537,198.72525,2702.6338	309.0129,251.32793,2753.2454	272.62793,240.67279,2710.2368	245.63394,282.88007,2728.073	246.44629,375.57422,2701.8142	286.5871,285.64996,2786.8538	243.12419,471.35617,2554.0833	288.14655,376.62823,2753.8728	245.63394,282.88007,2728.073	305.9951,467.49597,2656.2095	310.24243,309.32187,2773.9612	232.1388,318.3237,2427.2546	
286.67694,149.13661,2608.653	279.178,195.67053,2660.9253	250.3043,192.30655,2622.2576	215.09296,256.08005,2615.7183	279.178,195.67053,2660.9253	307.22458,198.93816,2699.593	308.4822,252.42784,2744.2112	272.45428,240.61572,2712.1494	245.30423,282.42725,2734.6907	246.02823,375.1077,2702.3838	286.23065,285.33188,2792.0564	243.1206,470.853,2554.2603	288.27612,376.2657,2754.775	245.30423,282.42725,2734.6907	305.31775,467.33313,2654.953	308.7105,310.98337,2763.6526	224.66208,318.3523,2452.016	
286.77954,149.30434,2615.0269	279.16013,195.95609,2661.5625	250.27661,192.3276,2624.1482	213.60593,253.7856,2631.8582	279.16013,195.95609,2661.5625	307.2429,199.48395,2698.9768	308.51465,253.69424,2731.429	272.2207,241.01843,2709.7683	244.7912,282.8186,2730.2195	245.9493,375.84894,2691.674	285.84332,286.15884,2785.7288	243.17293,472.0549,2540.7449	288.4809,377.50085,2741.3235	244.7912,282.8186,2730.2195	305.54,468.9171,2646.9626	304.60968,312.93372,2731.3438	216.61574,317.8804,2476.7913	
287.31583,150.64316,2617.7092	279.22858,197.09988,2662.1191	250.37187,193.19856,2625.0552	212.25906,251.77376,2640.933	279.22858,197.09988,2662.1191	307.2928,200.89406,2699.183	310.00125,255.24846,2712.6912	271.92056,242.16125,2708.6418	244.11475,283.80887,2727.6716	246.06346,376.91943,2689.3645	285.19403,287.55542,2782.6575	242.68477,473.27887,2540.5164	287.91003,378.8614,2743.6794	244.11475,283.80887,2727.6716	305.4995,470.24182,2645.8098	296.12054,312.89163,2681.8132	212.24388,317.2837,2492.2542	
287.19568,149.62073,2619.5508	279.1725,195.94113,2662.069	250.30981,191.91962,2625.4624	211.23068,252.16672,2649.9788	279.1725,195.94113,2662.069	307.2521,199.85355,2698.6758	310.91724,257.42404,2693.1592	271.7592,241.04828,2707.8218	243.8311,282.6675,2726.4216	246.13843,375.61942,2693.5493	284.94794,286.60657,2780.7273	243.14719,471.7467,2539.6477	288.63504,377.7411,2747.3489	243.8311,282.6675,2726.4216	306.57724,469.16083,2638.3398	291.00726,314.16943,2649.4702	208.69415,316.94815,2497.6892	
286.70154,149.82439,2622.4648	278.8802,196.21129,2662.8157	249.99231,192.24042,2626.9192	211.21815,251.06557,2653.4954	278.8802,196.21129,2662.8157	306.99954,200.07654,2698.7122	312.92105,256.0808,2672.0427	271.63452,241.3964,2707.2754	243.82788,283.1508,2725.1084	246.90851,376.03912,2694.834	285.01962,287.0542,2778.3618	243.13754,472.15778,2540.3503	288.87433,378.29907,2744.2847	243.82788,283.1508,2725.1084	306.78262,469.58963,2644.801	290.07806,312.7337,2633.9426	208.46103,316.701,2501.5251	
286.52838,149.66354,2621.4211	278.73343,196.10411,2662.0684	249.80118,192.11418,2627.357	211.86246,250.7655,2647.251	278.73343,196.10411,2662.0684	306.9209,199.99133,2696.7798	313.74377,254.34134,2662.518	271.55237,241.3465,2705.915	243.76657,283.13303,2724.0132	247.11621,376.15796,2690.5127	285.04745,287.1217,2775.5103	243.45676,472.29416,2550.8105	288.9969,378.3695,2744.1445	243.76657,283.13303,2724.0132	306.68118,469.66165,2647.1477	293.02417,312.3691,2621.468	208.28632,316.45215,2502.6958	
286.48862,150.15402,2613.896	278.60168,196.90451,2660.6765	249.60637,193.02377,2627.1628	212.21805,253.17336,2634.1204	278.60168,196.90451,2660.6765	306.87564,200.68869,2694.1902	314.7974,253.61134,2650.2598	271.51666,241.94907,2708.7935	243.86966,283.4586,2732.0503	247.38696,376.0205,2703.8394	285.11633,287.3489,2781.7705	243.55785,471.73047,2556.6294	289.07904,378.18634,2755.9895	243.86966,283.4586,2732.0503	306.244,469.3516,2652.766	298.40137,311.04306,2567.7349	210.98181,318.58636,2488.024	
286.07205,150.25009,2617.6455	278.60803,196.9079,2661.8713	249.61484,193.15225,2628.2153	212.76501,256.1791,2620.5688	278.60803,196.9079,2661.8713	306.87723,200.56973,2695.5273	315.3093,256.34296,2636.1345	271.75928,242.06158,2708.3462	244.31335,283.82166,2729.8564	247.69243,376.72607,2693.6765	285.59576,287.5283,2779.7856	243.82037,472.8897,2546.1042	289.274,378.5465,2751.3696	244.31335,283.82166,2729.8564	307.1181,469.989,2637.7805	306.2553,311.65115,2511.0852	216.16966,320.57828,2471.3188	
286.3145,149.16965,2619.5198	278.8654,195.9758,2662.6116	249.90584,192.21321,2628.162	214.34186,258.61832,2607.7883	278.8654,195.9758,2662.6116	307.08514,199.64229,2697.061	316.00305,257.62708,2626.5747	272.03445,241.23459,2707.1523	244.58931,283.17224,2726.1394	247.27585,376.1411,2692.7878	285.87662,286.84998,2777.2468	244.25076,472.313,2543.7292	289.1775,377.86414,2751.5242	244.58931,283.17224,2726.1394	307.24503,469.24356,2637.9868	314.07217,312.17657,2480.192	222.6912,322.50906,2448.0276	
285.4615,150.9753,2624.4485	278.46,197.50696,2663.3352	249.47153,193.97644,2629.191	217.5982,261.37054,2590.9033	278.46,197.50696,2663.3352	306.7146,200.94809,2697.4795	319.53442,254.66391,2619.282	272.07367,242.9229,2705.2148	244.99329,285.25665,2721.7668	247.79047,378.17694,2694.6372	286.38922,288.6205,2772.422	244.1153,474.4167,2538.252	288.75446,379.54956,2753.743	244.99329,285.25665,2721.7668	307.70837,470.78894,2636.758	319.74234,309.35828,2468.3423	231.54883,323.40747,2419.2756	
285.03098,149.58046,2623.4172	277.74905,196.3684,2662.7559	248.77174,192.56949,2628.654	222.44011,262.09964,2581.455	277.74905,196.3684,2662.7559	305.99353,200.07121,2696.8577	321.531,252.85913,2613.1404	270.97165,241.74272,2704.7896	243.51611,283.83716,2721.5269	245.90195,376.73474,2695.4504	284.906,287.58505,2772.1196	241.4158,472.86792,2540.6892	287.63922,378.56815,2752.126	243.51611,283.83716,2721.5269	305.54773,469.9104,2641.2266	325.1573,307.11047,2457.0269	240.09296,322.12057,2398.4358	
284.15488,148.89154,2621.9001	277.19162,195.75711,2663.2317	248.20326,192.05595,2629.009	225.58928,263.43317,2556.715	277.19162,195.75711,2663.2317	305.44443,199.36433,2697.4543	324.07227,251.06593,2610.563	270.5647,241.13345,2705.8196	243.26144,283.2859,2723.0225	247.28915,375.74234,2704.6594	284.64258,286.88794,2773.7925	243.12762,471.4497,2543.3508	288.72083,377.70612,2754.9404	243.26144,283.2859,2723.0225	306.38974,468.92688,2646.48	329.8024,303.24057,2441.1277	251.1707,319.63434,2375.1301	
282.5266,148.36765,2630.653	276.4787,195.25952,2666.372	247.50908,191.89423,2631.2483	230.32751,263.66635,2543.3933	276.4787,195.25952,2666.372	304.695,198.5373,2701.4958	327.22604,247.84721,2610.28	270.50937,240.8718,2704.4736	243.77695,283.66144,2716.5193	248.33101,376.53107,2692.7705	285.24097,286.74274,2768.631	243.97687,472.73834,2538.9067	289.1591,377.74347,2749.8496	243.77695,283.66144,2716.5193	308.00555,468.97998,2637.1936	335.97043,297.0659,2429.8103	262.2435,314.5986,2357.404	
281.3599,148.73541,2626.0056	275.79446,195.52248,2665.273	246.76031,192.347,2631.016	233.81894,262.11972,2519.19	275.79446,195.52248,2665.273	304.09174,198.61737,2699.5298	329.467,244.3677,2608.1333	270.1144,241.1284,2705.0044	243.65707,283.975,2719.3254	247.85855,376.5695,2700.8413	285.15637,286.8266,2770.1462	242.99994,472.48676,2543.7715	287.83978,377.6822,2754.657	243.65707,283.975,2719.3254	307.83444,468.51233,2638.888	342.0723,290.64673,2417.8247	272.2134,307.97977,2337.73	
280.31732,148.52356,2643.2075	275.31442,195.45042,2670.676	246.34882,192.41992,2635.4531	237.517,260.91742,2502.6233	275.31442,195.45042,2670.676	303.5259,198.40204,2705.899	331.91397,240.96487,2609.066	270.1521,241.3367,2701.365	244.08092,284.87885,2705.9265	248.42589,378.00946,2685.837	285.73224,287.48044,2758.1814	243.38152,474.59094,2526.1497	288.9673,378.7968,2740.94	244.08092,284.87885,2705.9265	308.25293,470.34338,2626.443	346.39484,284.82565,2408.5996	281.8651,300.47873,2314.327	
279.21127,146.83426,2660.3625	275.5733,193.73845,2675.8213	246.72423,191.23013,2637.9324	241.37067,257.8081,2490.9531	275.5733,193.73845,2675.8213	303.61676,196.17671,2713.7102	335.0672,238.36658,2604.0383	271.643,239.92365,2696.0742	246.68285,284.55255,2688.212	250.42139,377.88782,2677.9194	288.42773,286.26993,2744.4424	245.50305,474.7588,2523.6125	291.4933,377.5084,2738.6802	246.68285,284.55255,2688.212	309.8516,469.2677,2626.6675	352.38727,275.96268,2391.156	290.22018,290.3088,2302.7227	
278.5246,145.5954,2669.3884	275.63898,192.5279,2679.6667	246.88243,190.27602,2639.9285	245.3935,255.02103,2474.01	275.63898,192.5279,2679.6667	303.5551,194.71396,2719.405	338.23227,234.2902,2593.0273	272.29712,238.81647,2696.3428	247.94061,283.90344,2683.544	249.34055,376.53177,2690.193	289.59946,285.15497,2742.4937	243.96637,472.844,2538.6191	288.93573,375.37347,2755.7915	247.94061,283.90344,2683.544	308.31757,466.26126,2637.7944	359.29034,267.43915,2367.8894	297.52942,281.36478,2288.801	
277.77704,145.70648,2675.8933	275.3423,192.27396,2681.3967	246.64717,190.13934,2640.229	248.73929,252.69403,2462.5237	275.3423,192.27396,2681.3967	303.16962,194.344,2722.5645	341.29883,232.11784,2584.0193	272.40887,238.64914,2693.7356	248.43358,284.09274,2675.5408	248.49237,376.597,2690.092	290.10074,285.09872,2736.6082	243.45851,472.92908,2537.5469	288.08163,375.58914,2749.642	248.43358,284.09274,2675.5408	307.45145,466.6115,2636.6443	364.8372,260.77118,2351.3767	302.42548,272.7384,2275.264	
277.3721,145.26143,2677.1333	274.59674,191.72668,2681.6274	245.94145,189.46796,2639.3674	251.03354,250.57649,2457.757	274.59674,191.72668,2681.6274	302.3629,193.91533,2723.8875	343.18674,228.50935,2590.014	271.51285,238.11923,2693.2974	247.40195,283.5407,2673.6226	246.85219,376.02045,2690.4272	289.02682,284.66916,2736.312	242.1838,472.216,2548.1294	287.41205,375.53802,2743.5698	247.40195,283.5407,2673.6226	305.26468,466.3709,2652.2441	369.3516,252.4195,2350.7625	305.44995,264.4574,2270.511	
276.7636,144.66167,2688.262	274.32718,190.93367,2684.1482	245.72943,188.6801,2641.0332	253.09958,248.5844,2454.3901	274.32718,190.93367,2684.1482	302.02072,193.11598,2727.2632	344.35956,225.48349,2592.514	271.69897,237.35358,2687.9617	247.95293,283.0969,2659.7954	248.82153,376.0734,2676.6453	289.7075,284.17422,2723.755	243.39294,472.7511,2538.2322	289.27594,375.23193,2735.863	247.95293,283.0969,2659.7954	306.8514,466.5567,2642.4766	371.92374,247.5681,2350.6719	306.27798,260.3081,2254.2888	
276.51276,144.73764,2683.319	274.04904,191.04861,2682.844	245.393,188.83635,2640.568	253.3949,246.07135,2447.1956	274.04904,191.04861,2682.844	301.81598,193.19225,2725.1199	345.3806,223.53395,2594.2576	271.29892,237.48238,2689.9521	247.44342,283.13547,2665.7021	247.52023,374.92297,2697.5566	289.19763,284.19495,2728.4185	242.64586,470.7603,2559.91	287.76898,374.5234,2750.1787	247.44342,283.13547,2665.7021	306.013,465.1058,2659.2861	373.4394,241.70529,2348.973	309.59665,254.53366,2253.2302	
276.39862,144.58557,2680.8396	274.00922,191.04446,2682.927	245.40378,188.83974,2639.4963	253.919,245.03952,2444.5896	274.00922,191.04446,2682.927	301.70325,193.17894,2726.3577	345.2921,222.58972,2599.1252	271.16452,237.46352,2692.284	247.2901,283.0605,2669.4248	247.45032,374.8758,2699.553	288.89288,284.04977,2733.857	243.42413,470.68036,2557.817	288.03427,374.59158,2749.2612	247.2901,283.0605,2669.4248	306.4116,465.20953,2658.2358	373.997,238.62363,2355.5076	311.7616,251.47276,2250.1016	
276.4261,143.90509,2689.1494	274.72342,190.24101,2685.6123	246.29633,188.17543,2639.3281	253.33994,244.1784,2446.3506	274.72342,190.24101,2685.6123	302.18726,192.2366,2731.8965	345.23383,223.4573,2605.0916	272.54593,236.67284,2688.4644	249.36539,282.68283,2656.9756	250.1448,375.43945,2679.0713	290.85138,283.32153,2725.6572	245.35483,472.03253,2538.8794	290.6266,374.4959,2734.7747	249.36539,282.68283,2656.9756	308.13217,465.80743,2644.8362	374.15274,237.06912,2359.8306	309.69733,251.57793,2255.542	
277.3095,144.51886,2683.2595	275.29428,190.82013,2684.1868	246.8621,188.8494,2637.7354	252.41064,244.92273,2441.6692	275.29428,190.82013,2684.1868	302.7591,192.7238,2730.6382	344.70685,224.58646,2612.0479	272.9867,237.25452,2691.5825	249.75713,283.18497,2664.5269	248.01797,374.46545,2703.1401	291.09866,283.6776,2733.4297	243.86963,470.13284,2559.3552	288.4702,373.74774,2755.6387	249.75713,283.18497,2664.5269	306.3884,464.3736,2659.764	373.93222,239.75403,2366.5977	307.82367,254.00143,2249.5056	
277.07745,144.08453,2680.318	275.1921,190.61542,2682.7947	246.81256,188.75775,2634.945	252.4162,247.8015,2430.8318	275.1921,190.61542,2682.7947	302.5771,192.40799,2730.6443	344.0122,227.23549,2614.5286	273.01926,237.08496,2691.4546	249.98593,283.12784,2664.621	248.2124,374.82108,2698.0417	291.19302,283.3817,2735.608	243.71037,470.72778,2549.3457	287.97736,373.99588,2747.032	249.98593,283.12784,2664.621	306.6538,464.51697,2658.418	373.47778,245.29565,2366.2666	307.78995,258.97455,2238.0994	
277.104,143.58035,2678.8499	275.33594,190.20496,2681.7961	246.95671,188.39473,2633.715	250.05362,248.99944,2429.9106	275.33594,190.20496,2681.7961	302.7155,191.95142,2729.8772	342.8702,228.67601,2618.2766	273.2633,236.70624,2690.3706	250.33264,282.82565,2663.2822	247.97237,374.32135,2700.5083	291.53064,282.9962,2734.608	243.74686,470.1147,2545.9976	288.64105,373.8313,2743.4546	250.33264,282.82565,2663.2822	306.61304,464.66315,2654.4326	370.055,252.63762,2376.6118	304.75787,265.45822,2239.9214	
277.379,144.05006,2680.123	275.41287,190.48561,2681.191	246.96289,188.39285,2634.5923	247.39404,250.28038,2435.4653	275.41287,190.48561,2681.191	302.89087,192.5069,2727.7896	340.83868,231.9396,2624.6523	272.95563,236.99127,2687.8794	249.54312,282.9341,2659.9993	247.05736,374.90216,2692.0522	290.94684,283.58954,2729.1365	242.62054,470.99246,2547.1245	287.3923,374.2766,2743.6555	249.54312,282.9341,2659.9993	305.3119,465.30267,2649.156	367.45776,260.82495,2391.0117	301.8083,272.4425,2249.1675	
277.66187,143.69196,2679.245	275.39694,190.22571,2680.6294	246.9646,187.90762,2633.7405	244.47115,251.36607,2443.7305	275.39694,190.22571,2680.6294	302.85168,192.4641,2727.5183	338.93964,235.43143,2629.8215	272.5467,236.717,2687.7612	248.75694,282.47232,2660.1138	247.05145,374.601,2690.2776	290.13214,283.43964,2729.6724	242.90355,470.7223,2549.5183	287.61072,374.12524,2744.7275	248.75694,282.47232,2660.1138	305.36612,464.91858,2656.8113	363.42767,270.85287,2411.8447	296.8565,280.2552,2260.5269	
278.0224,144.13182,2679.3516	276.4037,190.55591,2680.2515	248.09712,188.7377,2631.1099	240.04456,255.33185,2464.918	276.4037,190.55591,2680.2515	303.69098,192.30862,2729.393	334.90768,240.87862,2655.94	274.47107,237.10104,2686.4863	251.69049,283.36923,2656.2593	250.97615,375.59485,2687.1968	292.84695,283.49042,2729.183	246.74536,471.90903,2545.4219	290.80948,374.12238,2745.8516	251.69049,283.36923,2656.2593	309.3476,464.8164,2655.5068	355.0185,284.8891,2465.9648	284.44012,294.5254,2275.6921	
278.7793,143.47012,2678.8647	276.7761,190.32635,2680.2834	248.44717,188.33426,2631.677	234.81313,257.56833,2484.965	276.7761,190.32635,2680.2834	304.09583,192.2475,2728.89	333.00446,243.98932,2673.9666	274.45267,236.84647,2687.979	251.2901,282.8965,2659.6252	247.42538,374.74606,2692.2366	292.44452,283.30002,2731.7239	242.70493,470.82422,2550.7957	288.12057,373.81842,2747.0547	251.2901,282.8965,2659.6252	305.78137,464.62796,2656.9937	348.4038,295.26248,2519.6736	275.44748,303.0649,2298.429	
279.6761,142.81561,2679.6157	277.1636,189.72507,2680.4338	248.83182,187.57713,2632.0889	231.55444,258.61993,2501.9836	277.1636,189.72507,2680.4338	304.4915,191.79692,2728.7788	328.91586,247.00502,2693.4775	274.55096,236.22684,2688.7644	251.10052,282.1149,2661.237	246.94617,374.07245,2691.7776	292.2612,282.7592,2732.953	243.87093,470.04822,2556.1133	288.28543,373.38232,2746.3215	251.10052,282.1149,2661.237	306.27856,464.20544,2654.1746	343.63354,301.90002,2571.4495	263.09558,310.69247,2315.6016	
280.4591,142.35733,2678.9966	277.58038,189.19167,2680.6606	249.23396,186.84671,2632.9062	229.13821,260.32568,2519.998	277.58038,189.19167,2680.6606	304.93454,191.45454,2728.415	326.1173,248.13559,2716.7358	274.58093,235.65889,2690.004	250.74146,281.31677,2663.925	247.40059,373.49756,2690.481	291.92267,282.27948,2734.7693	243.9447,469.4331,2559.607	287.9133,373.1408,2742.6877	250.74146,281.31677,2663.925	306.15448,463.83215,2656.0632	337.92548,305.47827,2620.73	250.98409,317.30106,2328.0476	
280.74115,142.50876,2679.1902	277.624,189.12088,2679.5056	249.13828,186.71437,2634.3538	225.09296,260.34744,2532.0051	277.624,189.12088,2679.5056	305.1656,191.44762,2724.6575	323.98535,247.22403,2734.7812	274.53653,235.60991,2688.2295	250.48889,281.1979,2663.455	247.60422,373.5506,2688.0237	291.93436,282.38373,2730.4517	243.45157,469.60474,2556.09	288.04532,373.52454,2736.0103	250.48889,281.1979,2663.455	306.54068,464.33972,2651.4624	330.78842,306.04886,2682.0747	242.21281,321.72028,2352.2407	
280.98395,143.40955,2679.7952	277.83203,189.81769,2677.9746	249.34578,187.36574,2632.5564	222.60143,259.5931,2549.0125	277.83203,189.81769,2677.9746	305.36816,192.18787,2723.3928	320.58847,247.06094,2757.8054	274.72455,236.34009,2685.4639	250.64029,281.97876,2659.267	248.188,374.45544,2684.3887	292.10968,283.21323,2726.6392	243.85977,470.72968,2550.2607	288.67325,374.56238,2731.0317	250.64029,281.97876,2659.267	306.59604,465.30402,2656.0989	325.97116,306.3147,2722.8594	233.86035,323.92236,2379.465	
281.7224,143.22157,2678.5913	278.43158,189.60352,2677.2437	249.93954,187.08537,2632.0205	219.26457,258.38208,2564.0237	278.43158,189.60352,2677.2437	305.97708,192.03801,2722.4668	318.09573,247.44846,2773.0984	275.22345,236.1341,2684.6104	251.02872,281.73178,2658.4336	248.74881,374.01898,2687.1013	292.52005,283.07153,2725.5205	244.49829,470.2094,2549.8271	289.77625,374.67712,2726.0122	251.02872,281.73178,2658.4336	306.00964,465.2447,2664.8672	322.58624,306.83405,2748.1575	225.39685,324.76562,2406.0	
282.29642,142.77142,2678.4888	278.7174,189.3148,2677.2568	250.25787,186.7138,2631.5688	218.77818,250.01283,2589.4243	278.7174,189.3148,2677.2568	306.2219,191.82854,2722.9448	316.82324,247.1892,2782.1218	275.40106,235.84053,2684.3364	251.11395,281.3945,2657.5266	248.87163,373.7949,2685.051	292.56845,282.83038,2725.3054	243.84296,469.9842,2551.82	290.06543,374.4828,2725.2332	251.11395,281.3945,2657.5266	304.8314,465.24747,2666.5588	319.3338,306.53104,2769.248	218.35986,316.74182,2455.783	
282.76367,142.9036,2677.928	279.12485,189.41869,2676.9324	250.63962,186.8043,2631.833	217.03683,250.41891,2598.2188	279.12485,189.41869,2676.9324	306.66617,191.94644,2722.0317	316.1991,246.58206,2793.6318	275.76105,235.94502,2684.25	251.41055,281.4662,2658.1143	248.98218,374.10565,2681.4033	292.9048,282.95206,2725.021	244.31946,470.3361,2554.7847	290.14215,374.6382,2724.3567	251.41055,281.4662,2658.1143	306.20605,465.01373,2669.4888	318.00986,305.7146,2788.2239	213.26907,318.43976,2469.783	
283.4381,141.91849,2678.164	279.6862,188.39491,2676.8223	251.19197,185.67111,2632.189	217.51425,245.95105,2610.3818	279.6862,188.39491,2676.8223	307.24576,191.02936,2721.4556	315.91373,246.12071,2801.1167	276.2249,234.92484,2683.057	251.74829,280.39407,2656.1838	248.97836,373.22748,2677.404	293.29962,282.06342,2722.3992	243.84868,469.59143,2549.4412	290.48328,373.9431,2719.5447	251.74829,280.39407,2656.1838	306.4372,464.61102,2662.903	317.0821,304.95187,2805.2231	210.62573,313.5505,2495.58	
283.76898,142.0426,2678.7798	279.81952,188.60178,2676.6472	251.30728,185.81813,2632.4744	215.58739,247.59149,2615.7031	279.81952,188.60178,2676.6472	307.40594,191.29503,2720.82	315.95276,245.08171,2805.2407	276.3258,235.13812,2681.4922	251.7771,280.60538,2653.571	248.38803,373.31683,2677.7554	293.40454,282.38614,2719.1033	243.63443,469.55035,2555.988	289.81973,374.11365,2720.8918	251.7771,280.60538,2653.571	305.91623,465.08826,2656.7498	317.01505,303.70786,2815.5674	207.3891,315.6833,2497.9504	
283.93298,141.7005,2678.5093	279.96967,188.25658,2676.0742	251.45308,185.47821,2631.8909	216.48596,243.8705,2620.97	279.96967,188.25658,2676.0742	307.55988,190.94467,2720.2576	315.99384,245.13908,2806.2258	276.47794,234.80316,2681.2085	251.93356,280.27533,2653.5688	248.85312,372.91434,2679.1965	293.5577,282.0467,2719.1167	243.78392,469.05005,2558.6465	289.1878,373.47272,2725.9739	251.93356,280.27533,2653.5688	307.1387,464.05145,2657.7783	318.00342,303.28586,2828.656	206.801,311.42062,2512.3013	
284.36823,142.07147,2677.9504	280.0914,188.5144,2674.9297	251.53806,185.59944,2631.524	217.13702,241.7084,2619.801	280.0914,188.5144,2674.9297	307.73285,191.33627,2718.3354	316.10193,245.13976,2805.4287	276.4001,235.06795,2679.2183	251.60838,280.4554,2651.3086	248.02042,372.97168,2679.6724	293.33218,282.46582,2715.705	243.65512,469.19855,2554.1074	288.359,373.92386,2723.6072	251.60838,280.4554,2651.3086	307.64963,464.41025,2653.0635	318.87375,303.33627,2827.3413	207.68657,309.24194,2517.0693	
284.51044,141.96808,2678.1677	280.18854,188.44272,2675.0508	251.68964,185.42389,2630.7385	217.82129,240.78291,2621.6355	280.18854,188.44272,2675.0508	307.75867,191.36316,2719.363	316.05377,245.8269,2797.3801	276.39838,234.98935,2678.3516	251.52753,280.35117,2648.7822	248.44742,372.66336,2681.8677	293.1968,282.46573,2714.5225	244.06671,468.86774,2552.1406	288.36398,374.12036,2719.6694	251.52753,280.35117,2648.7822	307.26117,464.3077,2659.856	319.40082,304.26105,2817.0784	209.06396,307.93228,2514.8435	
285.04816,142.62079,2677.7727	280.6133,188.93584,2675.1016	252.18098,185.86395,2629.7146	218.47076,240.50563,2619.226	280.6133,188.93584,2675.1016	308.09695,191.90523,2720.4885	315.94714,246.28304,2789.4238	276.7623,235.47743,2678.0205	251.87094,280.83664,2647.272	249.2752,373.37152,2678.0205	293.44623,282.97192,2714.607	245.10449,469.69714,2551.9497	289.03253,374.58002,2721.0095	251.87094,280.83664,2647.272	307.05478,465.0058,2660.0205	318.20132,305.23352,2799.346	209.97336,307.38858,2507.6807	
285.44586,142.18686,2679.08	280.69806,188.59093,2675.4814	252.2634,185.31833,2630.5706	219.6964,243.8948,2608.622	280.69806,188.59093,2675.4814	308.19388,191.75548,2720.3923	315.92584,247.1159,2781.5322	276.5373,235.09952,2677.9712	251.31952,280.2789,2647.147	247.92555,372.91876,2675.9595	292.93185,282.734,2713.775	244.25293,469.15372,2556.6904	288.76706,374.21747,2723.2449	251.31952,280.2789,2647.147	305.86972,465.0732,2655.5693	319.11298,306.51614,2776.1116	212.71765,310.38177,2482.8242	
285.07812,143.04248,2689.2305	280.715,188.9242,2678.1904	252.31726,185.51266,2633.3845	219.86838,248.5136,2591.8057	280.715,188.9242,2678.1904	308.17816,192.22345,2722.9963	315.84784,247.60858,2772.132	276.64468,235.37401,2675.026	251.43947,280.57986,2638.626	248.69656,373.57086,2666.9807	293.17087,283.25458,2705.0967	245.04742,469.9662,2555.605	289.65793,375.01874,2715.2666	251.43947,280.57986,2638.626	306.52032,466.24066,2647.7358	319.99667,307.34937,2752.2136	214.53061,315.6472,2451.7095	
285.74722,142.7138,2693.8074	281.3613,188.39923,2680.8362	253.10104,184.8894,2634.3389	220.42612,252.34941,2572.4036	281.3613,188.39923,2680.8362	308.65796,191.7894,2727.3335	315.74454,248.61507,2761.1436	277.31967,234.80089,2675.5806	252.20367,279.9998,2635.8318	249.64774,372.4845,2673.1313	293.78345,282.73523,2704.818	245.14838,468.7501,2555.5503	290.46994,374.13623,2721.6155	252.20367,279.9998,2635.8318	306.85602,465.15753,2655.2712	320.11435,308.69232,2737.0295	219.51279,319.21606,2420.502	
285.8585,143.05257,2697.0977	281.4692,188.47838,2681.6807	253.26178,184.87222,2634.5579	221.611,252.4611,2568.7039	281.4692,188.47838,2681.6807	308.70242,191.95998,2728.8035	317.2957,249.1999,2744.5999	277.4469,234.85112,2673.8794	252.34373,280.05258,2631.125	249.3238,372.16577,2675.6204	293.91333,282.90057,2701.0312	244.50024,468.468,2551.0508	289.69464,374.1745,2721.4465	252.34373,280.05258,2631.125	306.0309,465.2995,2653.284	320.20184,309.7799,2716.817	226.08939,318.21585,2399.0454	
285.42926,143.09808,2699.2415	280.96506,188.56873,2682.479	252.71902,184.84616,2636.2961	225.04962,254.14642,2555.862	280.96506,188.56873,2682.479	308.25494,192.16528,2728.6619	318.52448,249.58353,2731.564	276.73807,234.90971,2674.1716	251.38474,279.98355,2631.6067	247.5379,372.33435,2672.1074	293.04935,283.05603,2700.1218	243.35555,468.2442,2565.8853	288.68915,374.2586,2722.1953	251.38474,279.98355,2631.6067	304.9316,465.34625,2654.6433	320.97775,310.5052,2704.7927	233.23386,317.25006,2374.0447	
285.59082,142.762,2698.8132	280.94812,188.22247,2682.2488	252.68068,184.40836,2636.583	226.75992,255.5257,2536.4436	280.94812,188.22247,2682.2488	308.26913,191.90889,2727.9146	319.33896,249.44214,2714.753	276.568,234.55331,2673.773	251.03813,279.5407,2631.424	248.28513,371.70132,2675.5007	292.75177,282.77582,2699.1702	243.67328,467.73904,2559.8499	288.91983,373.82977,2724.6306	251.03813,279.5407,2631.424	306.22852,464.58032,2657.5347	322.21432,310.35864,2706.8604	239.64201,316.2912,2348.597	
285.21313,142.03479,2698.6006	280.48877,187.527,2682.4102	252.16135,183.63614,2637.9822	228.05551,254.27303,2529.2312	280.48877,187.527,2682.4102	307.89313,191.29105,2726.8381	320.17416,248.31961,2697.1553	275.97195,233.83794,2673.5762	250.24902,278.72665,2631.7856	247.88654,370.96405,2675.1318	292.084,282.143,2697.6987	242.8306,466.99176,2560.4592	288.50668,373.47705,2719.664	250.24902,278.72665,2631.7856	305.75955,463.89124,2662.406	323.3322,309.29724,2702.5474	245.43549,313.05838,2339.2505	
285.50876,141.7546,2700.4941	280.4223,187.08026,2683.1377	252.12408,182.83325,2639.1074	228.9411,253.31749,2522.6218	280.4223,187.08026,2683.1377	307.8068,191.19016,2727.1685	320.99756,247.10223,2683.1316	275.37048,233.30911,2673.1626	249.09454,277.87582,2630.525	247.61255,370.19107,2673.999	290.95367,281.84402,2695.8496	242.67291,466.27942,2558.1396	288.34656,373.16248,2719.6836	249.09454,277.87582,2630.525	304.58517,463.76062,2662.782	324.06488,308.04816,2699.842	251.72159,310.4217,2327.3535	
285.7586,141.27919,2699.9453	280.5197,186.68167,2683.387	252.2015,182.37225,2639.9922	232.41058,254.00835,2514.3262	280.5197,186.68167,2683.387	307.9366,190.85393,2726.7817	321.68683,245.61511,2671.5688	275.39746,232.8894,2672.5662	249.01941,277.3995,2629.5574	248.69125,369.96548,2670.328	290.9408,281.4966,2693.9333	244.08028,466.03217,2560.5007	289.43292,372.76514,2720.0876	249.01941,277.3995,2629.5574	305.77182,463.52448,2659.4648	327.763,299.79898,2580.5183	256.94827,308.8968,2312.1348	
285.688,141.50903,2699.6697	280.51984,186.8353,2682.8298	252.16756,182.55644,2639.952	234.38135,252.4067,2510.1814	280.51984,186.8353,2682.8298	307.9801,190.97952,2725.7078	322.36295,244.76991,2658.7808	275.44562,233.05507,2671.6191	249.08408,277.6,2628.6035	248.92325,370.33246,2667.5217	291.0713,281.67996,2692.2134	244.29697,466.38934,2562.3533	289.70514,372.89203,2720.297	249.08408,277.6,2628.6035	305.90298,463.71066,2659.1155	329.88995,295.55304,2518.405	262.11148,305.3095,2310.358	
285.64127,141.18845,2700.0386	280.57385,186.59572,2682.8801	252.20105,182.3386,2640.4094	235.31866,251.84033,2506.6086	280.57385,186.59572,2682.8801	308.06238,190.72015,2725.3508	322.4833,244.23203,2654.897	275.5805,232.80968,2670.684	249.26755,277.38724,2626.9849	249.39792,370.365,2663.2402	291.3169,281.45984,2689.9912	244.1379,466.51962,2559.8403	289.94507,373.13034,2711.7542	249.26755,277.38724,2626.9849	305.40018,463.74194,2662.071	330.86575,290.4105,2475.702	266.0407,302.4091,2303.8257	
285.6194,141.56653,2700.2205	280.45282,186.72435,2681.9412	252.08066,182.34561,2639.525	235.64183,251.10088,2503.8108	280.45282,186.72435,2681.9412	307.94153,190.96672,2724.3574	322.2162,243.41603,2656.4597	275.38098,232.91177,2667.413	248.94006,277.4494,2621.4216	248.66534,370.09558,2665.0095	291.0674,281.7102,2684.3484	244.05585,466.42062,2552.7666	289.69733,373.43658,2708.3958	248.94006,277.4494,2621.4216	304.78677,464.2047,2659.638	331.61145,287.2605,2457.4307	269.46524,300.45685,2298.1777	
285.4816,141.56056,2699.8125	280.16425,186.65799,2680.3945	251.79286,182.09747,2638.0093	236.34349,251.22581,2494.4143	280.16425,186.65799,2680.3945	307.6523,191.0765,2722.7798	322.4167,243.77939,2649.2412	274.85806,232.82758,2664.6128	248.14923,277.25357,2617.3904	249.0618,369.81158,2664.3684	290.32742,281.78723,2680.2717	243.04648,465.88696,2559.5593	289.0253,373.1108,2712.6643	248.14923,277.25357,2617.3904	304.63736,463.66663,2663.3755	331.6688,285.6817,2442.0132	274.917,297.5469,2293.7666	
285.85175,141.3338,2698.6177	280.86023,186.76425,2681.174	252.58554,182.52594,2636.4219	237.53287,251.39948,2490.7202	280.86023,186.76425,2681.174	308.20654,190.8634,2725.9263	322.72653,244.17537,2647.6455	276.09167,233.0047,2667.4192	250.04608,277.73865,2620.4604	251.94551,369.89777,2671.3152	291.9766,281.6613,2686.8682	245.77307,465.69794,2567.5168	290.7915,371.82098,2732.7031	250.04608,277.73865,2620.4604	307.48572,462.4065,2661.7183	331.89688,285.2295,2433.7144	278.01544,296.23563,2288.286	
285.91418,141.6094,2699.0112	281.12354,186.9745,2681.0037	252.85336,182.80661,2635.9722	238.61081,251.2712,2485.8691	281.12354,186.9745,2681.0037	308.45972,191.0047,2726.0352	323.31625,244.04143,2649.3362	276.53583,233.22546,2666.3843	250.67126,278.0608,2618.3657	250.21123,370.87732,2660.4019	292.5957,281.8641,2685.164	244.72134,466.91315,2563.5684	290.00095,372.7315,2720.8687	250.67126,278.0608,2618.3657	306.17978,463.81677,2652.3315	331.17377,287.01776,2442.1096	279.67883,295.66382,2284.9385	
285.92313,141.5885,2699.1978	281.18176,186.86322,2681.5127	253.01242,182.77194,2634.5205	239.49956,251.55302,2483.4348	281.18176,186.86322,2681.5127	308.3808,190.81358,2728.505	322.95407,244.8368,2654.6758	276.7616,233.13567,2667.8306	251.15948,278.07056,2619.2888	250.33435,370.59848,2665.1104	292.88425,281.65277,2689.008	244.67914,466.60706,2563.7014	289.68515,371.99707,2730.5583	251.15948,278.07056,2619.2888	305.81802,462.9599,2657.5945	331.7132,288.96558,2451.588	280.53366,295.39163,2283.1467	
285.8239,141.71094,2699.2869	281.07733,187.06133,2682.0007	252.94437,182.95879,2634.3848	239.19989,251.6853,2484.2043	281.07733,187.06133,2682.0007	308.2288,191.02072,2729.6167	322.98764,245.7671,2660.8457	276.65045,233.32932,2668.477	251.07437,278.26254,2619.636	249.66896,370.37512,2670.7468	292.72845,281.8274,2690.2708	244.0563,466.3349,2563.978	289.50925,372.8797,2720.3262	251.07437,278.26254,2619.636	304.56366,463.60748,2663.1877	332.0704,291.0354,2461.7	281.28055,295.26355,2285.852	
285.88898,141.15619,2700.332	281.0312,186.57697,2682.0972	252.9454,182.3211,2633.9216	238.19043,251.26184,2490.097	281.0312,186.57697,2682.0972	308.12585,190.68265,2730.2727	321.9226,246.86897,2668.428	276.40018,232.81873,2668.348	250.64165,277.633,2618.8643	249.41925,370.34366,2662.3618	292.24075,281.39532,2690.333	243.25893,466.33136,2563.5288	289.22202,372.76923,2715.7622	250.64165,277.633,2618.8643	304.17517,463.42773,2663.928	331.41147,294.92303,2478.4993	277.73892,296.9509,2288.7808	
285.88086,141.50587,2700.3586	280.97083,186.89491,2681.8203	252.97142,182.53365,2632.3162	236.91115,251.27888,2494.0452	280.97083,186.89491,2681.8203	307.95526,191.09808,2731.3245	321.81747,248.14725,2679.7188	276.2682,233.1244,2667.2734	250.48192,277.91058,2616.0046	249.56332,370.2734,2665.726	291.97174,281.758,2689.4485	243.24396,466.29468,2562.0654	289.20657,373.2487,2713.804	250.48192,277.91058,2616.0046	304.60785,463.96747,2661.34	330.20035,300.35364,2507.711	274.6926,298.5816,2291.6587	
286.2983,141.1529,2701.372	281.51578,186.47325,2683.7239	253.61374,182.2862,2632.7788	236.87912,251.41396,2493.5254	281.51578,186.47325,2683.7239	308.3782,190.50432,2734.669	321.6502,248.54066,2693.869	277.13666,232.70856,2669.9805	251.77399,277.6408,2618.4456	250.99963,370.02258,2667.0427	293.0631,281.1538,2694.0286	244.2168,465.85654,2566.7976	290.8703,372.34387,2721.2073	251.77399,277.6408,2618.4456	306.488,463.11493,2661.931	329.08032,304.5121,2548.98	273.5772,300.48126,2297.481	
286.15756,141.03156,2700.8596	281.5379,186.2067,2682.9924	253.63533,182.0996,2631.748	236.73026,251.6004,2492.7422	281.5379,186.2067,2682.9924	308.39456,190.15984,2734.2368	321.35205,248.18936,2704.9248	277.25262,232.4756,2670.1655	252.00667,277.4797,2619.3289	249.56235,370.23358,2661.489	293.2553,280.8544,2695.3484	243.36691,466.17923,2565.0847	290.0668,372.21408,2718.5151	252.00667,277.4797,2619.3289	304.96008,463.34225,2656.7188	328.5318,306.4945,2579.6865	269.45282,303.26566,2298.2183	
286.5571,140.73256,2700.114	281.64136,185.94283,2683.4797	253.83064,181.67734,2631.1897	236.82544,252.01392,2497.362	281.64136,185.94283,2683.4797	308.38895,190.04526,2735.7698	320.45316,246.40752,2720.524	277.11865,232.18456,2670.95	251.69821,277.06,2619.6323	248.9628,369.53873,2665.5437	292.8086,280.61255,2697.208	242.5799,465.59003,2559.766	290.20618,372.36057,2712.8914	251.69821,277.06,2619.6323	302.9986,462.48892,2675.2903	327.8696,306.4485,2629.8733	266.05838,305.62323,2301.3599	
286.97983,140.81221,2699.2834	281.32642,186.14925,2681.8618	253.435,181.34921,2631.7466	236.59512,252.88501,2505.2256	281.32642,186.14925,2681.8618	308.19458,190.7732,2731.977	318.528,246.95782,2736.3179	275.8242,232.30136,2668.7869	249.31104,276.64557,2618.5266	247.6295,369.2351,2664.0989	290.64575,281.10776,2692.8972	240.6062,465.29022,2559.2458	288.10822,372.8037,2712.1292	249.31104,276.64557,2618.5266	301.94675,463.88696,2655.5251	326.10995,307.78012,2677.5825	265.2975,307.172,2308.228	
286.83374,141.22174,2700.8457	280.75128,186.199,2680.6128	252.77594,181.08511,2632.3035	235.77402,252.05663,2508.63	280.75128,186.199,2680.6128	307.7361,191.13182,2728.922	317.36127,247.64401,2749.651	274.72986,232.2921,2666.1016	247.5943,276.34222,2615.756	248.19739,369.18686,2659.4617	289.1294,281.36923,2687.4246	241.6008,465.28186,2559.3374	288.31284,372.8882,2712.9478	247.5943,276.34222,2615.756	303.4309,463.94974,2653.8079	324.66464,308.75085,2709.1875	262.32355,308.2997,2315.3403	
286.97256,141.00195,2699.0994	280.77472,186.0566,2680.14	252.79959,180.92467,2631.683	233.6688,251.39635,2514.2998	280.77472,186.0566,2680.14	307.75623,191.00626,2728.5967	316.06473,247.62498,2759.6885	274.66205,232.16562,2666.707	247.45743,276.18723,2617.3364	249.93057,368.73822,2664.3315	288.95554,281.22757,2689.212	243.66037,464.57562,2566.3965	289.57153,372.403,2719.398	247.45743,276.18723,2617.3364	304.89197,463.43124,2656.6318	323.32794,308.7564,2730.179	259.44315,309.04672,2323.6042	
287.7106,140.21078,2698.2559	280.8767,185.384,2680.029	252.89362,179.8552,2632.8823	231.69623,252.80138,2513.671	280.8767,185.384,2680.029	307.89227,190.72165,2727.1758	315.81055,246.88472,2768.4216	274.0683,231.392,2666.3992	246.129,274.98343,2617.795	248.88156,367.63403,2663.6646	287.70276,280.68692,2687.7437	242.60583,463.57367,2562.1929	288.3834,372.1388,2714.5981	246.129,274.98343,2617.795	304.00876,463.14722,2654.817	322.23157,308.05615,2741.0664	256.8414,311.7829,2324.3215	
287.95776,140.67743,2699.3157	280.96753,185.65974,2679.8816	253.05081,179.94563,2632.057	231.51256,253.15952,2513.3313	280.96753,185.65974,2679.8816	307.90533,191.1735,2727.7063	315.70648,246.12334,2777.7373	273.8975,231.62955,2665.7588	245.72736,275.07825,2616.1638	249.56479,367.8148,2661.3098	287.22186,281.0203,2687.1082	243.7052,463.7602,2563.0151	288.9884,372.29584,2716.9246	245.72736,275.07825,2616.1638	304.75095,463.33905,2654.7327	321.02887,307.26993,2747.2263	254.50266,314.18256,2322.3132	
287.93655,140.18938,2700.859	280.78854,185.28453,2680.7908	252.89317,179.46466,2632.9753	231.49506,253.78394,2515.178	280.78854,185.28453,2680.7908	307.70624,190.90044,2728.6062	315.0309,246.30408,2780.7625	273.57303,231.21107,2666.2917	245.25952,274.54755,2616.327	249.44391,367.34756,2660.568	286.74286,280.6505,2687.2585	243.2947,463.18472,2565.3938	289.07382,371.9199,2717.1042	245.25952,274.54755,2616.327	305.02896,462.67468,2659.643	320.30975,307.4328,2751.7134	253.11713,315.48157,2324.0032	
287.9436,140.19006,2699.6099	280.7333,185.33904,2680.5059	252.80441,179.54298,2633.1384	230.22122,254.44202,2516.0894	280.7333,185.33904,2680.5059	307.69226,190.93379,2727.8733	315.35312,245.8741,2785.8008	273.5094,231.27742,2666.44	245.17172,274.61765,2617.2393	250.01097,366.84946,2668.5952	286.69595,280.7078,2687.5088	244.15468,462.6408,2564.7664	290.24823,372.49176,2707.7026	245.17172,274.61765,2617.2393	303.9669,462.34314,2674.8923	320.0812,306.95856,2755.0154	252.14317,316.0736,2328.6938	
288.0727,140.09424,2698.9924	280.74146,185.23418,2680.1367	252.89697,179.23448,2631.833	229.68317,254.42957,2516.0376	280.74146,185.23418,2680.1367	307.6,191.02144,2728.4404	314.88828,245.8714,2786.4924	273.2324,231.12993,2665.7864	244.65215,274.30856,2615.6045	249.68213,367.10153,2659.7312	286.07227,280.65067,2687.2676	243.06718,462.869,2565.5042	289.25262,372.0827,2713.8218	244.65215,274.30856,2615.6045	303.88168,462.59454,2664.3325	320.16357,306.89554,2758.366	250.71634,316.58017,2331.628	
288.3745,140.31204,2698.698	280.8183,185.50632,2680.0657	253.0181,179.3603,2631.4749	229.44507,254.40001,2520.0225	280.8183,185.50632,2680.0657	307.6284,191.43343,2728.6565	314.69458,245.86166,2786.3953	273.1161,231.36206,2664.94	244.35156,274.42346,2613.7715	249.28445,367.1474,2659.9954	285.7375,280.97015,2685.857	243.22867,462.9919,2564.6125	289.52588,372.32867,2714.1829	244.35156,274.42346,2613.7715	304.07877,463.1151,2661.4778	319.94522,306.89163,2759.7888	249.83464,316.74554,2335.2893	
288.40222,140.7967,2699.076	281.40884,185.95831,2681.2632	253.74414,180.24782,2629.7024	229.15884,254.29787,2517.5486	281.40884,185.95831,2681.2632	308.02963,191.45332,2732.824	314.57358,246.19348,2786.1995	274.47137,231.92534,2667.3848	246.61508,275.4643,2615.2454	251.71632,367.7985,2665.8655	287.715,281.1994,2691.7673	245.7623,463.45776,2570.5684	291.5655,371.9121,2726.9836	246.61508,275.4643,2615.2454	307.00012,462.74524,2661.4568	320.005,307.22836,2757.3274	250.24693,316.4931,2336.4006	
288.26505,140.98764,2698.7332	281.54645,186.16391,2681.522	253.92545,180.63486,2628.8193	230.293,254.24391,2516.7742	281.54645,186.16391,2681.522	308.10263,191.47981,2734.2246	315.16882,246.50558,2786.746	274.90002,232.1829,2668.4575	247.40514,275.91623,2616.3054	250.56454,368.43597,2664.318	288.36835,281.31378,2694.4807	244.60623,464.1878,2568.9258	290.5294,372.62646,2718.9646	247.40514,275.91623,2616.3054	305.7287,463.22064,2664.9685	319.60486,307.60568,2751.7417	251.13962,316.54056,2335.9202	
288.21854,140.5829,2698.5627	281.5313,185.86778,2681.6228	253.8967,180.39923,2628.9065	230.3175,254.44272,2517.3918	281.5313,185.86778,2681.6228	308.1004,191.12546,2734.339	315.4119,246.49289,2786.8567	275.00708,231.90152,2668.4712	247.62685,275.69846,2616.221	249.77621,368.50327,2660.6	288.60614,281.00595,2694.4182	244.16492,464.38104,2566.072	289.99637,372.48773,2716.7378	247.62685,275.69846,2616.221	305.3844,463.32983,2659.5818	319.7166,307.58154,2745.6929	251.45718,316.59195,2334.742	
288.17142,140.3711,2688.4744	281.4106,186.14075,2678.7898	253.72096,180.92511,2625.7954	230.77695,253.96967,2517.1797	281.4106,186.14075,2678.7898	308.02594,191.154,2731.7842	315.5397,246.45331,2781.2192	274.93118,232.27798,2670.8638	247.66254,276.2046,2623.629	249.69449,368.4433,2672.3123	288.56015,281.10284,2702.2466	243.92975,464.12793,2569.8464	289.7543,372.02637,2729.6138	247.66254,276.2046,2623.629	305.03125,462.63647,2668.7217	319.78702,307.65826,2736.5205	251.70892,316.4791,2333.9192	
288.1975,140.31369,2692.936	281.65848,185.95699,2681.3604	254.11168,180.7283,2626.7773	231.75546,253.25092,2522.0916	281.65848,185.95699,2681.3604	308.10617,190.97705,2735.9434	315.5905,246.51689,2775.8906	275.27856,232.06075,2672.538	248.19699,276.01395,2623.2263	250.00317,368.6933,2665.934	288.89716,280.8523,2704.2053	244.66968,464.7288,2560.772	290.99664,372.54163,2716.092	248.19699,276.01395,2623.2263	304.06256,463.25323,2668.0527	319.84146,307.8363,2729.4543	252.8222,315.9686,2338.5134	
288.52908,140.68033,2695.1704	282.26868,186.18332,2683.7954	254.89255,181.12242,2627.0896	232.56633,253.12268,2524.0562	282.26868,186.18332,2683.7954	308.51184,191.0348,2740.5012	315.65393,246.65181,2773.345	276.21298,232.2932,2675.269	249.59619,276.42282,2624.6753	251.0293,369.16577,2665.7734	290.0036,280.90234,2708.81	245.61597,465.11676,2564.1235	291.0462,372.43442,2721.6091	249.59619,276.42282,2624.6753	305.3883,463.0948,2667.785	320.14337,307.99017,2724.2947	253.69696,315.4411,2341.0166	
287.9494,140.68231,2698.78	281.77917,186.01373,2684.898	254.3198,180.85847,2629.5144	232.95248,252.37457,2524.533	281.77917,186.01373,2684.898	308.1286,190.9606,2740.2815	315.6733,246.97215,2767.4172	275.68243,232.07867,2674.386	248.92601,276.12222,2622.794	248.51666,368.93744,2663.501	289.52307,280.81967,2704.954	243.21715,464.9604,2562.329	289.56985,372.54163,2717.049	248.92601,276.12222,2622.794	304.04807,463.8724,2652.905	320.35205,308.4449,2718.8137	255.22183,312.6938,2343.3157	
287.88614,140.46951,2698.6365	281.00034,185.76039,2683.4556	253.25604,180.29388,2633.0461	233.08432,250.99585,2519.817	281.00034,185.76039,2683.4556	307.7215,191.0253,2733.865	315.61832,246.75356,2762.7703	274.313,231.74734,2671.2524	246.68686,275.39957,2621.628	247.27817,367.83932,2668.5498	287.8622,280.83673,2696.4707	241.91873,463.82623,2560.3882	288.0951,372.5205,2714.4407	246.68686,275.39957,2621.628	303.4494,464.08765,2644.1438	320.4506,308.29675,2712.3572	255.94278,310.89014,2345.1125	
287.63385,140.86992,2700.015	280.68658,185.85014,2683.4946	252.87834,180.25893,2634.2021	234.01291,250.51393,2522.4185	280.68658,185.85014,2683.4946	307.49167,191.23964,2732.787	315.65247,246.76413,2757.0544	273.78113,231.80116,2670.7134	245.89618,275.31567,2621.3838	248.47662,367.95593,2665.3281	287.15503,280.99448,2694.481	243.98401,463.6993,2568.6377	288.9556,372.39435,2718.0266	245.89618,275.31567,2621.3838	304.16345,463.32156,2658.6667	320.63922,308.41858,2705.917	257.39224,309.52884,2344.9248	
287.87598,140.55173,2700.1934	280.73398,185.62407,2684.1367	252.99643,179.85162,2634.1624	234.57486,250.04678,2523.2024	280.73398,185.62407,2684.1367	307.45755,191.18549,2734.111	315.6766,246.91844,2753.8271	273.53796,231.52368,2671.5837	245.40369,274.8596,2621.9695	249.12479,367.24933,2669.1267	286.57062,280.77136,2696.092	243.81221,462.92966,2569.1921	289.2374,371.87506,2723.493	245.40369,274.8596,2621.9695	304.22095,462.85022,2660.4167	320.4294,308.59235,2697.862	258.2486,308.8999,2345.2893	
287.61917,140.85962,2701.3284	280.76175,185.89037,2684.5867	253.02798,180.10185,2634.6226	234.13751,249.81625,2522.644	280.76175,185.89037,2684.5867	307.48203,191.46735,2734.5508	314.63992,246.67188,2749.4688	273.55792,231.77823,2671.6313	245.40802,275.10245,2621.6194	249.47137,367.2447,2672.3591	286.5859,281.0414,2695.7327	244.08792,462.83563,2571.8494	290.45084,372.4449,2717.5964	245.40802,275.10245,2621.6194	303.50592,463.38345,2664.9397	320.54163,308.31122,2692.2917	258.61,308.5073,2345.4556	
287.30933,140.8825,2699.3467	280.74838,186.07837,2684.215	252.92099,180.64438,2634.7617	234.84628,250.15825,2522.8123	280.74838,186.07837,2684.215	307.56894,191.31577,2733.6685	313.7209,247.26851,2745.6753	274.0166,232.06042,2672.832	246.31778,275.6804,2624.7654	250.93958,367.95328,2671.7795	287.56805,281.11627,2698.1326	245.13812,463.57632,2571.533	290.86475,372.35294,2721.9592	246.31778,275.6804,2624.7654	305.1256,463.1833,2665.2563	320.7126,308.88446,2688.2698	258.9959,308.4143,2346.0583	
287.10962,140.84344,2698.8623	280.6589,186.13889,2684.0334	252.7541,180.86958,2635.3882	234.87378,249.98428,2523.4082	280.6589,186.13889,2684.0334	307.57025,191.2206,2732.6787	313.42328,247.28444,2745.319	274.1846,232.15996,2672.512	246.6945,275.92615,2624.908	250.10596,368.40018,2669.4128	288.0531,281.16193,2697.073	244.05453,464.27222,2564.2747	290.9053,372.63904,2717.7483	246.6945,275.92615,2624.908	303.76245,463.2984,2670.6995	320.5358,308.87656,2686.4575	259.15848,308.35083,2346.0703	
286.90204,141.10501,2698.6133	280.5683,186.48529,2684.0244	252.61348,181.34836,2635.8706	233.92374,250.13242,2522.2	280.5683,186.48529,2684.0244	307.53775,191.44116,2732.1782	313.5117,246.91475,2744.6252	274.24207,232.53731,2673.2144	246.88373,276.3972,2626.6863	250.00641,368.69543,2672.8865	288.28964,281.46146,2698.1223	243.85812,464.4306,2568.4504	290.42197,373.0465,2716.637	246.88373,276.3972,2626.6863	304.13736,463.6223,2669.9475	320.97336,308.43958,2683.8926	259.04636,308.2444,2348.7646	
286.82227,140.6329,2699.4934	280.57806,186.06203,2685.2388	252.65826,180.96219,2636.5613	234.37178,250.51958,2528.5874	280.57806,186.06203,2685.2388	307.50363,190.98027,2733.9163	313.55844,246.9342,2743.1965	274.33414,232.10493,2674.616	247.09003,275.99,2627.8862	249.71855,368.92487,2664.0874	288.43045,280.97256,2700.1	244.06583,464.626,2570.3313	289.65585,372.54388,2718.0088	247.09003,275.99,2627.8862	305.43088,463.0079,2665.5928	321.06226,308.53067,2684.6096	259.0938,308.10733,2351.0942	
