349.87457,151.91446,2299.6787	330.4161,199.82524,2344.8586	301.61526,189.94086,2293.3655	291.26712,261.0225,2218.0552	330.4161,199.82524,2344.8586	357.9792,209.28482,2396.3518	393.2289,253.07591,2355.3125	309.81595,246.90866,2401.8306	268.64664,286.1445,2419.4395	289.5731,389.20654,2390.3237	311.016,297.29727,2498.1655	300.6448,495.23566,2324.5193	321.4724,397.34204,2495.8774	268.64664,286.1445,2419.4395	332.16556,499.21228,2427.6038	429.5122,296.598,2168.394	355.1902,275.86633,2056.3354	
348.73587,150.30487,2305.6665	330.236,198.29156,2347.9067	301.70395,189.07848,2292.3625	289.65552,260.93066,2216.1448	330.236,198.29156,2347.9067	357.44925,207.07881,2403.451	393.65942,254.39723,2367.71	310.54187,246.01163,2400.6235	270.2596,286.62506,2410.8474	291.5684,389.99658,2382.054	312.39874,296.5646,2495.8333	303.26132,496.60748,2312.784	322.12653,396.92566,2491.1243	270.2596,286.62506,2410.8474	334.82538,498.65372,2424.2932	423.26575,285.91406,2145.242	353.3294,275.8038,2058.3242	
346.77225,148.18022,2301.5977	329.52277,196.70952,2346.4028	300.713,188.41212,2290.7312	289.09808,260.73053,2215.5945	329.52277,196.70952,2346.4028	356.9971,204.6223,2402.0745	393.02655,251.20262,2368.88	311.13513,244.80873,2401.955	272.05307,286.37335,2414.946	292.25488,389.2824,2396.3105	314.3717,294.94495,2500.0686	303.28522,495.64218,2321.6592	322.14337,395.32486,2494.7424	272.05307,286.37335,2414.946	336.22165,496.39868,2431.8862	413.60806,265.49756,2117.9333	350.45908,276.44562,2050.507	
344.616,148.04074,2299.0261	328.52393,196.71262,2345.9004	299.3573,189.11754,2291.7139	287.80392,260.6211,2216.7844	328.52393,196.71262,2345.9004	356.37357,203.96475,2400.087	388.61624,246.23373,2359.9236	311.32297,245.10739,2403.5234	273.23715,287.3556,2419.7268	291.82794,390.5359,2397.8606	315.89978,294.98804,2502.5662	302.09106,496.99985,2322.5286	320.9726,395.5011,2495.7893	273.23715,287.3556,2419.7268	336.4507,496.80014,2425.7412	405.22495,246.63222,2098.0005	347.5652,276.17642,2047.5684	
343.14346,147.0061,2297.7522	327.70386,196.17084,2345.697	298.32568,189.08366,2292.1934	286.68124,261.31555,2220.3923	327.70386,196.17084,2345.697	355.77176,202.94193,2399.2007	382.77863,244.24216,2344.4558	311.35922,244.80057,2404.463	274.00833,287.58694,2422.336	291.89798,391.10205,2393.6816	316.869,294.51788,2504.1216	302.0684,497.49063,2322.8599	319.18625,395.30164,2492.967	274.00833,287.58694,2422.336	337.0229,495.68622,2431.467	398.1535,230.70093,2092.529	345.57303,275.87457,2044.9998	
341.66458,147.15027,2297.1028	326.54837,196.06976,2345.7822	296.87036,189.01158,2295.0647	286.72675,261.69327,2219.182	326.54837,196.06976,2345.7822	354.9702,202.82922,2396.4998	378.10974,244.10968,2331.7104	310.58047,244.76602,2405.3862	273.425,287.52188,2426.2178	290.5129,391.23328,2392.4038	316.66452,294.58167,2503.7627	301.00208,497.51913,2323.5083	317.36667,395.7563,2486.3977	273.425,287.52188,2426.2178	335.96793,496.0451,2428.5803	391.54532,216.05988,2096.1794	344.90698,275.13446,2037.4874	
340.03915,145.61435,2297.8	325.75705,194.79218,2345.6096	296.01013,188.0205,2294.6606	286.89905,261.73553,2220.1018	325.75705,194.79218,2345.6096	354.23917,201.27592,2396.5586	375.1344,243.7921,2325.3584	310.33597,243.74709,2404.5693	273.65192,286.99527,2424.588	291.5898,390.70117,2389.08	316.96945,293.6175,2502.4702	301.75754,497.09555,2321.2234	318.64197,394.82773,2485.5276	273.65192,286.99527,2424.588	336.474,495.2992,2427.7417	385.908,203.02081,2107.3547	344.37408,273.99573,2033.3445	
338.47827,145.62965,2297.6216	324.36804,194.79196,2345.0952	294.31662,188.14197,2296.9446	285.76074,261.06848,2225.0325	324.36804,194.79196,2345.0952	353.21024,201.17435,2393.2458	373.97287,242.39989,2318.6575	309.44513,243.83134,2405.0723	273.0729,287.12573,2428.235	291.28885,390.5749,2393.9749	316.77124,293.7442,2501.8635	300.06604,496.78,2327.4446	319.05936,394.82,2487.883	273.0729,287.12573,2428.235	335.395,495.62637,2427.7383	380.6538,191.46332,2123.972	341.4753,274.26044,2034.8889	
337.28006,144.73984,2297.046	323.46442,194.00334,2344.5017	293.25092,187.45563,2297.6465	285.08484,260.59058,2229.014	323.46442,194.00334,2344.5017	352.49396,200.29446,2391.357	372.68625,241.5762,2313.317	308.8898,243.15553,2404.782	272.76572,286.58395,2429.2478	291.32507,390.0393,2391.9502	316.65265,293.12854,2500.8767	300.86874,496.40506,2323.1472	319.38113,394.20682,2487.4893	272.76572,286.58395,2429.2478	335.07535,495.07123,2428.2058	376.28174,182.56854,2147.2117	338.7659,274.4371,2034.7825	
336.05106,144.85226,2294.2537	322.49905,194.09982,2343.0364	292.04156,187.55779,2298.8445	284.5671,260.38715,2227.4988	322.49905,194.09982,2343.0364	351.8289,200.39966,2387.2283	371.86273,240.79028,2307.6458	308.1829,243.25542,2404.6128	272.1861,286.56073,2432.402	291.90167,389.7862,2391.2847	316.37183,293.2602,2499.9763	299.84695,495.8341,2329.1936	319.84302,394.23782,2488.6938	272.1861,286.56073,2432.402	333.9735,495.28897,2429.4028	371.66858,175.60329,2171.597	337.2236,273.83566,2035.655	
335.0888,146.03448,2295.3354	321.34406,193.0314,2339.209	290.5307,186.99417,2297.7622	283.5503,260.5386,2227.7114	321.34406,193.0314,2339.209	351.0845,198.85843,2380.6558	370.7675,239.27156,2301.7961	308.02155,242.34012,2403.6523	272.83743,285.9696,2436.4048	294.12622,388.76645,2392.6428	317.38016,292.09943,2499.7866	300.27576,494.88556,2330.2788	320.95685,393.16553,2486.955	272.83743,285.9696,2436.4048	336.42953,494.00122,2428.5615	367.79468,170.54868,2190.3203	335.71182,273.5206,2035.1943	
333.90378,145.86765,2295.9268	321.18976,191.73492,2336.194	290.14667,185.23352,2299.2163	281.97327,260.4306,2233.3794	321.18976,191.73492,2336.194	351.26547,198.03374,2373.1719	368.72638,238.25412,2298.4104	307.64178,241.01117,2401.6047	272.12186,284.09897,2438.7336	291.55725,387.20462,2392.8943	316.9883,291.16876,2495.297	300.10272,493.43103,2325.017	321.474,392.43237,2481.409	272.12186,284.09897,2438.7336	333.02866,493.8792,2424.1023	365.8076,167.84866,2200.8518	332.19308,274.52408,2032.4976	
332.9845,145.18314,2289.8037	322.70746,190.9524,2332.2612	291.60092,183.54526,2299.5728	281.12238,260.23645,2238.8423	322.70746,190.9524,2332.2612	352.9541,198.15479,2364.9497	367.16638,237.85477,2293.7522	308.0361,239.5909,2402.4683	271.55453,281.11026,2447.6736	291.2254,383.75446,2400.8945	316.38788,289.73727,2497.677	299.84497,489.46902,2334.0098	322.58322,390.45715,2489.7488	271.55453,281.11026,2447.6736	331.49228,491.92554,2430.554	363.84756,166.93317,2198.394	330.38156,274.9949,2032.8822	
332.42676,145.67027,2286.1611	323.71066,189.79422,2332.454	292.84055,181.46127,2299.317	279.5725,261.25116,2244.4602	323.71066,189.79422,2332.454	353.71594,197.8937,2365.5913	365.32767,238.0475,2292.3755	307.5634,237.9199,2403.379	269.86786,278.2744,2448.9797	291.13754,380.55786,2398.3772	314.3604,288.19724,2499.6277	297.82248,486.5221,2330.4182	322.10858,389.11877,2484.0994	269.86786,278.2744,2448.9797	329.135,490.00037,2437.504	362.77155,166.68982,2191.1016	328.7604,275.53885,2034.5459	
331.6184,147.97853,2278.8188	324.0092,188.34383,2338.3193	293.352,179.64076,2304.1177	278.6202,261.72504,2251.2117	324.0092,188.34383,2338.3193	353.78247,196.79597,2372.521	363.85672,239.90106,2294.2039	307.41153,236.69032,2403.7358	269.25385,277.20996,2443.0183	293.27026,378.91528,2397.6885	313.66278,287.62988,2495.2864	297.6977,485.41574,2322.7842	323.9064,388.54468,2478.714	269.25385,277.20996,2443.0183	330.04047,489.78482,2431.6484	361.19473,169.61809,2181.0632	326.32053,276.6918,2034.8894	
330.40262,148.57066,2267.0251	321.86618,188.34535,2335.7896	290.6938,180.66757,2306.7788	277.6518,261.44504,2255.4885	321.86618,188.34535,2335.7896	352.27374,195.83475,2364.8003	362.8825,241.34428,2294.4717	307.39542,237.28502,2402.5981	270.96762,278.90253,2447.2075	296.51605,379.62946,2414.3262	316.0425,288.16745,2491.606	297.85382,485.68604,2336.0352	328.30164,388.9674,2476.031	270.96762,278.90253,2447.2075	332.27252,489.85944,2436.2336	360.1389,172.04373,2176.0618	324.3539,277.86444,2036.0796	
329.2982,148.73404,2261.2542	320.95343,188.45824,2334.1812	289.70065,180.61853,2306.738	277.30746,262.44012,2258.2502	320.95343,188.45824,2334.1812	351.47986,196.11575,2361.6243	361.16617,242.05327,2293.2334	306.39587,237.33551,2402.1504	269.9104,278.6959,2449.155	294.06503,379.74237,2415.5425	314.98602,288.26868,2491.0842	295.60867,486.105,2331.2922	324.53152,389.2651,2477.5032	269.9104,278.6959,2449.155	328.94324,490.06528,2438.2996	358.00403,172.22084,2179.4448	322.4267,279.07986,2034.7546	
328.2207,149.08415,2260.71	318.77155,192.86339,2326.0142	286.99802,186.16188,2305.4807	277.85376,264.0705,2254.8845	318.77155,192.86339,2326.0142	349.98898,199.44762,2346.5476	359.89795,242.52881,2290.0415	306.49518,241.4162,2404.0098	272.24844,282.74826,2466.3867	296.0342,383.1672,2423.7795	317.44794,291.0346,2497.624	300.1459,488.78192,2346.2654	328.3607,391.47943,2487.2847	272.24844,282.74826,2466.3867	332.28204,492.34314,2443.0674	354.97137,172.83928,2182.7478	321.3801,280.1228,2031.2169	
328.19232,149.5766,2259.0952	317.3021,194.72287,2321.8333	285.35342,188.15411,2303.76	278.19968,264.84982,2251.932	317.3021,194.72287,2321.8333	348.75723,201.19016,2339.9065	358.2622,243.3942,2286.8337	305.4935,242.80965,2406.102	271.72928,283.506,2476.6099	293.15134,384.66687,2412.8264	316.9888,291.73276,2504.1318	297.84497,490.6266,2338.5017	325.1555,392.59772,2485.2832	271.72928,283.506,2476.6099	329.1721,493.35913,2443.7097	350.8446,173.4249,2191.4797	320.3066,280.8531,2031.3291	
326.71893,150.69147,2252.2954	316.4774,194.9877,2322.2083	284.39954,188.95941,2304.8125	278.7813,266.40045,2259.4614	316.4774,194.9877,2322.2083	348.07825,200.92633,2339.604	356.42252,243.68616,2284.647	305.5572,243.1202,2408.2236	272.54147,284.15747,2480.967	293.74982,385.3808,2416.6536	317.99692,291.66843,2507.511	299.6437,491.81403,2329.803	327.58575,392.66528,2480.9346	272.54147,284.15747,2480.967	330.2503,493.73145,2438.3577	347.17584,173.45482,2199.0789	316.69092,282.41608,2032.5701	
325.69086,151.08228,2247.3835	316.3597,194.5637,2323.5173	284.22122,188.90714,2306.2974	279.53253,267.371,2267.7424	316.3597,194.5637,2323.5173	348.02536,200.13705,2340.7373	355.56085,243.6181,2279.698	306.02094,242.95258,2408.49	273.46,284.52243,2480.3125	293.4193,386.30786,2405.4087	319.0731,291.5275,2506.6128	300.38574,492.79346,2326.1138	328.18457,392.8363,2475.631	273.46,284.52243,2480.3125	330.14883,494.07483,2433.9597	343.07242,173.28708,2207.4905	314.5686,283.23508,2034.7476	
325.1443,150.43088,2245.4001	313.4307,199.55026,2320.8389	281.1937,194.01094,2308.751	280.33167,268.15732,2271.837	313.4307,199.55026,2320.8389	345.33362,205.03217,2332.9268	355.33377,243.59302,2276.3792	304.02292,246.69843,2416.4155	272.5125,286.68454,2502.7441	290.6179,387.98965,2423.975	317.98224,293.80682,2521.2402	298.66113,493.20752,2351.016	325.91122,394.32788,2496.9482	272.5125,286.68454,2502.7441	327.9235,495.44907,2445.523	339.50543,173.6221,2211.46	313.57404,283.44235,2034.9326	
323.70856,150.44177,2244.4482	313.00574,200.05208,2322.9033	280.75827,194.66977,2310.042	279.5943,268.30313,2269.4255	313.00574,200.05208,2322.9033	344.8981,205.37512,2335.7646	359.12213,260.8161,2294.8838	303.71185,247.40894,2416.8486	272.27832,287.78067,2500.964	290.8034,389.25427,2406.083	317.77048,294.63635,2520.6238	300.827,495.82947,2320.96	326.85153,395.83124,2478.1423	272.27832,287.78067,2500.964	329.00684,497.10632,2435.0168	341.8965,192.30865,2229.2139	313.02515,283.4253,2034.6472	
322.257,150.9006,2245.4512	312.1175,197.91461,2322.4543	279.8385,192.59946,2312.0251	279.29312,268.28488,2265.201	312.1175,197.91461,2322.4543	344.10788,203.18225,2332.8835	355.09924,251.73074,2285.712	303.31238,245.62192,2415.207	272.28293,286.33566,2499.9868	291.31976,387.74207,2408.0898	317.8892,293.24335,2515.9326	301.29446,494.4431,2318.919	327.12195,394.55756,2475.7449	272.28293,286.33566,2499.9868	329.47787,496.19604,2429.1702	335.63586,183.0195,2225.9036	312.70724,283.36594,2029.6963	
321.2609,151.56421,2243.4648	312.2763,195.96455,2322.7837	280.05527,190.29123,2312.6672	278.84494,268.051,2260.603	312.2763,195.96455,2322.7837	344.2179,201.58867,2332.9001	352.75266,247.5074,2281.0188	302.99326,243.90361,2413.3892	271.50806,284.64188,2496.2615	290.14798,386.2433,2406.7405	317.11514,292.0819,2511.7278	300.50153,492.85794,2318.8445	326.49045,393.4391,2474.5464	271.50806,284.64188,2496.2615	328.36414,494.70276,2433.1663	332.57928,178.6081,2223.2996	312.8087,282.4971,2025.3306	
320.83597,151.10698,2236.4854	312.2022,195.52113,2322.7048	279.90833,190.2715,2312.0688	279.34985,268.2157,2256.3162	312.2022,195.52113,2322.7048	344.2017,200.72292,2333.3408	351.66553,245.27625,2278.62	303.4591,243.67967,2412.545	272.4043,284.9629,2494.2542	292.17477,386.42975,2406.9944	318.13467,291.77548,2510.5159	302.1318,492.9513,2321.8196	328.26584,392.8562,2479.1511	272.4043,284.9629,2494.2542	330.0745,493.87598,2438.4377	330.4413,176.4667,2223.5276	312.712,281.99167,2018.3787	
319.80655,151.88214,2241.4854	311.27142,196.65318,2323.887	279.05093,191.02501,2312.705	277.915,268.7011,2252.6511	311.27142,196.65318,2323.887	343.1833,202.22745,2335.0688	350.63483,244.50519,2277.631	301.92108,244.96297,2410.585	270.26895,286.24057,2488.7349	290.03024,388.0016,2400.796	316.01447,293.57117,2505.831	297.85403,494.8589,2318.9443	324.70416,394.77448,2479.2158	270.26895,286.24057,2488.7349	327.1136,496.5013,2429.5723	328.70615,175.78722,2225.0789	312.80127,281.81625,2013.901	
319.16983,152.35971,2242.9626	310.0034,197.68901,2322.6042	277.66666,192.73232,2313.7842	277.04196,269.1797,2262.79	310.0034,197.68901,2322.6042	342.09546,202.60818,2331.4243	349.66553,244.1924,2278.003	301.9955,245.91438,2412.0898	271.58603,287.42575,2494.8308	293.7708,388.3711,2409.3643	317.4115,293.9358,2508.32	301.37717,494.51953,2333.4297	328.46295,394.81946,2481.2273	271.58603,287.42575,2494.8308	330.57626,495.91095,2438.6648	327.22485,175.608,2226.5125	310.303,281.70248,2017.0818	
318.7368,152.77557,2243.2249	309.58728,198.60495,2322.6387	277.27353,193.44371,2313.6555	276.56357,269.56766,2265.3958	309.58728,198.60495,2322.6387	341.65204,203.72644,2331.6218	349.11157,244.09523,2278.3662	301.2707,246.76678,2411.983	270.59595,288.08478,2494.461	290.79233,389.5403,2406.7554	316.3748,294.8727,2508.1934	299.70618,496.00696,2326.1152	325.22476,396.13086,2478.0376	270.59595,288.08478,2494.461	329.4257,497.31924,2435.2793	325.95908,175.82094,2224.3357	308.83252,281.4792,2020.1821	
318.44012,153.09299,2242.8591	307.8635,200.1033,2322.6113	275.51904,195.09058,2313.969	276.68137,270.02948,2265.7085	307.8635,200.1033,2322.6113	339.96817,205.07886,2331.2537	348.48782,244.19412,2279.4358	299.84622,248.4851,2409.9395	269.3785,290.17093,2490.6614	289.66412,391.86813,2402.1494	315.27936,296.77786,2503.8738	300.99414,498.5182,2318.5754	325.91678,398.20306,2470.8616	269.3785,290.17093,2490.6614	328.76648,499.5613,2430.7551	325.45905,175.99588,2222.1245	306.81915,282.5592,2020.2728	
317.97977,152.16913,2237.6729	307.6965,201.89519,2321.6082	275.28912,197.18866,2311.8237	276.00204,270.61887,2267.343	307.6965,201.89519,2321.6082	339.83185,206.56221,2331.3926	347.90842,244.12927,2277.8572	299.9889,249.85036,2412.7046	269.8534,291.26074,2496.3208	291.56476,392.4033,2409.782	315.69394,297.35306,2511.2812	302.62643,498.59766,2329.2263	327.70264,398.14825,2482.1328	269.8534,291.26074,2496.3208	329.82175,499.07202,2441.9807	325.22433,175.67595,2223.3215	305.87408,283.29535,2022.8818	
318.05783,150.71396,2226.5786	308.35938,205.19449,2320.364	275.904,200.7328,2310.6577	275.29398,270.7834,2268.648	308.35938,205.19449,2320.364	340.5444,209.619,2330.0703	347.06387,246.55515,2280.2607	301.0376,251.81424,2421.3403	271.46518,291.83167,2514.8967	292.77368,392.31638,2426.7385	317.00494,297.5541,2529.7366	304.27075,498.25003,2335.9636	328.6764,397.98276,2493.1775	271.46518,291.83167,2514.8967	330.51904,498.35403,2454.3337	326.28888,177.69798,2223.5327	305.49127,283.66086,2028.8586	
317.48022,153.24881,2223.5396	308.68378,205.17548,2319.302	276.17752,201.00679,2308.0562	273.29736,271.37402,2269.3328	308.68378,205.17548,2319.302	340.87628,209.30392,2330.5479	346.50574,247.84872,2279.6829	301.49863,252.04736,2419.0376	271.98428,292.5852,2510.1753	291.61224,393.7022,2406.7327	317.62497,297.81152,2527.371	303.845,500.8763,2309.4553	328.16315,399.1267,2471.9458	271.98428,292.5852,2510.1753	329.81168,500.20703,2435.3416	326.54056,178.6885,2225.006	306.3426,284.54126,2031.4534	
317.49982,152.2374,2213.0132	308.94962,205.79346,2316.4585	276.4223,201.49765,2306.906	271.92822,271.1695,2269.679	308.94962,205.79346,2316.4585	341.20975,210.05396,2326.011	346.21802,248.43602,2279.071	301.88666,251.80588,2422.81	272.63132,291.19977,2521.859	291.87936,391.84882,2424.9297	318.07285,296.6817,2536.4644	303.1372,498.56952,2320.4878	327.70303,397.61456,2484.6965	272.63132,291.19977,2521.859	330.029,498.5841,2442.5957	325.74686,179.44261,2223.1753	307.2557,285.12912,2034.4702	
316.7632,152.59572,2214.7566	308.7635,205.33276,2315.6885	276.20007,201.20215,2305.6062	270.97766,271.3124,2269.844	308.7635,205.33276,2315.6885	341.04456,209.42758,2325.7708	346.09583,248.68768,2278.8171	301.83975,251.5293,2421.3403	272.67322,291.244,2519.2852	290.57687,392.31073,2414.9302	318.17792,296.4659,2534.6992	302.5377,499.67728,2304.9587	327.15356,397.85016,2473.5073	272.67322,291.244,2519.2852	329.4561,499.0557,2434.2578	325.54498,179.73769,2221.879	307.17648,286.70877,2035.2043	
316.70786,154.67493,2218.1272	308.54532,205.33546,2316.3752	275.98795,201.2101,2305.674	270.78012,271.2434,2270.9263	308.54532,205.33546,2316.3752	340.80328,209.42288,2327.0764	346.0699,248.69928,2278.6902	301.52133,251.86783,2419.4253	272.2041,291.99673,2514.2947	290.01062,393.3509,2411.7534	317.79053,297.18295,2530.656	301.68027,500.73117,2306.8372	327.30725,398.4973,2476.1335	272.2041,291.99673,2514.2947	328.70132,500.28793,2428.5217	325.378,179.80698,2220.9924	306.39056,288.1695,2035.9698	
316.3404,155.64972,2218.3018	308.05994,204.97153,2317.2952	275.5081,200.8815,2306.0215	270.4389,271.0754,2271.9683	308.05994,204.97153,2317.2952	340.29657,209.02196,2328.5688	346.3502,246.36671,2277.812	301.00543,251.87683,2417.4941	271.5951,292.4844,2509.0747	290.10272,393.95084,2406.2988	317.27344,297.5954,2526.3115	301.91922,501.22357,2308.8174	327.13608,399.08044,2471.9258	271.5951,292.4844,2509.0747	328.5458,500.41895,2432.0398	324.76248,177.73251,2218.228	307.26678,286.87018,2039.7849	
315.87036,152.52582,2217.3906	308.54105,205.24194,2315.8086	275.98016,201.07983,2303.7249	270.20938,270.64252,2269.98	308.54105,205.24194,2315.8086	340.76392,209.36087,2327.8923	346.92828,245.13243,2276.569	301.2395,251.5619,2420.1533	271.6914,291.46472,2515.2603	290.07394,392.6476,2414.322	317.225,296.622,2533.7358	303.55576,499.07114,2320.3901	327.54437,397.5755,2483.8662	271.6914,291.46472,2515.2603	328.96176,498.67206,2440.766	324.0642,176.78152,2219.8342	307.72482,286.19672,2039.3691	
315.50793,150.3058,2218.4346	307.44196,204.5485,2314.242	274.88068,200.18018,2303.7048	270.93335,270.3355,2266.4949	307.44196,204.5485,2314.242	339.70807,208.87721,2324.779	347.29343,244.50468,2275.8162	300.17355,250.76518,2419.8274	270.68695,290.34448,2517.357	288.53723,391.491,2411.9822	316.19376,295.87253,2533.4688	302.5229,498.19418,2312.1426	326.34506,397.16827,2473.2039	270.68695,290.34448,2517.357	328.01233,498.0439,2437.7944	323.20544,176.46725,2222.3833	307.77585,285.85892,2037.3839	
315.1181,150.19852,2223.952	308.26004,204.24323,2315.0352	275.70197,200.02718,2302.0347	270.649,269.93518,2264.2395	308.26004,204.24323,2315.0352	340.4545,208.41219,2328.0356	347.50455,244.27892,2275.8403	300.7451,250.51813,2419.9587	271.01175,290.34702,2514.9424	290.22748,391.30225,2406.3613	316.51846,295.5267,2534.8223	303.41833,498.21954,2310.0708	327.83112,396.68298,2473.3281	271.01175,290.34702,2514.9424	329.35855,497.5481,2438.0815	323.32382,176.29395,2221.0479	307.69183,285.55807,2034.9437	
314.89413,151.13737,2222.2175	306.68762,204.40758,2315.4954	274.1694,199.88602,2304.9988	272.07782,270.0278,2259.6125	306.68762,204.40758,2315.4954	338.91238,208.88834,2325.992	347.58347,244.22746,2275.5012	299.2259,250.9856,2418.0615	269.51758,290.88705,2512.6023	288.57602,392.0005,2405.359	315.0802,296.64066,2528.653	300.81927,498.9351,2312.5688	325.78253,398.1911,2466.0073	269.51758,290.88705,2512.6023	327.87494,499.31,2431.526	323.1498,176.41759,2217.2898	308.85815,284.051,2027.7332	
314.37628,151.3756,2226.855	306.01456,204.33101,2316.1384	273.49152,199.85214,2305.919	273.67294,269.96396,2256.3118	306.01456,204.33101,2316.1384	338.25186,208.77051,2326.358	347.74335,244.19757,2274.4487	298.6658,251.35068,2415.3755	268.98633,291.79156,2506.8015	290.32925,392.6556,2401.4363	314.6659,297.509,2522.4236	301.6148,500.0859,2305.8489	326.2394,399.03748,2465.9119	268.98633,291.79156,2506.8015	329.6216,500.26337,2429.9392	322.50507,176.61609,2217.5334	310.36658,282.4605,2023.3209	
314.621,149.0245,2222.1711	306.29425,201.64323,2312.9495	273.75436,196.96663,2303.7385	275.7703,269.91916,2255.6624	306.29425,201.64323,2312.9495	338.576,206.28275,2322.1604	347.91583,244.1463,2273.8965	298.83087,248.80325,2412.3604	269.03906,289.19678,2504.73	290.78314,389.95947,2401.251	314.74933,295.2468,2518.8125	302.6202,496.9452,2310.8103	327.1553,396.591,2467.5864	269.03906,289.19678,2504.73	329.42493,497.65216,2432.658	322.12836,176.72769,2217.9617	311.17172,281.7415,2017.2246	
314.84155,151.39053,2226.3354	306.64145,200.35736,2314.3193	274.09268,195.87787,2304.9382	277.5396,269.54742,2252.8462	306.64145,200.35736,2314.3193	338.9274,204.80066,2323.7004	347.96533,244.0956,2274.6536	299.39218,248.0995,2409.5215	269.69116,289.31592,2497.5522	290.10275,390.6936,2400.366	315.56543,295.09232,2511.895	303.37714,497.63803,2308.2727	328.0993,396.57092,2464.555	269.69116,289.31592,2497.5522	330.37827,497.8909,2428.1514	321.95526,176.76808,2219.3857	311.7946,281.4683,2013.3002	
314.52936,150.74799,2221.4097	305.846,200.05836,2312.9043	273.23154,195.92485,2303.8596	276.6929,269.7908,2247.9343	305.846,200.05836,2312.9043	338.20636,204.15968,2321.949	347.9907,244.10785,2274.3853	299.16324,248.07034,2406.9712	269.9161,289.80798,2494.1235	290.63742,391.28104,2400.857	315.92307,295.11884,2507.9526	301.7596,498.155,2314.683	327.8041,396.48682,2469.0623	269.9161,289.80798,2494.1235	329.61673,497.3296,2436.0977	321.86334,176.87036,2217.2332	312.14368,281.39102,2012.0226	
314.43173,149.56534,2218.495	307.50513,201.8224,2311.3457	274.78247,198.67972,2300.6677	276.05133,270.3708,2248.4502	307.50513,201.8224,2311.3457	339.92682,204.93619,2322.0237	347.8129,244.27316,2274.9924	301.91315,249.14731,2411.6455	273.73465,290.7806,2503.778	293.75247,391.99902,2416.5251	319.65158,294.59286,2520.1125	306.49237,498.4314,2321.8435	331.23914,395.4217,2483.1335	273.73465,290.7806,2503.778	332.86078,495.3102,2454.349	321.45996,177.2732,2214.0803	312.5131,281.65002,2009.5264	
314.28754,149.82648,2218.4797	307.22086,203.88953,2309.1924	274.44266,200.97339,2299.9705	275.72336,270.5723,2247.2126	307.22086,203.88953,2309.1924	339.73828,206.78247,2318.4143	347.63885,244.37367,2274.5938	302.1824,250.85207,2412.5278	274.56357,292.16653,2508.8147	290.9098,393.96082,2408.3354	320.42365,295.737,2522.9119	303.76477,500.527,2319.4062	328.34396,397.1151,2476.9438	274.56357,292.16653,2508.8147	329.85587,497.97397,2439.9773	320.676,177.73566,2210.2776	312.7458,282.622,2009.1526	
314.41534,150.8386,2210.9783	307.64215,205.50594,2307.6094	274.8242,202.78671,2298.9822	272.32108,270.86557,2251.0955	307.64215,205.50594,2307.6094	340.21567,208.2049,2316.2366	347.19138,246.26767,2273.8745	302.9582,251.85718,2415.3896	275.73523,292.58234,2516.5757	291.43472,394.25092,2411.599	321.49393,295.90604,2529.7642	304.4416,500.81793,2320.1443	328.73422,397.30725,2478.1677	275.73523,292.58234,2516.5757	330.27448,497.76312,2445.41	321.118,179.19852,2212.2312	310.73724,284.4071,2019.1388	
314.41678,152.34253,2201.2266	308.31192,206.92142,2306.332	275.47638,204.18762,2297.7698	271.32803,271.47946,2256.0437	308.31192,206.92142,2306.332	340.90454,209.63501,2314.8943	346.2845,247.73422,2276.3708	303.5884,252.81502,2417.0576	276.38052,293.01138,2521.2383	290.7583,394.7344,2408.4097	322.0587,296.35605,2534.3281	304.1894,501.38403,2317.524	328.2021,397.85687,2477.2937	276.38052,293.01138,2521.2383	329.64633,498.89087,2438.2776	321.0088,180.60269,2211.1804	308.93607,286.7428,2022.8333	
315.1104,153.794,2201.8477	308.59268,208.92749,2305.28	275.75378,206.07558,2297.1375	272.54547,272.3455,2255.02	308.59268,208.92749,2305.28	341.20038,211.75935,2313.4226	345.68274,248.55888,2277.7915	303.76794,254.51465,2417.5693	276.4982,294.2854,2523.634	290.31668,396.07532,2408.0525	322.1326,297.81586,2536.0833	303.4304,502.89453,2316.2507	327.3877,399.42413,2476.659	276.4982,294.2854,2523.634	329.35995,500.76965,2434.5115	319.96478,182.02318,2204.9966	310.411,287.86304,2023.3087	
314.6289,154.31447,2196.1663	308.478,209.93645,2303.554	275.5845,207.43782,2294.1453	273.36627,273.43286,2252.9888	308.478,209.93645,2303.554	341.10388,212.41473,2312.9626	345.3171,249.31065,2281.8967	303.89612,254.66963,2421.2803	276.9267,293.76596,2531.8132	290.4598,395.2273,2413.3079	322.42267,296.73468,2546.2	304.11334,501.7928,2319.6335	327.79483,398.01843,2483.1558	276.9267,293.76596,2531.8132	329.65002,498.6192,2446.4036	319.81494,183.42798,2199.0623	310.9416,289.63303,2025.6416	
314.9937,153.22964,2188.324	308.57733,211.8903,2305.4272	275.70514,209.44508,2295.7146	273.5243,273.88983,2257.9888	308.57733,211.8903,2305.4272	341.17368,214.315,2315.14	345.1422,249.68436,2283.9324	304.0061,254.54117,2433.969	277.29065,291.4691,2555.0862	289.2135,392.01807,2431.0427	322.36572,294.34875,2569.9353	304.23123,497.49863,2335.43	327.40656,394.8377,2498.359	277.29065,291.4691,2555.0862	329.38483,494.8716,2460.4297	319.7578,184.17807,2195.3796	309.6782,291.39038,2027.6913	
316.56082,151.93103,2189.392	310.06558,206.11378,2300.895	277.14603,203.53635,2289.2307	273.7949,274.60342,2262.9768	310.06558,206.11378,2300.895	342.65308,208.66522,2312.5593	352.15482,267.04825,2311.8853	304.87238,250.16469,2423.3755	277.42432,288.4931,2536.9346	288.68478,389.2879,2395.7593	322.77444,291.45062,2554.7773	304.09842,496.04895,2303.936	327.8924,392.8053,2466.4736	277.42432,288.4931,2536.9346	329.62952,494.57953,2422.9248	327.1472,203.38654,2219.9812	308.91275,292.07156,2031.2458	
315.65073,159.94382,2202.9226	308.31305,206.57974,2306.0178	275.5017,203.50676,2295.6987	272.083,274.43732,2264.3953	308.31305,206.57974,2306.0178	340.83203,209.62535,2316.337	348.6812,258.2208,2295.5215	302.83017,252.68167,2413.2407	274.96048,292.99985,2512.6086	287.13803,393.92096,2393.7053	320.52512,296.71088,2528.3186	301.02063,501.33264,2299.2708	325.60126,396.82288,2458.5808	274.96048,292.99985,2512.6086	327.4835,498.74152,2418.1746	322.36676,193.86212,2207.0747	309.74005,291.67603,2032.6816	
316.28232,156.92029,2196.7354	308.38766,206.2383,2301.5896	275.58606,202.46547,2291.4487	271.7598,273.23746,2264.2615	308.38766,206.2383,2301.5896	340.90146,209.97801,2311.7305	346.55405,254.0072,2287.7036	301.9896,251.73346,2413.39	273.34012,290.84723,2517.453	289.02777,391.55728,2414.6277	318.8366,295.53867,2532.9275	301.65015,498.0333,2321.1013	325.06012,395.698,2483.0117	273.34012,290.84723,2517.453	328.67392,496.30804,2445.1418	321.54678,188.6735,2198.8633	310.23364,290.69666,2032.2932	
316.33337,156.56146,2200.1475	308.3018,205.84341,2301.691	275.6261,201.20648,2293.4958	270.2918,271.8725,2263.6206	308.3018,205.84341,2301.691	340.7456,210.44742,2309.886	346.3216,251.53723,2280.325	301.04,251.93538,2408.9272	271.55093,291.0816,2509.9026	288.0676,392.39276,2400.8694	317.1301,297.1006,2522.4246	300.97693,499.16833,2313.325	325.43222,398.373,2465.2034	271.55093,291.0816,2509.9026	328.0073,499.73682,2428.0818	321.4992,185.18463,2201.7002	309.4106,288.4055,2034.1353	
316.04187,155.79443,2201.8257	307.93616,205.7803,2301.7556	275.2738,200.95657,2293.1472	270.1679,270.72028,2261.3125	307.93616,205.7803,2301.7556	340.3551,210.56808,2310.364	346.43967,250.27213,2278.7224	300.3449,252.04329,2407.7124	270.5327,291.268,2507.0928	289.04132,392.50903,2404.9802	316.1352,297.52783,2520.2456	301.64072,499.3897,2313.1128	326.47372,398.7032,2470.8452	270.5327,291.268,2507.0928	328.56485,499.99963,2432.0283	321.68304,183.67766,2201.5686	308.5619,287.03537,2031.5068	
315.88184,153.2138,2196.1455	307.37155,206.01102,2301.2708	274.69058,201.20082,2292.2893	270.85364,270.10464,2253.6458	307.37155,206.01102,2301.2708	339.79843,210.78381,2310.2522	347.27747,247.38187,2275.7415	299.7771,252.03468,2409.0244	269.98383,291.00113,2509.9143	289.40262,392.03625,2408.4155	315.55777,297.21677,2523.6418	302.20184,498.60553,2318.6033	326.97287,398.2847,2474.5144	269.98383,291.00113,2509.9143	328.31863,498.74557,2443.4885	320.6573,181.03523,2205.3376	310.2798,284.9402,2025.6263	
315.79034,151.73688,2199.8215	307.52548,205.41295,2300.4517	274.80423,200.77496,2290.9465	271.61508,269.90265,2251.3298	307.52548,205.41295,2300.4517	339.97748,210.01276,2309.9568	347.72308,245.93916,2274.5876	300.05984,251.66045,2407.2114	270.32892,290.99677,2506.706	290.20016,392.14148,2401.452	315.99564,296.94604,2521.2363	303.1051,499.1054,2310.374	327.59302,398.18732,2471.873	270.32892,290.99677,2506.706	329.83093,499.61835,2430.3733	320.3425,179.80374,2204.1194	311.37277,284.03088,2021.1844	
315.80786,150.49472,2195.168	308.34418,202.9223,2298.4202	275.5391,198.71992,2287.5994	271.22943,269.80054,2250.1775	308.34418,202.9223,2298.4202	340.84183,207.08531,2309.241	347.74118,245.44225,2274.218	301.2224,249.44394,2404.8198	271.7369,289.38147,2502.9468	291.49124,390.69193,2401.5483	317.5206,294.6479,2519.4922	304.54572,497.64368,2309.3438	328.7232,395.98883,2470.6636	271.7369,289.38147,2502.9468	330.8496,497.23077,2431.8865	320.2299,179.46849,2200.58	311.8802,283.72867,2020.6624	
316.21088,150.10458,2193.3396	308.71365,201.77344,2295.4102	275.85605,197.62573,2284.928	270.49545,269.63495,2248.6118	308.71365,201.77344,2295.4102	341.27252,205.88345,2305.8923	347.94116,245.02481,2273.5024	301.7136,248.46776,2401.567	272.30548,288.5974,2499.7112	290.49396,390.345,2401.9158	318.16043,293.8035,2515.736	302.81122,497.20242,2312.5535	328.02783,395.43774,2466.959	272.30548,288.5974,2499.7112	329.7769,496.1153,2436.448	320.31985,178.93773,2202.2908	312.36084,283.52454,2021.9203	
316.70758,149.96436,2191.9204	309.4658,200.53229,2293.0588	276.53555,196.75241,2281.6914	270.57135,270.03058,2250.3054	309.4658,200.53229,2293.0588	342.0711,204.27486,2304.4263	347.03705,247.19621,2273.6436	302.79382,247.24527,2400.2283	273.65915,287.63742,2498.7075	291.81918,389.39346,2405.9492	319.56616,292.27673,2516.088	303.8814,496.07013,2316.561	327.92664,393.9173,2469.776	273.65915,287.63742,2498.7075	330.9906,494.2361,2441.5293	323.3733,179.88844,2199.0942	312.86594,283.37732,2023.0884	
317.00632,150.33208,2191.1985	310.11035,200.56978,2292.6853	277.19626,196.641,2280.1423	270.6032,270.23785,2250.6487	310.11035,200.56978,2292.6853	342.6663,204.45581,2305.2283	346.45956,248.46835,2275.6555	303.0044,247.57881,2397.269	273.42035,288.2565,2492.2642	290.22305,390.5937,2397.7708	319.38855,293.04047,2511.4414	302.1132,497.2961,2315.3806	326.87097,394.9843,2464.6946	273.42035,288.2565,2492.2642	329.10638,495.50848,2436.9822	325.68246,180.81194,2191.8645	314.14246,284.10208,2025.58	
317.82413,150.62512,2191.9114	310.0895,199.95125,2291.0444	277.18713,195.69992,2279.3274	270.9602,270.794,2254.8328	310.0895,199.95125,2291.0444	342.65704,204.15932,2302.7615	346.20865,249.0424,2276.6555	302.68118,247.03299,2395.186	272.8174,287.54108,2490.37	289.75986,389.8338,2403.6128	318.79825,292.8223,2508.2852	301.82108,496.38306,2318.4067	326.1255,394.55502,2470.0117	272.8174,287.54108,2490.37	328.69147,495.38608,2436.0916	326.32126,181.34363,2188.6667	314.96167,284.7375,2029.0586	
317.20023,151.22122,2191.191	312.113,200.24556,2289.8523	279.3733,194.91835,2277.1677	271.98126,271.61298,2254.4668	312.113,200.24556,2289.8523	344.49203,205.51407,2302.5369	346.10907,248.77477,2272.4758	302.97546,246.80319,2395.3535	271.65073,286.05548,2491.153	288.88806,388.19687,2405.805	317.38953,292.78375,2510.5564	301.48602,494.5043,2320.7385	325.73648,394.29346,2473.598	271.65073,286.05548,2491.153	327.62463,494.63776,2443.7566	325.5942,180.93826,2186.6296	313.85394,287.61783,2023.8552	
317.45422,151.70413,2191.8403	311.10876,201.27173,2289.6414	278.41794,195.5638,2276.285	273.10657,272.42587,2253.2297	311.10876,201.27173,2289.6414	343.42038,206.91345,2302.9978	345.98438,248.72516,2270.1072	301.36066,247.93799,2393.127	269.4697,287.10895,2486.404	288.0337,389.11682,2408.19	315.18478,294.33267,2506.821	299.85864,495.89758,2314.403	325.2323,395.99146,2466.6216	269.4697,287.10895,2486.404	326.9012,496.4076,2439.539	325.3105,180.809,2184.557	313.43277,289.36856,2020.5364	
317.5274,153.02602,2190.6565	309.46585,201.45062,2290.7417	276.78204,195.69342,2278.7192	273.34735,272.74527,2249.6145	309.46585,201.45062,2290.7417	341.80838,207.14772,2302.7642	345.9639,249.00793,2272.1245	299.92038,248.48491,2391.5674	268.15393,288.00955,2483.2036	289.47998,389.58435,2402.8755	313.97147,295.3908,2501.583	299.5486,496.33847,2317.8762	326.349,396.85834,2464.7983	268.15393,288.00955,2483.2036	327.7854,497.51962,2436.021	325.3835,181.40092,2182.4094	313.34714,290.30188,2018.5408	
317.95645,153.21875,2190.5479	308.3664,201.96637,2290.1384	275.638,196.37491,2279.1697	273.22424,272.77533,2248.303	308.3664,201.96637,2290.1384	340.78278,207.50452,2301.1072	345.99884,249.1013,2272.8896	299.2724,248.95923,2391.9033	267.91846,288.501,2485.2834	290.24332,389.70557,2410.0432	313.7687,295.70795,2502.053	301.39078,496.23044,2321.463	328.06094,396.52222,2473.2466	267.91846,288.501,2485.2834	328.41705,497.5257,2436.3276	325.00043,181.68073,2182.694	313.15378,290.8624,2019.7207	
318.38443,152.2626,2184.025	307.84567,203.14952,2289.266	275.0634,197.7938,2278.6653	272.93848,272.76828,2249.1377	307.84567,203.14952,2289.266	340.32574,208.45586,2299.867	346.0721,249.01366,2271.2737	299.20908,249.45764,2396.2124	268.37012,288.3577,2495.055	290.60568,389.21252,2417.0232	314.10275,295.2376,2511.2625	302.33237,495.2417,2330.2522	327.96558,395.90775,2479.119	268.37012,288.3577,2495.055	329.23978,495.8028,2451.8145	325.3447,181.39943,2181.7224	312.99182,291.0967,2020.7253	
318.8154,153.29385,2186.7488	307.5814,204.0438,2290.0154	274.77545,198.91177,2279.9846	272.0258,271.9966,2249.568	307.5814,204.0438,2290.0154	340.10123,209.13104,2300.0461	345.61057,249.1416,2271.7715	299.35913,250.31757,2397.4683	268.897,289.31146,2497.2532	290.6521,390.32098,2405.9934	314.6475,295.91107,2512.589	302.67282,496.43604,2326.425	328.17108,396.89578,2473.4648	268.897,289.31146,2497.2532	329.51575,497.6033,2439.807	325.76047,181.3442,2181.1155	313.29434,290.40637,2023.3076	
319.20667,152.75595,2188.6194	307.21927,204.60236,2289.7922	274.3928,199.5846,2280.3298	271.302,271.48816,2249.2964	307.21927,204.60236,2289.7922	339.77557,209.57881,2299.2546	345.95624,249.23483,2274.6072	299.25983,250.95891,2396.912	269.0184,290.10312,2496.7983	290.38022,391.3078,2401.753	314.8121,296.57678,2511.2656	301.99677,497.9079,2318.9802	327.8142,397.76465,2470.8667	269.0184,290.10312,2496.7983	329.1417,498.49182,2438.54	325.8841,181.75513,2181.7976	313.98297,289.30646,2025.0105	
318.65073,152.78123,2192.5586	307.62643,204.21278,2290.8823	274.7865,199.3952,2280.9067	270.66174,270.91705,2253.6626	307.62643,204.21278,2290.8823	340.18158,208.98859,2300.858	346.05835,249.29364,2274.5266	299.80475,251.0833,2394.4924	269.59305,290.96796,2490.4763	290.9492,392.49396,2398.012	315.53043,297.1449,2505.7288	302.85922,499.82462,2305.31	328.39178,398.5958,2465.4573	269.59305,290.96796,2490.4763	329.76538,499.49902,2433.8877	325.87924,181.6317,2184.9517	314.936,287.22964,2029.1116	
318.28967,152.82944,2191.957	308.08075,204.12254,2291.1807	275.24298,199.32875,2281.2563	270.14227,270.29602,2253.2803	308.08075,204.12254,2291.1807	340.63528,208.875,2301.1055	346.1175,249.28448,2274.2856	300.2828,250.9719,2395.0422	270.101,290.84467,2491.317	291.03592,392.3979,2403.0823	316.02563,296.9904,2506.4907	302.6967,499.21738,2315.933	328.12115,398.2496,2471.7957	270.101,290.84467,2491.317	329.49518,498.85318,2440.6492	326.58252,181.33018,2186.0505	315.38193,286.0911,2029.2424	
317.9205,155.68063,2191.2212	308.0781,203.01431,2294.2861	275.25037,198.47261,2284.028	268.0094,270.28864,2248.6636	308.0781,203.01431,2294.2861	340.6136,207.51556,2304.5442	346.09534,249.44421,2273.8967	300.5448,250.72217,2391.7073	270.45392,291.78928,2481.2861	290.55865,394.0124,2393.2979	316.6031,297.58365,2496.9707	303.0413,501.67142,2298.42	328.2789,399.3431,2461.461	270.45392,291.78928,2481.2861	329.8963,500.2507,2431.825	326.81815,181.32896,2186.828	315.63873,285.39236,2027.9668	
317.94098,155.56935,2196.364	308.75507,200.84859,2293.3193	275.85522,196.8075,2282.5396	268.9706,269.9599,2251.3481	308.75507,200.84859,2293.3193	341.3471,204.85187,2304.099	346.16458,249.43034,2273.449	301.82956,248.83154,2390.3696	272.24124,290.53223,2479.178	292.13205,392.75854,2398.5662	318.4944,295.59152,2495.6619	305.03513,499.70325,2310.3503	329.55103,397.0498,2468.2986	272.24124,290.53223,2479.178	331.07092,497.00464,2445.625	326.85648,181.09319,2190.0498	315.70016,285.09933,2025.536	
317.76917,155.16101,2196.9321	309.09552,200.53276,2292.8481	276.13986,196.97087,2281.1978	268.7039,269.78207,2253.6792	309.09552,200.53276,2292.8481	341.71796,204.05864,2304.498	346.14005,249.42134,2273.7666	302.69778,248.49995,2390.92	273.58517,290.5133,2480.085	291.46906,393.06995,2401.583	319.8576,294.84546,2497.8984	304.39532,499.94467,2312.4941	328.96017,396.30038,2472.386	273.58517,290.5133,2480.085	330.1674,496.12717,2449.3357	326.89594,181.16573,2188.7664	315.81433,285.1044,2025.1932	
318.03073,154.3118,2193.6978	309.40964,200.19254,2290.939	276.41312,196.74335,2280.2717	269.36032,269.6837,2255.8354	309.40964,200.19254,2290.939	342.1003,203.60977,2301.6062	346.2178,249.41287,2273.8835	303.31238,248.12808,2390.0737	274.48022,290.12476,2481.0542	290.9542,392.92255,2401.1375	320.76974,294.35236,2497.3628	304.23764,499.54135,2315.8813	328.5257,395.94977,2471.7427	274.48022,290.12476,2481.0542	330.0831,496.52136,2440.3994	326.87006,181.23653,2188.104	314.46347,286.15912,2023.585	
318.30383,153.43188,2191.5786	309.70483,200.44414,2289.5896	276.69946,196.88509,2278.3232	269.00735,269.5315,2254.9065	309.70483,200.44414,2289.5896	342.38696,203.96832,2300.856	346.14594,249.4149,2274.2146	303.3429,248.20564,2389.938	274.28815,289.9384,2481.6738	289.75726,392.8697,2402.6262	320.53925,294.28253,2498.899	302.69742,499.67288,2313.7056	327.37994,395.8113,2474.848	274.28815,289.9384,2481.6738	328.77466,496.49988,2440.7937	326.94083,181.35637,2186.046	314.06073,286.6233,2023.4744	
318.71515,152.99005,2191.0288	309.5513,203.57343,2289.2815	276.5315,200.12286,2277.373	269.31445,269.72214,2253.4434	309.5513,203.57343,2289.2815	342.22934,206.98827,2301.19	346.08875,249.01178,2269.2832	303.21393,250.61914,2393.9258	274.2712,291.64075,2489.4666	289.82452,394.29956,2409.3667	320.37564,295.79245,2507.6736	303.1461,500.899,2318.5437	327.43796,397.0691,2481.5906	274.2712,291.64075,2489.4666	328.75095,497.4556,2448.118	326.68384,180.63388,2184.3367	314.6342,287.1623,2021.2266	
319.29807,153.00296,2191.2502	309.44412,204.45996,2289.2864	276.4336,200.90338,2278.0718	270.50677,270.5805,2253.2212	309.44412,204.45996,2289.2864	342.13278,207.98184,2300.501	345.95956,249.01195,2269.768	303.07758,251.20872,2395.778	274.15744,291.80237,2493.6965	289.94708,394.33704,2405.9675	320.19073,296.13962,2510.843	303.16858,501.31186,2311.5012	327.45493,397.66818,2476.1648	274.15744,291.80237,2493.6965	328.7625,498.3456,2442.0457	326.7422,180.64053,2183.979	314.4691,288.5592,2018.3054	
318.80832,153.53629,2195.3613	309.04468,204.2767,2288.9102	276.033,200.66035,2278.596	270.84552,270.88086,2253.1133	309.04468,204.2767,2288.9102	341.76016,207.8606,2299.2244	345.53787,249.37115,2272.4387	302.77234,250.98146,2395.9434	273.95145,291.44965,2495.0916	289.95053,393.9187,2403.753	319.9764,295.91992,2510.8616	303.16074,500.99725,2309.088	327.42078,397.67694,2470.6702	273.95145,291.44965,2495.0916	328.73413,498.18225,2441.0444	327.1008,181.17003,2182.1475	313.61368,289.77414,2016.5308	
318.32434,153.57408,2192.9243	309.3349,205.13953,2289.1055	276.29187,201.90082,2278.2627	270.75497,270.77362,2253.046	309.3349,205.13953,2289.1055	342.06638,208.34769,2299.9482	345.13065,249.0377,2269.4802	303.469,251.38765,2399.3594	275.0721,291.61,2501.3237	291.11942,393.84808,2406.1555	321.0131,295.52142,2517.9028	304.79196,500.48273,2316.2568	328.63272,396.77875,2482.2373	275.0721,291.61,2501.3237	330.02853,497.66647,2442.138	326.2238,180.64845,2182.3713	313.1263,290.3819,2015.7847	
318.6065,154.55975,2191.2146	309.40512,205.5057,2289.9482	276.38364,202.16139,2278.8313	270.9828,270.9681,2253.5298	309.40512,205.5057,2289.9482	342.1075,208.8177,2301.0652	344.9455,248.88531,2270.2136	303.34094,251.87117,2399.0222	274.75104,292.1747,2499.598	290.0406,394.6695,2397.035	320.70163,296.2194,2516.5945	303.05,501.63498,2310.871	327.3012,398.03955,2470.006	274.75104,292.1747,2499.598	328.64395,498.73328,2438.2747	325.86356,180.67963,2181.179	313.04846,290.62714,2016.0667	
