281.6574,141.19768,2774.8042	279.67557,184.23477,2731.5046	251.82793,180.92459,2686.4302	234.00143,248.64717,2590.7776	279.67557,184.23477,2731.5046	306.61908,187.43747,2776.579	316.1005,244.79245,2750.0596	277.9879,229.10796,2693.7886	255.05057,273.90088,2622.639	251.41248,369.2334,2619.6177	296.92694,276.57654,2689.506	242.9337,461.10358,2611.9597	291.40256,368.8479,2697.5752	255.05057,273.90088,2622.639	302.54913,458.87076,2672.8896	302.49878,296.1792,2589.3218	270.72638,294.342,2406.8025	
281.33356,141.57535,2778.0913	279.5934,184.37485,2732.789	251.85677,180.95573,2685.9902	235.26791,248.99883,2588.8896	279.5934,184.37485,2732.789	306.3961,187.67882,2779.588	316.09665,244.48532,2752.102	277.96292,229.18233,2693.8777	255.14886,273.90796,2620.25	252.14722,369.40448,2616.297	296.87476,276.66248,2689.6826	242.84152,460.47937,2618.5825	291.90472,369.08856,2695.838	255.14886,273.90796,2620.25	302.2187,458.72388,2679.8625	303.3554,296.03214,2590.9436	271.32416,294.5645,2403.9626	
281.2901,141.75632,2778.2231	279.59528,184.58841,2732.9355	251.87442,181.16759,2685.8374	235.24554,250.29771,2584.9312	279.59528,184.58841,2732.9355	306.37683,187.89331,2780.0337	316.0763,244.45549,2750.5842	277.96396,229.41185,2694.3374	255.16953,274.15024,2620.8052	251.87674,369.34143,2622.3828	296.85266,276.89014,2690.6733	243.63972,460.81345,2619.12	292.07623,369.4007,2695.0256	255.16953,274.15024,2620.8052	302.1429,458.8828,2682.6226	304.7097,296.33914,2589.2188	271.6905,294.79828,2399.5388	
281.31342,141.96411,2778.303	279.26083,184.74445,2732.7231	251.4783,181.22307,2686.8672	234.94952,249.38313,2584.4739	279.26083,184.74445,2732.7231	306.12634,188.14957,2778.579	316.04883,244.54947,2752.7505	277.34195,229.55766,2693.9167	254.1904,274.1833,2621.0947	250.69789,369.4127,2621.725	296.00784,277.14047,2689.126	243.1119,461.01138,2618.2246	290.86542,369.78494,2691.6367	254.1904,274.1833,2621.0947	300.992,459.443,2678.7275	305.94678,296.47498,2589.9639	269.75943,294.38956,2397.8357	
281.15656,142.28534,2779.3435	279.00995,185.03125,2733.0017	251.10979,181.55377,2689.594	233.5252,248.59659,2582.7444	279.00995,185.03125,2733.0017	306.03772,188.40002,2776.4094	316.05255,244.83441,2753.7793	276.92636,229.83014,2693.9702	253.50337,274.4169,2622.7354	250.92563,369.66278,2622.4211	295.54965,277.43893,2687.142	243.51538,461.23422,2619.3108	291.02396,369.84216,2696.1416	253.50337,274.4169,2622.7354	302.60648,460.09073,2669.5283	306.48962,296.7903,2590.3494	268.9353,294.0526,2397.0603	
281.1949,142.3125,2778.8635	278.82013,185.10036,2732.9465	250.91779,181.54758,2689.594	233.74533,248.29878,2586.3794	278.82013,185.10036,2732.9465	305.85104,188.54218,2776.299	316.0841,245.26382,2756.2825	276.62634,229.87993,2693.4912	253.08322,274.40244,2621.8816	251.2796,369.5745,2624.008	295.1419,277.54132,2686.1902	243.11322,461.6033,2613.9197	291.40533,370.0033,2695.468	253.08322,274.40244,2621.8816	302.2274,460.1988,2671.9126	305.6351,296.9791,2592.4636	268.4965,293.7259,2396.4968	
281.1797,142.04556,2779.622	278.67224,184.72696,2733.3367	250.75882,181.06676,2690.4683	234.66515,249.0371,2589.1953	278.67224,184.72696,2733.3367	305.72366,188.27411,2776.205	316.08347,245.59064,2754.9001	276.33362,229.43408,2692.6245	252.60497,273.82785,2620.115	251.22238,368.39294,2634.313	294.7362,277.16,2683.7097	243.39615,462.1208,2592.8594	291.43408,369.9134,2689.429	252.60497,273.82785,2620.115	301.82166,459.55844,2676.9456	305.15393,297.58545,2593.521	268.569,293.62006,2391.0508	
281.01752,142.10297,2780.007	278.4526,184.75981,2733.23	250.52618,181.06721,2690.606	232.5795,247.8586,2587.614	278.4526,184.75981,2733.23	305.5214,188.339,2775.854	315.95505,245.32843,2757.8713	276.05206,229.45206,2692.168	252.24142,273.81097,2619.4895	251.10242,368.91644,2624.1174	294.40994,277.20605,2682.7224	244.19705,460.76633,2612.9246	292.2865,369.8969,2690.9062	252.24142,273.81097,2619.4895	301.34436,459.58704,2679.3552	305.08908,297.20667,2596.0264	267.09595,292.7474,2392.165	
281.13028,142.12125,2768.6868	278.57465,185.36458,2729.0469	250.59348,181.92744,2686.1736	230.57486,246.38356,2584.7942	278.57465,185.36458,2729.0469	305.69025,188.69537,2771.9202	315.3901,245.01343,2759.877	276.34058,230.3274,2692.6777	252.74646,275.01654,2624.5054	252.02362,369.67175,2634.5051	294.84015,277.99078,2688.1118	244.95792,461.70532,2618.628	292.423,370.40015,2698.028	252.74646,275.01654,2624.5054	303.35217,460.2129,2678.3577	306.7167,296.662,2594.0942	267.1027,290.00064,2391.9705	
280.99707,142.02872,2773.5315	278.5888,185.14319,2731.8364	250.6614,181.70172,2688.41	231.16582,246.20079,2584.4001	278.5888,185.14319,2731.8364	305.64218,188.47694,2775.263	314.60153,245.5613,2757.877	276.4885,230.00677,2694.005	253.05179,274.6501,2623.9612	251.89972,369.76425,2625.4534	295.0951,277.6107,2688.3855	244.09436,461.93243,2612.388	291.85675,369.86896,2700.4592	253.05179,274.6501,2623.9612	304.39078,460.37286,2665.1719	306.68576,297.67828,2593.9255	267.33087,287.87466,2391.2664	
280.86975,141.89273,2775.9565	278.72153,184.94534,2733.188	250.83359,181.48038,2689.289	232.5412,246.11134,2583.2012	278.72153,184.94534,2733.188	305.72778,188.30075,2777.087	314.21497,245.65126,2758.249	276.6685,229.76387,2694.7617	253.30144,274.37326,2623.7727	251.39822,369.28976,2629.173	295.29587,277.34845,2688.8982	244.58641,461.55884,2614.68	292.50784,369.65106,2700.191	253.30144,274.37326,2623.7727	302.96216,460.10822,2670.3599	305.14307,297.97925,2597.2627	266.11328,285.82666,2370.4724	
280.75742,142.00735,2777.6719	278.63907,185.11626,2734.1943	250.77658,181.59535,2690.0588	231.37729,246.7746,2567.6052	278.63907,185.11626,2734.1943	305.6163,188.5253,2778.3298	314.83203,245.95074,2754.7214	276.57297,229.87674,2694.71	253.193,274.4236,2622.487	251.1124,369.5789,2624.2622	295.18015,277.47565,2687.964	244.665,461.43463,2617.5042	291.8845,369.9765,2695.7747	253.193,274.4236,2622.487	302.44983,460.08444,2673.5728	304.65558,298.36588,2595.2493	267.35434,281.98715,2347.884	
280.36658,142.24011,2779.0208	278.2129,185.12195,2733.8289	250.24231,181.68472,2691.791	230.69077,245.41862,2560.3027	278.2129,185.12195,2733.8289	305.3363,188.45505,2775.8667	316.55716,245.07373,2752.9807	276.18756,229.8032,2692.3833	252.72873,274.34195,2619.751	250.6329,369.53555,2622.855	294.9721,277.38544,2682.1245	244.8924,461.98242,2610.1152	291.9157,370.24774,2687.0325	252.72873,274.34195,2619.751	301.97836,459.86456,2676.387	305.81204,296.9349,2590.3782	267.7454,276.82742,2335.3213	
280.4518,142.31717,2779.2021	278.31616,185.18396,2734.6228	250.34094,181.7892,2692.7866	231.15466,243.70831,2570.1626	278.31616,185.18396,2734.6228	305.44827,188.47643,2776.459	319.18698,244.14163,2752.0884	276.35135,229.84734,2692.977	252.95363,274.4006,2620.3003	251.68933,368.85358,2636.232	295.20157,277.39194,2682.3623	245.1549,462.518,2597.3345	291.25403,369.49023,2699.8208	252.95363,274.4006,2620.3003	304.0494,459.5375,2670.2268	308.44308,294.87268,2582.1008	262.25555,269.51947,2329.7266	
280.32077,142.51736,2779.795	277.71988,185.17407,2734.5144	249.71994,181.53172,2693.6458	233.30522,240.95609,2575.5894	277.71988,185.17407,2734.5144	304.8952,188.70915,2775.383	321.05344,241.22855,2765.0488	275.26266,229.79927,2692.393	251.31497,274.1142,2619.9553	250.06108,368.93445,2629.8152	293.65543,277.53256,2680.5881	242.5032,461.50153,2608.6716	289.07697,369.5695,2699.9695	251.31497,274.1142,2619.9553	302.9058,459.86322,2665.118	328.31912,281.4858,2568.1558	259.03006,258.8026,2320.9612	
280.2881,142.47955,2779.081	277.61902,185.25925,2735.0574	249.57553,181.73563,2695.0894	233.02383,236.58292,2587.792	277.61902,185.25925,2735.0574	304.8547,188.68137,2775.0254	323.64554,240.61215,2770.0244	275.1538,229.96622,2694.9683	251.2025,274.3651,2625.2324	251.42056,368.4129,2645.3186	293.5528,277.64496,2684.526	244.00961,462.11642,2598.525	290.97202,369.78516,2700.9717	251.2025,274.3651,2625.2324	303.45566,458.735,2687.2148	342.50372,268.3959,2549.218	251.68155,248.7748,2321.4365	
280.1498,142.1109,2779.221	277.59097,185.08582,2736.0684	249.56268,181.60574,2695.8235	231.3534,233.05455,2584.8875	277.59097,185.08582,2736.0684	304.80664,188.465,2776.3132	326.5065,238.5371,2767.0076	275.17303,229.82005,2696.9927	251.30237,274.25293,2628.0654	251.48775,368.31848,2646.5513	293.5908,277.4504,2687.7686	244.0271,462.73578,2588.7327	291.29626,369.79095,2698.9434	251.30237,274.25293,2628.0654	303.02466,458.90628,2686.46	353.56573,253.42499,2531.469	246.83177,239.3893,2316.1565	
280.2952,142.51907,2779.3186	278.07642,185.47763,2736.4846	250.22462,182.03908,2692.563	228.80728,230.46884,2572.9648	278.07642,185.47763,2736.4846	305.04828,188.80756,2780.4062	330.42978,235.00389,2767.0266	276.0257,230.26038,2698.3057	252.68494,274.84076,2627.5337	252.52184,369.01373,2644.5952	294.63327,277.78043,2692.7197	245.66193,463.9267,2581.4463	292.52686,370.20734,2699.2593	252.68494,274.84076,2627.5337	303.7019,459.11673,2690.9	360.65414,240.10829,2518.823	241.48141,229.61836,2304.361	
280.11926,143.24417,2790.854	278.23135,185.5263,2741.6453	250.4877,182.04585,2696.5918	225.37044,228.10074,2553.9897	278.23135,185.5263,2741.6453	305.07794,188.89423,2786.6987	333.16022,231.3388,2760.0242	276.50122,230.02394,2698.9292	253.5159,274.45087,2622.7996	251.49356,368.75546,2639.8386	295.38828,277.4173,2689.6267	246.3617,463.5224,2584.2058	292.36975,370.03247,2694.16	253.5159,274.45087,2622.7996	303.88052,459.5569,2679.511	367.73383,223.17809,2526.8289	238.89722,220.25941,2293.6665	
280.15485,142.82376,2795.1138	278.45135,185.0493,2744.4875	250.88263,181.34312,2697.087	224.27509,222.77219,2519.4922	278.45135,185.0493,2744.4875	305.08395,188.62964,2791.8882	337.68524,228.3363,2753.016	276.70294,229.42717,2700.2734	253.80295,273.66385,2620.8965	251.44296,368.10608,2636.8606	295.43845,276.85886,2691.2222	244.44331,461.84375,2596.9512	291.37833,369.2563,2698.1604	253.80295,273.66385,2620.8965	302.72403,458.84006,2681.2927	373.4785,208.71545,2536.168	237.96501,208.59558,2264.3604	
280.36145,142.93506,2787.7441	278.73364,185.37576,2741.42	251.07224,181.77597,2695.0193	224.77896,214.69164,2472.7449	278.73364,185.37576,2741.42	305.47424,188.85571,2787.8206	341.36777,224.69897,2743.0103	276.8777,229.93126,2699.8906	253.84258,274.32364,2623.9468	251.2826,368.66992,2639.6172	295.545,277.39435,2692.776	243.6599,461.5124,2611.1235	291.11954,369.6192,2701.745	253.84258,274.32364,2623.9468	303.8565,459.85437,2669.8672	376.95123,194.83286,2556.5588	238.14383,195.05722,2221.7068	
280.46463,143.06082,2783.0623	278.8815,185.78247,2739.3076	251.08458,182.33614,2695.0193	225.51288,208.22542,2443.3743	278.8815,185.78247,2739.3076	305.79388,189.11913,2783.596	342.89618,221.19434,2739.01	276.9457,230.45978,2699.6243	253.74974,274.98163,2627.0872	251.1651,368.89047,2648.1375	295.63724,277.92236,2692.7947	244.10942,463.0475,2593.0918	291.61212,370.42487,2696.6726	253.74974,274.98163,2627.0872	303.03503,460.2339,2676.3865	378.64352,183.49167,2582.34	236.65732,182.90988,2194.6184	
280.49152,142.55914,2781.711	278.7899,185.4369,2738.8247	250.96484,182.05511,2694.7817	222.38309,206.09628,2427.1833	278.7899,185.4369,2738.8247	305.7342,188.71162,2782.8677	345.5844,217.20036,2733.4934	276.91885,230.14124,2699.5957	253.78104,274.71957,2627.7004	251.45494,368.9394,2643.1948	295.68967,277.5733,2693.033	242.63654,462.38477,2601.3816	290.9397,369.82434,2700.9421	253.78104,274.71957,2627.7004	304.23425,460.0385,2668.1565	379.3984,173.85901,2603.5615	234.40134,174.81984,2186.9883	
280.67258,142.12515,2780.5413	278.88126,184.97437,2738.49	250.99045,181.69344,2695.625	218.81525,204.99583,2425.5918	278.88126,184.97437,2738.49	305.91238,188.15414,2781.355	348.6313,213.71255,2729.7432	277.0342,229.71024,2699.9907	253.88132,274.34314,2629.6956	251.37048,368.83875,2638.8435	295.88434,277.1046,2693.2874	243.17621,461.29156,2614.456	290.29532,368.9193,2708.0818	253.88132,274.34314,2629.6956	305.09512,459.51074,2660.181	380.74945,166.47018,2618.2695	231.72484,170.2317,2187.2495	
280.41397,142.30151,2780.4531	278.96014,185.24704,2737.9336	251.07321,181.98572,2694.813	216.85297,204.46722,2426.2812	278.96014,185.24704,2737.9336	305.9823,188.40723,2781.0542	350.21497,211.68948,2731.8813	277.1621,230.00046,2699.4875	254.06558,274.67212,2629.0574	251.27286,369.4048,2634.0947	296.05396,277.38928,2693.0256	244.20633,462.26923,2608.785	290.49286,369.42554,2704.0916	254.06558,274.67212,2629.0574	304.6875,459.62354,2667.5557	381.6113,162.4668,2633.4602	227.58763,169.93257,2185.2554	
280.68723,142.12543,2779.908	279.11185,185.21542,2737.8882	251.27083,181.8671,2693.9685	215.96178,201.5357,2423.1343	279.11185,185.21542,2737.8882	306.07373,188.45801,2781.8079	351.16824,211.67538,2737.439	277.21274,229.99081,2700.0322	254.05466,274.62036,2629.5977	250.93799,368.82004,2643.567	295.9519,277.42456,2694.755	243.8939,462.78125,2595.6226	290.53928,369.50232,2704.233	254.05466,274.62036,2629.5977	304.21164,459.6717,2670.2078	385.26147,162.80582,2647.8188	224.7475,170.81944,2174.676	
280.90906,142.41823,2779.64	279.12064,185.46358,2737.4045	251.3793,182.0495,2691.512	214.62851,203.06258,2423.0667	279.12064,185.46358,2737.4045	305.94717,188.76508,2783.297	352.70273,212.17001,2748.2212	277.25705,230.27516,2700.125	254.22151,274.9253,2628.8	251.43182,368.82312,2648.7065	295.92783,277.72192,2696.8909	244.44312,463.49677,2585.879	291.1624,369.96408,2702.4617	254.22151,274.9253,2628.8	303.5728,460.05444,2673.7805	388.43756,164.25604,2652.3984	219.99536,173.88826,2169.8347	
280.72598,142.53891,2779.5002	279.01044,185.4946,2737.086	251.24092,182.14465,2691.4956	213.19109,202.57742,2419.0317	279.01044,185.4946,2737.086	305.87,188.73479,2782.6763	353.7369,214.14462,2748.5999	277.19977,230.32887,2700.1863	254.20853,275.03128,2629.471	251.2111,369.14703,2645.2363	295.93958,277.74524,2697.1023	243.96057,463.28278,2594.4854	291.51486,370.3155,2696.1697	254.20853,275.03128,2629.471	303.0263,459.71332,2681.7336	393.634,168.96715,2660.564	218.25551,179.59293,2158.2935	
281.14905,142.09576,2778.936	279.29105,185.07556,2736.725	251.50098,181.64796,2691.6875	211.18546,206.39014,2417.519	279.29105,185.07556,2736.725	306.18124,188.39217,2781.7627	353.80615,217.3188,2759.7952	277.29077,229.91862,2700.1904	254.08914,274.54474,2630.2488	251.08884,368.31348,2651.5012	295.85828,277.40308,2697.0627	243.63315,462.8828,2589.0679	290.68536,369.89886,2696.9937	254.08914,274.54474,2630.2488	304.08133,459.46118,2676.2122	399.58966,178.5769,2670.271	214.45918,188.48575,2150.5754	
281.2606,141.98154,2779.1548	279.43448,184.92966,2736.2617	251.67377,181.41165,2690.735	209.6185,212.77426,2412.257	279.43448,184.92966,2736.2617	306.28653,188.33252,2781.7883	350.35965,221.63008,2769.4033	277.3533,229.76437,2699.4355	254.08356,274.33615,2628.8394	251.19905,368.17737,2649.9434	295.81625,277.3048,2696.3794	244.01166,462.46915,2594.3757	290.96106,369.78503,2697.5588	254.08356,274.33615,2628.8394	303.05954,459.4394,2678.2498	402.37762,193.24771,2683.702	212.56728,199.21118,2142.8716	
281.33862,141.96053,2778.7627	279.40326,184.89949,2735.2422	251.71118,181.26392,2688.3945	207.05627,220.93942,2417.626	279.40326,184.89949,2735.2422	306.16275,188.41264,2782.0898	347.94205,224.75182,2782.2036	277.27408,229.73492,2698.059	253.9989,274.26578,2626.124	250.85005,368.43457,2643.151	295.62814,277.34088,2695.628	244.79178,462.70032,2593.6497	290.73334,369.94098,2694.8906	253.9989,274.26578,2626.124	302.54477,459.31757,2681.4116	404.08533,212.01518,2696.0352	208.6572,211.80269,2144.9841	
281.3651,141.98679,2778.567	279.3124,184.89641,2733.9473	251.46472,181.3918,2689.8018	205.59189,230.01945,2481.8147	279.3124,184.89641,2733.9473	306.2751,188.28964,2778.0928	344.79196,229.08426,2787.1006	277.1771,229.73404,2696.2922	253.76361,274.31268,2625.8848	250.53723,368.32605,2645.6775	295.68256,277.33362,2691.3896	244.95825,461.81943,2607.1243	290.99677,370.0335,2691.8564	253.76361,274.31268,2625.8848	303.06958,459.51434,2678.1074	401.11673,232.43011,2703.2158	203.4685,228.18716,2207.9116	
281.44522,141.81357,2768.466	279.19037,185.29004,2728.44	251.24045,181.9515,2684.8152	207.60292,234.25336,2505.4004	279.19037,185.29004,2728.44	306.2606,188.5235,2772.0647	343.73108,233.92886,2790.5527	277.0807,230.34918,2694.0745	253.68011,275.16656,2627.3528	250.85854,368.5177,2656.8113	295.64233,277.94507,2692.0652	244.80116,462.92023,2593.5776	290.08224,370.19244,2699.6772	253.68011,275.16656,2627.3528	304.19232,459.98682,2672.3848	397.2795,252.81538,2712.059	201.0698,241.71849,2232.9128	
281.77075,141.56781,2762.9165	279.40457,185.29263,2725.7507	251.42616,182.03146,2682.008	210.53583,236.58235,2527.6946	279.40457,185.29263,2725.7507	306.49918,188.45078,2769.4934	340.40503,237.58623,2793.7756	277.26822,230.4975,2694.261	253.86804,275.43353,2630.3262	251.31781,369.20328,2651.381	295.7839,278.07733,2695.2163	244.7925,462.55307,2608.7954	289.9725,369.86148,2709.0898	253.86804,275.43353,2630.3262	305.18546,460.06747,2666.5881	390.63635,266.80838,2732.1396	199.41812,252.22536,2256.842	
281.92783,141.15152,2761.1365	279.6126,185.05527,2724.4805	251.64584,181.788,2680.2573	212.0252,239.7718,2531.8374	279.6126,185.05527,2724.4805	306.68594,188.21817,2768.7036	338.64178,239.2058,2795.3838	277.4483,230.3186,2694.1172	254.04692,275.28644,2630.9514	251.28351,369.54382,2643.05	295.9069,277.9089,2696.5564	243.92194,462.07452,2616.4666	290.73083,370.02335,2704.1394	254.04692,275.28644,2630.9514	303.7044,459.75644,2677.098	383.60687,276.91858,2750.9648	197.68346,261.02222,2264.65	
282.09738,141.15762,2759.2485	279.71063,185.08868,2723.6133	251.76851,181.78752,2678.7754	211.49686,241.24902,2533.4102	279.71063,185.08868,2723.6133	306.74768,188.2829,2768.4512	337.86703,240.11815,2795.6882	277.4719,230.40201,2694.3696	254.03079,275.37524,2631.8667	250.90346,369.83627,2639.6782	295.81577,278.01135,2698.3853	244.44078,462.43182,2615.8997	291.47363,370.35522,2701.1387	254.03079,275.37524,2631.8667	302.18478,459.73563,2685.2288	381.8071,280.5869,2763.4124	194.67406,266.14798,2267.5176	
282.41772,141.16412,2758.8076	280.09113,185.05418,2723.6646	252.2598,181.66438,2676.9805	210.0477,241.07733,2535.7021	280.09113,185.05418,2723.6646	306.98447,188.32974,2770.3486	338.49896,241.39757,2797.343	277.8176,230.38483,2695.0166	254.43327,275.3375,2631.7363	251.67343,369.93356,2637.52	296.01706,278.00693,2701.001	243.66794,462.27118,2617.1147	291.27026,370.0224,2708.1323	254.43327,275.3375,2631.7363	303.4943,460.11017,2675.1047	385.7221,279.79968,2757.2866	191.6895,267.38232,2269.15	
282.597,141.13869,2748.0842	280.02167,185.42256,2718.6575	252.19644,182.07776,2670.7808	208.85092,238.83739,2546.8423	280.02167,185.42256,2718.6575	306.88385,188.6516,2766.5342	340.13788,239.26085,2799.669	277.61526,230.95511,2694.4424	254.1774,276.03705,2634.7139	250.95088,370.00537,2649.3262	295.60205,278.5564,2705.7407	243.15259,463.63513,2602.211	290.87006,370.6752,2707.6968	254.1774,276.03705,2634.7139	302.43524,460.35928,2683.3325	391.1041,273.95972,2747.8245	189.09212,264.58392,2274.8745	
283.018,140.9467,2742.7249	279.9778,185.43813,2717.1907	252.15945,181.9597,2669.0874	207.6137,236.25072,2545.4204	279.9778,185.43813,2717.1907	306.82834,188.79553,2765.294	340.86935,236.54527,2799.327	277.20557,231.03763,2695.2793	253.4325,276.01758,2637.6875	250.60779,370.20068,2646.9346	294.7913,278.71567,2709.0483	242.28755,463.0904,2612.7473	290.46893,371.14923,2702.188	253.4325,276.01758,2637.6875	301.67514,460.36728,2688.0293	394.95834,265.09824,2736.2288	183.30849,256.31195,2269.2134	
283.484,141.07819,2740.5508	280.31274,185.81378,2716.7317	252.4378,182.32208,2669.7307	207.04771,233.19832,2563.7144	280.31274,185.81378,2716.7317	307.2396,189.18669,2763.7327	342.1623,232.5121,2799.1628	277.36526,231.4438,2695.9082	253.3852,276.37967,2640.2202	250.60269,369.78387,2661.0715	294.81854,279.1526,2709.9492	243.60442,464.03165,2593.0718	290.1939,371.35663,2707.2422	253.3852,276.37967,2640.2202	304.07196,461.19202,2674.7405	399.671,250.93419,2737.8752	182.50482,249.43736,2285.803	
284.06982,142.01028,2738.9697	280.4345,186.61209,2715.2156	252.50952,182.9231,2669.3235	204.95474,230.41774,2562.3674	280.4345,186.61209,2715.2156	307.43118,190.17847,2761.1077	344.9678,229.77614,2799.0864	277.07364,232.2454,2694.2075	252.62103,277.01468,2639.1567	249.7927,370.526,2659.1128	294.1698,280.13745,2707.2422	242.99207,465.379,2585.1562	290.093,372.57935,2702.173	252.62103,277.01468,2639.1567	302.71182,462.65436,2672.9758	404.14386,235.95349,2735.9119	181.82582,241.43802,2281.6228	
284.22025,142.68402,2739.1772	280.39246,187.11234,2714.7878	252.3533,183.43518,2671.1978	204.98505,226.69966,2568.1902	280.39246,187.11234,2714.7878	307.54544,190.67328,2758.378	347.58917,225.33015,2800.5469	276.91055,232.74425,2693.4858	252.23898,277.47025,2639.8462	250.03317,370.55356,2666.6123	294.0019,280.6981,2704.5215	244.1738,465.84457,2578.6382	290.66782,372.9803,2705.1985	252.23898,277.47025,2639.8462	302.97034,463.2802,2672.5222	406.01093,220.53185,2739.6548	183.06992,234.49577,2284.971	
283.8647,142.14189,2738.2886	280.5482,186.905,2715.2358	252.57861,183.46881,2669.8804	204.10338,223.72726,2571.106	280.5482,186.905,2715.2358	307.59872,190.22829,2760.5913	351.24442,222.80992,2802.7876	277.5235,232.57953,2695.0112	253.40182,277.54053,2641.1418	251.46857,370.44232,2670.3342	294.98132,280.31412,2708.4314	245.16435,466.01196,2572.2488	291.45074,372.3672,2711.0227	253.40182,277.54053,2641.1418	305.68076,462.51447,2672.767	407.309,207.44275,2744.063	184.46101,226.87646,2278.1252	
284.69116,142.69717,2730.331	281.03116,187.637,2713.1338	253.0155,184.21353,2668.351	199.22769,220.57617,2559.0544	281.03116,187.637,2713.1338	308.13702,190.94928,2757.9165	353.8834,219.13239,2796.3943	277.74466,233.4049,2696.7383	253.38931,278.3288,2647.1277	250.12245,370.63782,2681.1611	294.93176,281.1023,2713.5579	243.95404,466.04147,2577.976	290.19354,372.9591,2715.4302	253.38931,278.3288,2647.1277	304.991,463.43433,2667.6743	408.00125,197.13657,2744.6816	181.02266,219.28055,2257.5046	
284.87903,142.379,2734.3516	281.17075,187.327,2714.9434	253.10577,183.93857,2671.56	190.61855,217.01154,2534.0288	281.17075,187.327,2714.9434	308.3529,190.60884,2758.3267	353.75476,218.32376,2793.6948	277.94748,233.04755,2697.2954	253.59561,277.95282,2647.4668	250.66478,370.94742,2670.6067	295.2675,280.7542,2711.8281	244.08086,466.6033,2572.2292	290.87985,372.85803,2710.3145	253.59561,277.95282,2647.4668	305.48532,463.92987,2656.0027	405.7445,191.18126,2747.6477	175.0072,212.9207,2229.7976	
284.93237,142.51996,2736.363	281.132,187.36104,2715.2942	253.02173,183.9384,2673.032	190.0594,218.1979,2524.52	281.132,187.36104,2715.2942	308.3806,190.67876,2757.5564	352.92236,218.15616,2796.3486	277.83456,233.05693,2696.7876	253.3563,277.9104,2646.9326	250.21927,370.80035,2672.2617	295.13785,280.82416,2709.6294	243.66177,466.6069,2567.648	290.75714,373.1855,2704.3545	253.3563,277.9104,2646.9326	303.65234,463.28412,2672.147	404.60815,189.50955,2754.9368	171.6457,210.47137,2219.3577	
285.1117,142.26358,2737.3643	281.17114,187.10023,2715.8699	253.13004,183.49501,2672.607	194.6444,220.9036,2541.7542	281.17114,187.10023,2715.8699	308.33286,190.59238,2759.1328	352.42804,219.49835,2795.6719	277.64273,232.76619,2697.18	252.97281,277.48398,2646.3987	249.45435,370.17615,2675.0715	294.65796,280.6174,2710.5813	244.32425,466.00916,2566.7363	290.53204,372.90143,2706.5647	252.97281,277.48398,2646.3987	303.48282,463.18176,2671.472	404.5097,192.23973,2764.6414	177.81726,213.30768,2235.958	
285.77112,142.2597,2738.3706	281.5359,187.03561,2715.9644	253.53662,183.26839,2672.2893	201.85294,222.78873,2564.3767	281.5359,187.03561,2715.9644	308.64893,190.68358,2759.6394	352.1184,222.92963,2791.8408	277.81015,232.6692,2696.4834	252.95222,277.26953,2644.6062	250.24622,370.22906,2670.6316	294.6041,280.62384,2709.3987	244.16013,465.93512,2570.4924	289.96158,372.81763,2707.5818	252.95222,277.26953,2644.6062	305.71222,463.10217,2663.8262	406.6411,198.66946,2763.7893	181.5902,220.788,2265.5044	
286.14127,141.88644,2738.8652	281.88742,186.71594,2716.9026	253.86528,183.01541,2673.8828	205.65729,225.79129,2566.187	281.88742,186.71594,2716.9026	309.03598,190.30109,2759.9224	352.52982,225.59944,2794.414	278.19412,232.35214,2698.3037	253.36935,276.95752,2647.7942	250.72551,369.91266,2672.2913	295.03366,280.247,2711.6155	244.9205,465.47827,2574.9495	291.33536,372.53992,2706.93	253.36935,276.95752,2647.7942	304.92087,462.5337,2674.0461	409.72787,209.73752,2748.1243	181.06644,227.91463,2267.511	
286.6347,141.34154,2728.621	281.88345,186.66397,2712.8691	253.8006,182.91267,2670.344	209.7569,228.021,2579.0986	281.88345,186.66397,2712.8691	309.0995,190.29947,2755.3943	348.93164,230.43172,2795.2063	277.8131,232.40987,2699.0273	252.64154,276.92047,2653.6418	250.06924,369.9148,2674.1755	294.27106,280.29468,2716.7292	243.39156,465.3282,2578.4016	290.4008,372.56244,2708.713	252.64154,276.92047,2653.6418	302.9871,462.24542,2682.4407	407.44937,224.67897,2744.831	179.96307,237.93056,2292.9912	
287.30215,141.49812,2723.4941	282.2342,187.08737,2710.855	254.14479,183.2402,2668.3596	214.5281,228.09525,2603.551	282.2342,187.08737,2710.855	309.45654,190.8158,2753.3503	344.5481,235.21832,2796.5984	277.83984,232.88026,2699.7517	252.38055,277.27655,2657.1267	250.10577,370.2269,2676.5217	293.95047,280.78503,2720.1702	244.11053,465.76578,2575.657	290.42178,373.10242,2708.762	252.38055,277.27655,2657.1267	304.409,463.2362,2672.415	401.53497,243.69948,2741.9568	184.76971,246.10802,2328.0654	
287.7725,140.55743,2720.4285	282.54922,186.0893,2710.3071	254.45534,182.24078,2667.8499	218.26572,229.54681,2611.771	282.54922,186.0893,2710.3071	309.7765,189.81909,2752.7644	340.9169,238.22722,2797.2947	278.0636,231.90636,2701.2668	252.5464,276.25702,2660.733	250.87321,369.42322,2674.4084	294.06366,279.76416,2723.7202	243.24524,464.88165,2574.914	290.72827,371.92075,2713.3594	252.5464,276.25702,2660.733	305.34262,462.5172,2664.51	393.86972,259.35727,2751.7368	187.74619,253.5047,2349.4587	
288.08386,140.72214,2708.898	282.71686,186.60262,2706.922	254.56146,182.95256,2664.6538	219.90201,232.13196,2612.8735	282.71686,186.60262,2706.922	310.00653,190.14043,2749.1904	336.8198,240.96451,2800.658	278.22375,232.50874,2703.7244	252.76428,276.9004,2669.1724	250.53685,369.8081,2682.0107	294.19473,280.10956,2731.8809	243.81694,465.1731,2578.6895	291.19547,372.20984,2716.5332	252.76428,276.9004,2669.1724	303.56326,462.41125,2678.2412	382.49625,274.696,2761.2852	189.16489,261.39795,2357.9897	
288.3566,140.5422,2704.1304	282.94852,186.5651,2704.8562	254.74048,182.99715,2663.1694	219.04184,234.73878,2609.9329	282.94852,186.5651,2704.8562	310.3003,190.02475,2746.543	334.26727,243.97583,2801.327	278.44788,232.52136,2704.0583	252.9881,276.93106,2672.3384	250.33867,370.2787,2674.0493	294.427,280.04285,2734.1826	243.99388,465.78445,2576.47	291.2502,372.38657,2710.1685	252.9881,276.93106,2672.3384	303.68735,462.57257,2676.1875	374.31885,285.95724,2762.8582	189.54022,268.83133,2356.8013	
288.28253,141.04588,2711.2522	282.80838,186.67113,2706.5981	254.58867,182.97226,2665.903	219.12848,239.01883,2601.9631	282.80838,186.67113,2706.5981	310.19205,190.26044,2747.2932	330.52234,245.07298,2801.17	278.25705,232.57756,2702.0156	252.66429,276.93842,2667.2456	249.86935,370.82513,2661.5542	294.2509,280.30383,2727.6206	243.72906,466.7239,2567.0269	291.02335,372.9109,2702.891	252.66429,276.93842,2667.2456	303.1259,463.47284,2668.233	369.67804,289.70346,2762.8616	189.79216,275.63513,2348.7537	
289.1089,141.60197,2705.2915	283.30444,187.40176,2704.6475	255.2008,183.5391,2661.5664	217.98286,239.06255,2604.4663	283.30444,187.40176,2704.6475	310.52682,191.14331,2747.7285	330.28656,243.77153,2802.5615	278.36902,233.31586,2703.0454	252.52136,277.5273,2669.482	250.05714,371.22,2666.6855	293.84518,281.0004,2733.4048	243.60187,466.7976,2575.6284	289.7382,372.78052,2722.3506	252.52136,277.5273,2669.482	304.39328,463.16705,2670.782	371.10898,287.40323,2765.3867	189.41353,277.1599,2352.9382	
289.92163,141.45178,2701.8132	283.72168,187.47903,2703.5767	255.72125,183.35417,2658.8872	216.90512,239.41756,2601.2222	283.72168,187.47903,2703.5767	310.8115,191.46974,2748.266	330.78696,243.52971,2803.7593	278.28735,233.36008,2703.6375	252.03879,277.3317,2670.5483	249.59225,370.9347,2669.0068	293.1635,281.10022,2736.8481	242.86197,466.568,2573.646	289.30276,372.9718,2721.7698	252.03879,277.3317,2670.5483	304.28098,463.40228,2670.0342	375.2938,282.88724,2755.5261	189.1165,277.20065,2344.4749	
290.07996,142.21771,2699.5806	283.73224,188.23262,2702.984	255.82658,183.94904,2656.721	216.25574,238.15656,2599.6023	283.73224,188.23262,2702.984	310.69873,192.37206,2749.2468	335.16315,243.30971,2800.868	277.97726,234.08813,2704.082	251.48944,277.92368,2670.8643	249.15005,371.19025,2675.7002	292.445,281.83948,2739.496	243.00893,466.8374,2573.4126	289.31406,373.78516,2721.4849	251.48944,277.92368,2670.8643	304.67377,464.70844,2659.777	383.79288,277.63663,2734.4604	188.16031,274.2942,2336.4172	
289.86844,141.66568,2698.476	283.21545,187.85014,2702.8076	255.2636,183.4846,2657.3623	216.5698,234.78958,2614.8054	283.21545,187.85014,2702.8076	310.24286,192.0713,2748.253	339.8357,240.7306,2797.932	277.29434,233.69035,2704.3438	250.61307,277.41428,2672.172	248.59515,370.86014,2672.797	291.6358,281.49194,2739.5876	242.91173,466.46027,2575.3203	289.28943,373.4996,2720.6292	250.61307,277.41428,2672.172	304.8103,464.69434,2653.7632	392.4795,269.81122,2727.6267	187.95872,268.47925,2349.545	
290.5737,141.20053,2697.9275	283.50308,187.3774,2703.5532	255.53496,182.85193,2659.0735	217.85004,231.81447,2625.9104	283.50308,187.3774,2703.5532	310.5658,191.75638,2748.033	342.44843,237.89787,2800.9673	277.28067,233.16504,2705.6177	250.28976,276.67438,2674.6887	249.52634,369.6902,2682.2039	291.34552,281.03815,2740.6755	243.58667,465.06006,2579.55	290.24957,373.25043,2715.5767	250.28976,276.67438,2674.6887	303.82553,463.91907,2666.6697	398.74197,257.38284,2732.1475	186.52089,261.52872,2355.8235	
291.30856,141.82463,2717.1492	284.21167,187.1623,2711.2686	256.42953,182.234,2666.1204	217.94907,228.89369,2625.9246	284.21167,187.1623,2711.2686	311.0837,191.92917,2756.4167	344.49918,234.1128,2799.5134	277.799,232.74287,2705.4165	250.58736,276.01276,2666.0725	250.30984,369.36005,2673.2961	291.6207,280.96793,2733.0564	243.80031,465.09027,2568.759	290.26764,373.4103,2708.987	250.58736,276.01276,2666.0725	305.25766,464.42505,2654.6619	403.672,245.02238,2738.255	185.11781,255.7567,2350.4766	
291.08456,142.93967,2707.2595	284.0162,188.53644,2707.8982	256.14807,183.93028,2662.8113	215.84415,229.67181,2610.4504	284.0162,188.53644,2707.8982	310.9715,192.99171,2752.985	346.5512,231.50037,2798.768	277.84683,234.2338,2706.3757	250.91109,277.72174,2671.4097	250.44888,370.41467,2686.9133	291.92282,282.18817,2738.2969	244.25212,465.6773,2583.0652	291.02716,374.33554,2717.7114	250.91109,277.72174,2671.4097	303.87234,464.50278,2678.2324	406.56763,234.57126,2742.529	182.5392,250.8988,2318.8594	
290.8808,143.2008,2702.3118	283.96686,188.9347,2705.8433	256.01263,184.46881,2661.6455	214.58344,228.3223,2608.7212	283.96686,188.9347,2705.8433	311.02258,193.25702,2750.041	349.13342,230.08667,2797.3828	277.88135,234.69035,2706.4272	251.01173,278.25092,2674.2275	250.03377,371.4393,2678.205	292.08765,282.5496,2739.795	243.66574,466.79785,2581.7031	291.1118,375.0277,2708.3135	251.01173,278.25092,2674.2275	303.7064,464.85727,2680.1199	408.39404,224.85678,2754.9502	181.7479,247.89339,2318.9524	
290.71017,143.23453,2700.3386	283.84628,189.06927,2705.126	255.9196,184.6391,2660.0723	214.83475,227.12051,2613.356	283.84628,189.06927,2705.126	310.85797,193.35431,2750.1797	351.0519,229.17041,2795.6921	277.78342,234.84665,2706.5195	250.97226,278.45193,2674.4941	249.04538,371.8887,2673.2979	291.97534,282.65005,2741.332	243.66296,467.51328,2576.037	290.20648,374.85245,2715.953	250.97226,278.45193,2674.4941	304.90384,465.31442,2666.4238	409.37335,219.91003,2765.437	183.40393,245.32408,2323.856	
290.8029,142.95398,2698.8516	283.86823,188.828,2704.6562	255.96133,184.42891,2659.018	215.19022,226.61858,2613.173	283.86823,188.828,2704.6562	310.84894,193.0811,2750.2944	351.79486,228.71588,2795.8452	277.81662,234.61678,2706.9985	251.04976,278.24112,2675.4883	248.83961,371.34232,2680.2402	291.9897,282.36017,2743.1934	243.53464,467.0209,2571.709	290.5604,374.59683,2715.5815	251.04976,278.24112,2675.4883	304.88828,465.21338,2666.395	409.56186,217.67703,2766.317	184.28413,244.29195,2324.35	
291.0999,142.5035,2698.6055	283.8771,188.4499,2704.551	256.03284,183.90465,2658.0554	212.78485,229.37065,2593.0808	283.8771,188.4499,2704.551	310.78015,192.84152,2751.0466	351.8181,228.5037,2799.417	277.55722,234.20338,2707.6367	250.57489,277.68195,2676.2327	248.74161,370.5832,2684.66	291.40903,281.9689,2745.2122	243.55441,466.1334,2574.6018	290.0738,374.27417,2713.7488	250.57489,277.68195,2676.2327	304.53934,464.82724,2667.0896	409.87772,220.58214,2767.9348	183.07527,242.99652,2292.5962	
290.45093,143.61154,2700.486	283.78955,189.3213,2704.7017	255.90509,185.01048,2658.4287	209.8461,231.62593,2574.0437	283.78955,189.3213,2704.7017	310.73596,193.48709,2750.9746	351.555,231.88284,2798.2039	277.90222,235.13113,2706.69	251.31161,278.87012,2674.354	249.92894,371.9809,2680.2634	292.2171,282.82715,2743.0024	245.10756,467.8594,2566.863	290.7149,375.28732,2709.5835	251.31161,278.87012,2674.354	306.24402,465.82843,2663.108	409.66013,226.08011,2766.2344	180.1746,245.47359,2270.3542	
290.43066,143.94241,2698.9263	283.72083,189.72195,2703.1877	255.79262,185.41852,2657.403	211.9276,230.7022,2614.5261	283.72083,189.72195,2703.1877	310.71875,193.88202,2748.9724	347.70468,234.39993,2799.093	277.81842,235.55745,2705.3345	251.18434,279.31097,2673.52	248.89584,372.50653,2678.0083	292.1525,283.27982,2741.4424	243.6218,468.20862,2573.5044	289.82947,375.6593,2711.5356	251.18434,279.31097,2673.52	305.73663,466.34042,2660.5	406.40384,235.53807,2756.262	185.7651,249.13217,2321.8467	
291.69675,144.1373,2699.2256	283.67755,189.72122,2702.9167	255.7565,184.52559,2659.9863	215.26877,229.98444,2621.8518	283.67755,189.72122,2702.9167	310.72552,194.75438,2745.8472	345.80072,238.3283,2797.1123	276.30722,235.32695,2703.9126	248.14139,278.14816,2673.04	245.33905,371.47095,2675.1895	289.25885,283.58603,2736.7769	241.05705,467.0053,2578.2307	286.72235,375.8778,2713.3164	248.14139,278.14816,2673.04	303.44873,467.01227,2648.594	403.48395,247.87383,2748.484	187.967,254.34601,2345.0818	
291.8045,143.95508,2698.313	283.5412,189.56801,2701.8188	255.47102,184.26506,2662.4722	219.27756,231.57649,2617.9414	283.5412,189.56801,2701.8188	310.80554,194.71872,2741.1655	344.3614,242.46063,2793.0713	275.9363,235.16603,2702.9644	247.44672,277.80472,2674.9229	247.78383,370.81366,2681.8057	288.7828,283.58377,2733.2969	243.4177,466.28204,2578.8633	289.34357,375.76926,2714.8792	247.44672,277.80472,2674.9229	305.59827,466.79352,2653.8315	399.30762,262.04178,2736.9287	189.80237,260.34314,2355.938	
291.16364,143.55771,2698.3354	283.14844,189.11311,2701.1338	254.95969,183.9247,2663.8835	218.33289,235.5511,2607.9646	283.14844,189.11311,2701.1338	310.57025,194.16037,2738.384	338.63483,243.90228,2799.028	275.7125,234.75743,2702.279	247.31802,277.4746,2675.7998	248.74368,370.36063,2684.74	288.82355,283.1931,2731.0488	243.96095,465.85938,2576.4146	290.67023,375.664,2707.1384	247.31802,277.4746,2675.7998	304.27295,466.2218,2665.1333	387.56918,274.0845,2756.9568	189.37334,268.04562,2349.322	
291.58286,142.76578,2698.8567	283.25446,188.31914,2701.4597	255.07901,182.90692,2664.7893	216.98956,239.65036,2594.9885	283.25446,188.31914,2701.4597	310.6752,193.58636,2738.1301	334.2608,245.65659,2798.0154	275.4553,233.89914,2702.711	246.7033,276.36694,2676.767	248.36407,369.4635,2681.1753	288.20596,282.4459,2731.1572	243.50302,465.0112,2574.7905	288.96216,374.5533,2716.429	246.7033,276.36694,2676.767	305.35556,465.17258,2657.678	377.15668,283.07587,2761.1055	189.28354,276.15155,2341.5356	
291.74515,142.19482,2698.1128	283.37628,187.80853,2701.1047	255.16388,182.3872,2665.3816	217.82454,241.49081,2592.9966	283.37628,187.80853,2701.1047	310.8522,193.08832,2736.828	331.8686,247.66713,2797.0046	275.53955,233.38998,2702.8206	246.73196,275.81308,2678.041	249.41449,369.09857,2677.1167	288.28638,281.954,2731.0317	243.84174,464.5273,2577.854	289.70126,374.202,2713.24	246.73196,275.81308,2678.041	306.21777,464.80008,2658.4062	371.26657,290.11606,2756.4402	190.89342,281.60724,2347.1326	
291.88242,142.34325,2697.7397	283.41962,188.06322,2700.5571	255.29056,182.59921,2662.5352	218.05215,242.85811,2589.9956	283.41962,188.06322,2700.5571	310.76758,193.3755,2738.579	330.9563,248.96283,2802.5012	275.53693,233.64713,2702.3843	246.73698,276.09677,2676.0056	249.22801,369.55142,2673.3643	288.16077,282.17865,2732.4172	243.82732,465.11365,2575.325	290.00635,374.41394,2713.9583	246.73698,276.09677,2676.0056	304.21344,464.9533,2667.2825	368.47534,294.21286,2750.9316	191.1078,286.1114,2351.6172	
292.6578,142.30214,2698.5562	283.8216,188.04568,2700.9407	255.73706,182.3873,2662.8157	217.51514,242.64687,2594.4985	283.8216,188.04568,2700.9407	311.12433,193.54657,2739.0657	329.1682,246.32501,2805.2522	275.6436,233.57143,2702.2568	246.56752,275.83752,2675.2954	248.9107,369.21777,2674.962	287.94675,282.20163,2731.8506	243.74826,464.8188,2573.9	289.80075,374.6117,2709.5635	246.56752,275.83752,2675.2954	305.15326,465.2483,2661.2705	367.08307,290.3461,2743.6223	192.0083,286.5568,2355.097	
292.60175,141.90298,2698.9663	283.8411,187.55157,2701.4304	255.73662,181.93663,2663.7056	215.0874,243.33028,2587.256	283.8411,187.55157,2701.4304	311.17142,193.01187,2739.1553	328.88956,244.08372,2806.6248	275.75528,233.08678,2702.4136	246.75168,275.39444,2675.415	249.35486,368.78085,2674.7974	288.17035,281.7178,2731.3784	243.82576,464.3897,2572.9346	290.1644,373.94702,2713.9092	246.75168,275.39444,2675.415	305.7045,464.87192,2657.056	369.46472,284.50983,2745.7385	190.81583,286.33618,2337.572	
293.00528,143.60162,2688.6528	283.80798,189.35707,2697.1184	255.7609,183.69336,2657.0881	216.01817,241.32327,2590.1145	283.80798,189.35707,2697.1184	311.03467,194.85512,2737.1487	331.71536,244.09534,2807.796	275.44418,234.89148,2702.0645	246.27574,277.09784,2677.3135	248.24289,370.37976,2677.8162	287.494,283.35254,2736.7075	243.82616,465.909,2577.6077	290.0342,375.4209,2718.744	246.27574,277.09784,2677.3135	303.37018,466.13727,2669.5264	377.36597,280.4558,2741.49	191.30708,282.91943,2336.1106	
293.2873,143.19186,2683.5117	283.73184,189.15065,2695.856	255.66937,183.39049,2656.1865	215.46107,241.21893,2588.0605	283.73184,189.15065,2695.856	310.9804,194.74374,2735.5254	335.8186,243.79388,2805.395	275.10635,234.6427,2703.08	245.71553,276.65515,2680.8809	248.26003,369.909,2679.0415	286.89117,283.0598,2739.7275	243.04169,465.49323,2574.419	289.98477,375.24683,2715.3516	245.71553,276.65515,2680.8809	303.98816,465.93936,2667.2314	386.33817,273.8626,2729.544	190.00026,280.03122,2324.099	
293.6656,142.20895,2680.939	283.99548,188.29703,2695.5308	255.93779,182.49385,2655.847	215.90826,240.71906,2594.0283	283.99548,188.29703,2695.5308	311.23904,193.93182,2735.2146	338.19293,242.20746,2802.1946	275.24048,233.75914,2704.4639	245.7583,275.65643,2683.9622	248.35938,368.9274,2679.3767	286.88187,282.11728,2742.8318	243.92801,464.47083,2575.0388	290.88828,374.42688,2710.1921	245.7583,275.65643,2683.9622	303.5544,464.30643,2679.8215	391.71082,267.2383,2730.194	189.80008,275.8702,2321.702	
293.81863,141.86343,2679.6523	284.1398,187.95361,2696.0303	256.16373,182.14767,2654.5981	216.67877,239.80333,2588.511	284.1398,187.95361,2696.0303	311.26904,193.5838,2737.4624	340.81256,239.76845,2801.5964	275.35187,233.39735,2705.668	245.90413,275.29648,2684.57	248.65918,368.8646,2672.1501	286.8846,281.66843,2746.0413	244.13263,464.43243,2574.9639	290.79623,374.09088,2706.3245	245.90413,275.29648,2684.57	302.75784,463.8108,2682.2625	396.76318,260.6538,2733.8494	187.6913,272.65796,2312.8506	
293.80807,142.35246,2689.0134	284.38748,188.08809,2699.3867	256.46933,182.21387,2657.8103	215.71747,236.3657,2604.7532	284.38748,188.08809,2699.3867	311.45868,193.7841,2740.9631	341.3019,238.13675,2801.303	275.7064,233.52187,2704.5442	246.31369,275.50385,2678.863	249.03516,369.3792,2664.075	287.3361,281.9877,2740.5403	244.15189,465.2121,2568.4753	290.46924,374.67035,2700.0723	246.31369,275.50385,2678.863	304.22916,464.8914,2667.969	399.4935,254.59846,2741.2686	188.18439,268.2769,2331.2917	
293.8009,142.16554,2683.1897	284.2473,187.95647,2697.2444	256.29465,182.17424,2655.4604	215.05908,234.9736,2602.8726	284.2473,187.95647,2697.2444	311.34717,193.56227,2739.0283	341.33264,237.32204,2802.152	275.60458,233.42165,2704.7666	246.27617,275.43512,2681.2952	248.7948,368.76044,2676.9744	287.2749,281.76187,2743.2825	244.12418,464.31604,2574.4329	288.96832,374.01486,2713.566	246.27617,275.43512,2681.2952	305.75592,464.00372,2667.5613	400.9403,250.32645,2749.451	189.13875,265.28687,2331.7048	
293.34207,143.92546,2690.2854	283.7054,189.49854,2698.751	255.73117,183.52896,2658.6785	215.9831,234.05429,2602.9348	283.7054,189.49854,2698.751	310.86102,195.29343,2738.8235	339.99686,236.50737,2804.0876	274.8715,234.91852,2702.8892	245.26031,276.80902,2677.2996	247.88086,370.5056,2668.0051	286.41687,283.5166,2736.7551	242.95082,466.31866,2569.8567	288.39948,375.96252,2708.8738	245.26031,276.80902,2677.2996	304.51096,467.04358,2649.7322	399.38104,249.58623,2749.655	189.92493,263.73685,2338.2898	
292.6654,143.92065,2693.8254	283.31427,189.47256,2699.8223	255.28526,183.51692,2661.2412	217.97717,234.2777,2610.9668	283.31427,189.47256,2699.8223	310.5535,195.26039,2738.4033	341.19553,236.91872,2803.0405	274.57117,234.90308,2702.2087	244.97993,276.83087,2675.9768	248.25296,370.42975,2669.6296	286.27014,283.6043,2733.2136	243.84346,466.30414,2568.1536	290.27045,376.2079,2701.8838	244.97993,276.83087,2675.9768	304.02405,466.29987,2668.0652	400.023,251.67476,2744.7354	190.89294,262.92017,2351.8447	
292.6591,143.58806,2696.099	283.52686,189.20172,2701.1506	255.47562,183.35022,2663.0513	217.11032,235.57378,2598.4868	283.52686,189.20172,2701.1506	310.79776,194.89043,2739.25	340.6814,238.56056,2800.518	274.99203,234.65425,2702.725	245.58138,276.6941,2676.0398	248.89886,370.25806,2670.5479	286.92093,283.34415,2732.5593	244.51051,466.08942,2569.34	290.64365,375.73053,2708.3315	245.58138,276.6941,2676.0398	306.0394,466.14307,2662.5898	397.94272,257.16638,2744.9717	191.37585,265.96613,2341.1501	
292.3987,143.14435,2697.743	283.47086,188.8745,2701.7664	255.46634,183.16379,2661.9497	216.55833,237.99792,2583.7524	283.47086,188.8745,2701.7664	310.66196,194.41934,2741.583	340.9244,241.33539,2801.268	275.21365,234.36989,2703.0132	246.1065,276.61154,2674.7231	249.09283,370.22998,2669.3796	287.37085,282.9657,2733.7969	244.41855,466.04425,2569.8635	290.41788,375.1021,2715.6082	246.1065,276.61154,2674.7231	305.9378,465.66333,2663.7983	396.2429,265.6177,2737.1	190.63689,271.13138,2332.3635	
292.27023,143.05597,2697.5576	283.2851,188.56873,2701.6987	255.25198,182.82603,2662.6082	215.46692,240.00179,2578.3794	283.2851,188.56873,2701.6987	310.51855,194.14758,2740.7893	336.6212,242.10568,2802.6318	274.96854,234.05588,2703.0376	245.78616,276.24426,2675.3816	248.33737,369.7616,2672.0269	287.09146,282.68274,2733.3713	243.55316,465.5183,2570.6958	289.40933,374.76428,2717.6199	245.78616,276.24426,2675.3816	305.70334,465.68347,2655.1628	389.26428,271.5346,2743.325	191.03038,276.9407,2331.9197	
291.70575,143.21533,2698.9658	283.1231,188.79347,2702.2002	255.0588,183.2492,2663.0818	214.19753,242.6823,2577.1929	283.1231,188.79347,2702.2002	310.38644,194.1795,2741.3186	332.33765,241.36287,2797.8152	275.15222,234.33401,2703.058	246.28845,276.739,2674.8994	249.36504,370.25433,2671.6323	287.64053,282.88635,2732.9326	244.18768,465.99634,2571.4702	290.45526,374.89545,2719.105	246.28845,276.739,2674.8994	306.42697,466.0784,2652.4695	377.71725,278.58215,2746.715	190.5558,284.5926,2332.376	
291.37347,143.3371,2698.163	282.91492,188.93373,2702.009	254.82779,183.49675,2662.8584	215.62256,243.6833,2580.5903	282.91492,188.93373,2702.009	310.19977,194.2154,2741.1597	329.87677,244.18077,2796.4028	275.09827,234.5043,2703.307	246.38455,277.00613,2675.5645	249.35529,370.53644,2671.5889	287.74945,282.99188,2733.645	243.44379,466.25095,2571.9014	290.93384,375.191,2714.254	246.38455,277.00613,2675.5645	304.28214,465.5667,2670.8884	367.82556,287.798,2757.2537	191.24931,289.79147,2345.4258	
291.79587,143.57332,2698.2717	283.25357,189.31638,2701.006	255.18344,183.8457,2661.427	216.31662,245.07462,2581.7966	283.25357,189.31638,2701.006	310.51294,194.62904,2740.5852	326.90497,246.01193,2792.2107	275.4071,234.90082,2701.6997	246.66124,277.42258,2673.0347	249.11365,371.10703,2667.9817	288.01874,283.4358,2731.752	244.43793,467.05737,2566.748	291.2918,375.69913,2712.5417	246.66124,277.42258,2673.0347	304.2439,466.33844,2668.7356	359.6088,293.5601,2762.826	192.48734,295.697,2353.0437	
291.20108,143.63806,2701.3425	283.3317,189.37262,2702.3755	255.29033,184.25543,2661.1807	216.48212,246.66176,2583.4294	283.3317,189.37262,2702.3755	310.53094,194.33617,2743.5703	324.3882,247.75592,2789.118	276.18002,235.04189,2701.3904	248.12332,278.00635,2669.8433	250.88812,371.39352,2672.8423	289.45517,283.4213,2730.9673	245.39099,467.31668,2566.1826	292.03937,375.62506,2714.4224	248.12332,278.00635,2669.8433	306.04715,466.434,2664.4824	352.21918,298.79706,2764.0981	195.26195,301.58905,2360.1882	
291.676,144.09935,2700.862	283.89536,189.79121,2702.1824	255.8951,184.84494,2659.6243	217.36917,248.10938,2587.7188	283.89536,189.79121,2702.1824	311.02728,194.58412,2744.7405	321.78015,249.14246,2789.0662	277.007,235.50716,2701.8542	249.26471,278.66058,2669.9578	250.42627,372.15167,2671.3384	290.48752,283.74838,2733.0945	245.21033,468.02368,2569.3965	291.48053,375.76355,2719.8296	249.26471,278.66058,2669.9578	306.14368,466.66473,2663.2651	345.5915,302.17828,2765.5408	197.73468,305.59488,2370.4438	
291.1113,143.83449,2699.1086	283.47632,189.50446,2701.8157	255.34917,184.72078,2661.422	218.59164,249.49947,2589.8516	283.47632,189.50446,2701.8157	310.77484,194.14719,2742.2092	320.89365,252.44525,2782.5256	276.78296,235.25668,2702.3503	249.16632,278.48303,2672.9197	249.1392,371.98697,2672.1516	290.55927,283.4436,2732.8503	244.33247,467.73788,2573.1797	290.5794,375.54358,2718.048	249.16632,278.48303,2672.9197	305.5802,466.44818,2661.7944	343.3261,306.9043,2762.153	199.35028,307.94592,2379.5183	
291.28833,143.23624,2699.2368	283.64722,188.96556,2703.289	255.63678,184.1899,2660.6123	218.91763,248.97345,2589.422	283.64722,188.96556,2703.289	310.787,193.59279,2745.9658	319.4093,253.77351,2783.2617	276.9401,234.68852,2705.2788	249.42233,277.9027,2675.6106	249.20432,371.56964,2669.4749	290.58203,282.72943,2738.9265	243.93668,467.2703,2573.9543	290.41953,374.64264,2723.779	249.42233,277.9027,2675.6106	305.5105,465.16528,2670.3967	343.20654,307.32434,2755.0654	200.04556,309.06824,2384.889	
291.10138,143.58447,2700.8386	283.95108,189.22958,2703.736	256.07605,184.74374,2657.8418	217.66014,249.15831,2589.751	283.95108,189.22958,2703.736	310.8956,193.56569,2749.6304	320.63727,252.45512,2786.661	277.80844,235.02304,2704.998	250.94412,278.6299,2672.2085	251.00742,372.2912,2668.886	291.88376,282.86438,2740.3115	244.84859,468.1883,2568.1135	292.20364,375.14844,2713.8025	250.94412,278.6299,2672.2085	305.7027,465.5625,2672.224	344.0434,306.3316,2749.1892	200.4625,309.52606,2382.3306	
291.26917,143.14471,2700.1013	284.18433,188.90671,2704.6729	256.34625,184.50043,2657.9973	217.30966,249.68652,2591.37	284.18433,188.90671,2704.6729	311.07785,193.16348,2751.3484	321.8647,252.41035,2790.3306	278.1082,234.69171,2707.378	251.37714,278.32248,2675.4683	250.09149,371.67212,2675.831	292.18994,282.39612,2744.6978	243.83044,467.4501,2569.902	291.6166,374.69595,2713.7483	251.37714,278.32248,2675.4683	304.07397,464.94604,2677.462	347.01547,305.72083,2737.469	200.79826,309.4616,2381.098	
291.53525,142.84697,2698.7358	284.15875,188.57404,2704.8489	256.339,183.98033,2658.235	217.26712,248.39407,2592.6873	284.15875,188.57404,2704.8489	311.0359,193.01212,2751.4626	322.47964,251.15288,2791.6624	277.74023,234.30771,2708.1582	250.68211,277.72626,2676.8948	248.79733,371.3396,2670.4749	291.47263,282.0777,2746.0403	242.89859,467.10278,2571.0518	289.49875,374.08038,2721.3738	250.68211,277.72626,2676.8948	304.38547,464.76,2663.7996	351.3776,302.74393,2730.4792	201.51581,306.099,2380.2324	
292.36252,141.94073,2708.0918	284.0773,187.27687,2708.496	256.35306,181.77748,2663.6943	217.54153,247.29501,2595.3552	284.0773,187.27687,2708.496	310.8993,192.59729,2753.2979	322.8769,248.55861,2794.8977	276.4516,232.74005,2706.6982	248.1113,275.32675,2671.6504	246.98938,368.85205,2671.1533	289.01746,281.12924,2738.1504	241.42953,464.80994,2560.6953	287.8308,373.43085,2713.093	248.1113,275.32675,2671.6504	303.02484,464.72925,2649.2666	354.2275,298.17374,2726.8926	200.94516,303.59647,2373.5896	
292.10822,141.76068,2703.2378	283.60236,187.16049,2706.9685	255.81314,181.52606,2663.2954	217.73706,246.42288,2595.189	283.60236,187.16049,2706.9685	310.5091,192.61603,2750.6416	324.9406,247.57047,2796.4521	275.62402,232.60225,2707.1519	246.93588,274.978,2674.9487	248.72636,368.03168,2680.7378	287.868,281.02533,2739.7217	242.96722,463.58502,2571.3	288.976,373.07968,2719.0415	246.93588,274.978,2674.9487	303.74185,463.8833,2662.8853	359.126,295.03613,2724.7515	199.34726,301.90796,2370.8223	
291.80743,142.09369,2701.302	283.06705,187.69647,2706.2136	255.1633,182.15225,2664.3184	218.27747,245.09836,2595.0925	283.06705,187.69647,2706.2136	310.12,193.07166,2748.109	325.86942,247.18295,2796.2231	275.15967,233.17177,2707.1223	246.47543,275.57916,2676.957	249.08792,368.94022,2674.7043	287.5683,281.58502,2739.105	243.86636,464.51633,2573.5874	288.93015,373.7751,2715.939	246.47543,275.57916,2676.957	305.34482,464.43292,2659.4912	362.54565,292.3395,2714.5203	199.7727,298.58716,2369.7363	
291.00717,142.32523,2701.8337	282.57758,187.93213,2706.297	254.61287,182.56184,2664.9026	217.2619,244.20691,2599.0469	282.57758,187.93213,2706.297	309.6997,193.14062,2747.6917	326.4305,245.64668,2798.1072	274.96338,233.45998,2706.8728	246.52853,276.04718,2676.7468	249.77348,369.5068,2672.569	287.70938,281.82422,2738.1501	244.4194,465.16232,2572.499	289.62805,374.04553,2715.0288	246.52853,276.04718,2676.7468	305.83258,464.73605,2659.9448	365.39966,287.81088,2715.2415	200.23056,296.27988,2369.1416	
290.4239,143.22864,2711.6055	282.44424,188.55406,2709.7637	254.49844,183.34215,2668.1323	217.70645,244.3231,2597.035	282.44424,188.55406,2709.7637	309.54437,193.60825,2751.395	328.36453,244.47089,2797.0486	275.33804,234.08374,2705.398	247.33185,276.95248,2670.1533	250.7219,370.33328,2672.5164	288.61395,282.50525,2731.9111	245.00217,466.2942,2562.497	291.1323,375.07547,2704.8723	247.33185,276.95248,2670.1533	305.48764,465.65363,2663.0105	367.15094,286.37958,2714.052	200.86072,295.3011,2366.6724	
289.6737,142.82901,2704.4846	282.15607,188.40114,2707.586	254.1234,183.50891,2666.174	217.20416,245.4934,2594.5059	282.15607,188.40114,2707.586	309.34412,193.14598,2748.9978	329.63776,244.19067,2797.03	275.40958,234.03333,2706.5347	247.77533,277.13217,2674.7646	250.9328,370.35565,2677.4634	289.07147,282.21207,2736.2021	244.53671,465.90997,2574.1692	290.5334,374.43207,2714.9734	247.77533,277.13217,2674.7646	306.00485,464.71875,2669.1562	368.08838,285.86752,2707.7063	200.65355,296.65552,2361.2197	
289.2824,142.88464,2710.9233	282.02725,188.32146,2709.7158	253.97209,183.4521,2669.2415	217.73901,246.52686,2590.7502	282.02725,188.32146,2709.7158	309.25665,193.04749,2750.1902	330.06216,244.35962,2798.0107	275.47156,233.93726,2705.251	247.94835,277.1213,2670.764	250.29337,370.84476,2666.2375	289.37943,282.22968,2730.8083	243.88971,466.59094,2570.2554	290.3617,374.63147,2710.0637	247.94835,277.1213,2670.764	305.66293,465.74725,2653.0952	367.70697,286.61493,2709.2056	200.45561,298.9095,2352.7908	
288.6826,142.93854,2725.671	282.02197,188.04639,2715.2058	254.15085,183.1475,2672.0479	217.34917,246.39914,2585.8977	282.02197,188.04639,2715.2058	309.02097,192.79198,2758.3638	328.54617,245.36345,2797.5303	275.8554,233.55391,2704.2412	248.72789,276.88223,2661.2573	250.86024,370.6786,2662.3826	290.05792,281.9218,2725.296	244.62035,466.70663,2562.8696	290.2231,374.13745,2713.2737	248.72789,276.88223,2661.2573	307.21405,465.12653,2650.1326	366.8505,287.9765,2710.128	201.61163,300.58337,2358.6814	
288.59015,142.96747,2712.0212	281.79416,188.526,2710.6194	253.79251,183.94458,2668.1624	217.3622,247.31343,2588.9307	281.79416,188.526,2710.6194	308.93213,192.9661,2753.0764	327.8758,245.97153,2798.284	275.77777,234.17853,2705.9604	248.84143,277.6713,2669.8096	250.39543,370.56262,2682.2893	290.1581,282.25238,2732.7935	244.08105,465.99628,2578.1594	289.38696,373.9679,2726.2942	248.84143,277.6713,2669.8096	306.74292,464.3664,2664.643	365.30484,289.89594,2714.642	205.02583,303.9211,2369.0496	
288.30627,142.95177,2715.1995	281.62534,188.45523,2712.0476	253.62598,183.94427,2669.5354	218.25906,248.56314,2584.9702	281.62534,188.45523,2712.0476	308.76047,192.82693,2754.5598	326.81735,245.45403,2798.6448	275.79025,234.11668,2706.23	249.01955,277.70953,2668.8809	250.4224,371.24414,2669.3457	290.35785,282.18793,2731.9438	243.83179,467.10367,2567.6577	290.06125,374.34778,2715.7476	249.01955,277.70953,2668.8809	306.86395,465.3581,2652.076	362.60153,290.43045,2712.824	207.10808,306.41522,2362.8962	
288.31,142.63269,2716.2896	281.38147,188.05573,2712.2058	253.36578,183.37921,2670.5098	219.3887,249.50098,2588.9912	281.38147,188.05573,2712.2058	308.54883,192.5906,2753.9019	326.28967,246.84334,2798.327	275.3032,233.68484,2705.4685	248.25113,277.13004,2667.8025	249.29611,370.6114,2670.747	289.66342,281.8989,2729.66	242.65103,466.32538,2571.189	289.68268,374.21338,2711.9875	248.25113,277.13004,2667.8025	304.82147,465.18338,2657.0266	359.9309,293.39624,2711.495	207.82571,308.24408,2370.8538	
288.1482,144.06335,2709.83	281.25272,189.49101,2709.1777	253.13667,184.88925,2668.9028	219.94939,249.76009,2587.9963	281.25272,189.49101,2709.1777	308.54504,193.95798,2749.4526	325.1031,248.15536,2797.6633	275.13132,235.18318,2704.1868	247.99707,278.65598,2669.3203	249.96959,371.93524,2675.0728	289.5179,283.38034,2729.0713	243.24843,467.58887,2574.0093	290.68488,375.83536,2708.4353	247.99707,278.65598,2669.3203	303.74722,466.21198,2670.522	357.76288,296.01407,2709.39	208.1705,310.31583,2379.9946	
288.0432,143.58551,2715.1028	281.3446,188.97803,2711.5005	253.28058,184.31284,2670.753	220.0596,251.00772,2585.9995	281.3446,188.97803,2711.5005	308.57764,193.5051,2752.248	324.40353,248.1918,2798.3364	275.2502,234.6218,2704.4043	248.14029,278.0778,2667.0837	250.15219,371.5874,2670.0266	289.64215,282.87982,2727.5325	243.44604,467.39917,2569.5203	290.74823,375.28015,2709.6802	248.14029,278.0778,2667.0837	305.47202,465.91998,2662.6604	355.4752,297.03717,2710.8484	209.18744,312.56567,2385.4868	
287.88077,143.74539,2717.2434	281.23114,189.09712,2712.3086	253.19199,184.38829,2671.2637	220.34155,252.17435,2588.004	281.23114,189.09712,2712.3086	308.43436,193.66554,2753.3535	323.33612,248.11496,2796.1775	275.11514,234.72052,2704.3289	247.98273,278.1593,2665.9038	249.56734,371.4792,2673.4775	289.4746,283.01385,2726.7944	243.56781,467.26373,2570.5254	290.72668,375.47644,2708.141	247.98273,278.1593,2665.9038	303.80017,465.99078,2668.8208	352.1261,298.42395,2711.6946	210.14764,314.26627,2388.0137	
287.42957,142.52173,2717.8052	280.71024,187.82722,2712.9255	252.63535,183.17407,2672.4587	220.10834,253.42981,2588.0059	280.71024,187.82722,2712.9255	307.9599,192.3436,2753.3923	322.69635,247.86407,2797.0828	274.69934,233.45139,2704.916	247.64828,276.91785,2666.8892	249.47906,370.34747,2671.7314	289.19473,281.72177,2726.9238	243.30214,466.00903,2572.832	290.18082,374.25818,2706.2212	247.64828,276.91785,2666.8892	304.32083,464.81674,2664.7876	350.41336,298.9626,2711.7712	211.42989,315.51117,2387.3557	
287.86386,143.19922,2728.5918	281.22433,188.16945,2716.438	253.2855,183.29773,2674.621	220.27603,253.51411,2586.493	281.22433,188.16945,2716.438	308.31598,192.89345,2758.255	322.07693,247.33235,2794.558	275.2094,233.64964,2702.4146	248.13025,277.03424,2657.37	250.46854,370.73856,2663.2253	289.6541,282.11575,2719.412	244.37964,466.82544,2561.7292	291.63458,374.77063,2701.6658	248.13025,277.03424,2657.37	303.88937,465.62164,2662.9287	348.9456,299.5683,2712.2437	212.07196,316.35907,2388.1362	
287.5789,142.94597,2722.9778	281.29907,188.11322,2714.6921	253.28555,183.50052,2673.3398	220.33495,253.22066,2585.236	281.29907,188.11322,2714.6921	308.47195,192.58752,2756.0444	320.6266,246.95416,2797.7832	275.52283,233.69798,2703.983	248.70346,277.26434,2662.5996	250.67435,370.34018,2676.643	290.2249,281.97253,2723.9478	244.52197,465.9749,2573.0874	291.83847,374.24835,2711.6096	248.70346,277.26434,2662.5996	303.4679,464.60434,2676.765	345.8243,299.38507,2713.3965	212.2333,316.85028,2392.3535	
287.1734,143.77362,2722.6733	281.22812,188.8796,2714.147	253.17041,184.49594,2672.9707	220.55026,253.1743,2586.618	281.22812,188.8796,2714.147	308.44724,193.13222,2755.3232	321.03308,248.62294,2797.3884	275.79938,234.52597,2703.586	249.3088,278.31732,2662.4817	251.05057,371.83807,2668.1624	290.8758,282.6938,2723.568	244.29483,467.58594,2571.164	290.96454,374.93372,2712.6248	249.3088,278.31732,2662.4817	305.7344,465.74866,2659.3298	343.86954,302.19247,2709.6326	212.76749,316.7282,2397.2131	
287.13763,143.06598,2720.5242	281.35272,188.38493,2713.919	253.32108,184.16025,2671.6418	220.99133,252.9277,2587.3079	281.35272,188.38493,2713.919	308.52438,192.48003,2756.196	321.23456,249.35033,2798.7002	276.16608,234.07811,2704.8154	249.97137,278.01678,2664.351	251.1041,371.63004,2667.329	291.43503,282.09555,2727.0728	243.89326,467.35248,2571.2637	291.63123,374.40057,2711.9175	249.97137,278.01678,2664.351	304.59726,464.76166,2671.8923	341.4333,303.7719,2702.491	213.4381,316.57233,2402.693	
286.0883,143.21136,2729.4646	281.03802,188.16072,2717.57	253.07956,184.1489,2673.8845	220.96036,252.68811,2589.6833	281.03802,188.16072,2717.57	308.11182,192.04561,2761.2556	321.3424,249.71085,2799.3574	276.49634,233.79973,2704.4275	250.94211,278.00958,2658.8784	252.06946,371.96783,2658.9421	292.37955,281.71475,2723.6914	244.27548,467.98782,2562.8591	290.98984,373.87396,2713.9753	250.94211,278.00958,2658.8784	306.17752,464.6505,2658.7712	338.72253,305.42276,2702.0747	215.0144,316.543,2407.7336	
286.3533,143.82431,2733.9211	281.39786,188.55138,2719.3687	253.52057,184.45677,2674.7017	220.85071,252.56337,2591.3423	281.39786,188.55138,2719.3687	308.37415,192.51364,2764.0356	320.75394,248.91705,2800.7363	276.9024,234.13297,2703.6868	251.40924,278.33087,2654.873	251.18782,372.25247,2658.4075	292.78976,282.1153,2721.1367	244.05455,468.30463,2563.3037	290.27762,374.24963,2713.5479	251.40924,278.33087,2654.873	305.88797,465.05377,2658.376	332.56793,306.47586,2715.3914	215.86996,316.49646,2410.2134	
285.85034,143.88849,2738.1418	281.00165,188.54074,2720.485	253.05989,184.51761,2677.115	220.74892,252.29436,2588.1697	281.00165,188.54074,2720.485	308.0665,192.43759,2763.8552	319.48566,250.19626,2798.7249	276.68817,234.08408,2702.571	251.29271,278.3354,2652.4858	250.2431,372.3101,2656.612	292.8436,282.0901,2716.8281	244.1527,468.32867,2565.2495	290.70505,374.4624,2707.658	251.29271,278.3354,2652.4858	304.21436,465.2665,2662.3203	329.3541,308.59552,2716.6982	216.56561,316.63977,2410.0798	
285.2399,143.8145,2738.2446	280.83493,188.62613,2721.2092	252.8093,184.94934,2679.0037	220.98035,252.15457,2588.075	280.83493,188.62613,2721.2092	308.00452,192.19061,2763.4148	318.30933,250.1334,2797.5198	277.00397,234.20976,2703.8447	252.05603,278.71265,2655.1714	251.2333,372.88672,2653.4976	293.70554,282.01422,2717.789	245.1253,467.03204,2596.3584	291.30844,374.22446,2711.3794	252.05603,278.71265,2655.1714	305.6067,464.7885,2666.4617	326.836,309.09067,2720.6575	217.20961,316.93466,2409.9998	
284.74762,143.10934,2739.3118	280.6291,187.91354,2721.8313	252.61562,184.37914,2679.038	220.98453,252.1967,2588.0422	280.6291,187.91354,2721.8313	307.77536,191.33853,2764.6245	317.62146,249.83249,2796.5884	277.11896,233.49728,2703.8848	252.50427,278.14157,2654.197	250.8486,372.38043,2651.778	294.1277,281.20258,2717.6794	244.78195,467.36108,2582.7332	290.5906,373.3739,2711.313	252.50427,278.14157,2654.197	306.14252,464.04156,2660.698	325.4394,309.00433,2720.049	218.70628,316.79712,2407.8608	
284.7297,142.59348,2738.8376	280.69388,187.47537,2721.464	252.6972,183.9784,2678.1155	221.17389,252.20795,2590.012	280.69388,187.47537,2721.464	307.81262,190.8627,2764.8127	317.10544,248.16963,2797.19	277.2664,233.07831,2703.9316	252.75737,277.7714,2654.2454	250.7904,371.44916,2662.1304	294.33328,280.746,2718.553	244.75998,466.70697,2579.9612	290.24875,372.7046,2715.5947	252.75737,277.7714,2654.2454	306.1576,463.6016,2656.4622	324.367,307.38385,2720.1448	221.2663,316.7593,2409.8489	
284.60925,143.06033,2749.1072	280.81018,187.64316,2725.7876	252.87506,184.11841,2682.1816	221.19406,252.11203,2589.008	280.81018,187.64316,2725.7876	307.8656,191.05692,2769.3936	316.6989,247.84952,2793.8428	277.5733,233.09833,2704.333	253.23657,277.75302,2650.5334	250.99182,371.4062,2661.3928	294.8313,280.77155,2715.2234	244.4166,467.00806,2572.6736	291.53537,373.21954,2704.4915	253.23657,277.75302,2650.5334	304.65128,463.5107,2668.0964	323.9666,307.2211,2718.9053	222.77214,316.755,2411.907	
284.16574,142.0622,2753.2363	280.50787,186.55145,2728.5007	252.5369,183.13258,2685.961	221.516,252.39838,2588.0042	280.50787,186.55145,2728.5007	307.62006,189.86537,2771.0405	316.46988,248.1135,2790.1475	277.49097,231.93266,2705.5366	253.32776,276.6109,2651.0168	250.61429,370.80347,2650.712	295.02658,279.53635,2714.1282	244.09001,464.71252,2597.242	292.09537,372.0371,2703.4668	253.32776,276.6109,2651.0168	303.27994,461.8651,2679.116	323.36102,307.6027,2714.291	223.74275,316.60907,2410.2449	
283.80832,141.25473,2755.8042	280.50153,185.64015,2730.0325	252.512,182.29716,2688.081	221.58551,252.2062,2588.0056	280.50153,185.64015,2730.0325	307.64386,188.88196,2771.984	316.3142,247.1865,2787.4424	277.66406,230.96808,2705.826	253.6521,275.6734,2650.5012	250.96796,370.21375,2643.5486	295.41406,278.52222,2712.7375	244.68394,463.2096,2609.722	292.415,371.0782,2701.9077	253.6521,275.6734,2650.5012	303.2232,460.8092,2681.3894	323.1024,306.83185,2714.99	225.30496,316.3017,2409.012	
282.99606,141.91656,2758.0842	280.16843,186.11267,2730.4036	252.12012,183.01146,2689.3499	221.359,252.33684,2587.0015	280.16843,186.11267,2730.4036	307.38577,189.12201,2771.4573	316.2395,246.17094,2785.9578	277.72522,231.42397,2704.9387	254.05582,276.3127,2649.0203	251.35793,371.03687,2639.575	295.93927,278.85144,2709.9275	244.61298,463.56973,2615.5388	291.50308,371.26273,2702.9824	254.05582,276.3127,2649.0203	304.20862,461.7542,2665.9229	322.70425,305.82834,2712.3633	224.88527,316.38452,2405.6643	
282.6918,141.70734,2758.228	279.81903,185.86838,2731.0356	251.74951,182.90775,2690.23	221.63705,252.50769,2588.0037	279.81903,185.86838,2731.0356	307.06213,188.74185,2771.8413	316.2562,246.23929,2785.5415	277.6147,231.16832,2705.1978	254.17278,276.15692,2649.0918	251.24536,370.86163,2640.0527	296.08936,278.5005,2709.628	243.62944,463.15094,2619.2295	291.11734,370.86322,2703.525	254.17278,276.15692,2649.0918	304.05887,460.96875,2672.4966	322.54138,305.87827,2710.331	226.39575,316.37143,2405.677	
282.29666,142.00885,2768.3015	279.4882,185.76056,2734.3772	251.46252,182.57658,2693.684	221.79443,252.38176,2585.9934	279.4882,185.76056,2734.3772	306.69193,188.85114,2775.0703	316.21603,245.9972,2786.6223	277.15997,230.84003,2703.7056	253.53574,275.58838,2642.8486	250.30054,370.56793,2632.5469	295.5465,278.2892,2703.2192	243.3497,463.24628,2611.335	290.36172,370.53326,2703.8474	253.53574,275.58838,2642.8486	304.3511,461.37622,2657.3945	322.40463,305.56772,2709.9268	228.8913,316.6383,2410.9055	
282.1414,142.09108,2763.3582	278.88556,185.9192,2731.7603	250.75974,182.56042,2693.254	221.48145,252.12029,2580.5222	278.88556,185.9192,2731.7603	306.22946,189.1846,2770.2666	316.1908,245.91013,2785.5154	276.01047,231.06668,2702.4968	251.76028,275.65106,2644.6663	249.59955,369.84058,2648.843	293.93387,278.72137,2701.8005	242.40704,463.6898,2598.756	289.26978,370.75842,2708.0168	251.76028,275.65106,2644.6663	303.05032,461.58386,2660.9124	322.37524,305.40027,2705.9473	230.58371,316.63983,2414.4324	
281.73267,141.93886,2771.3677	278.39896,185.38318,2735.0977	250.28082,181.88873,2697.476	221.15695,251.96365,2582.2603	278.39896,185.38318,2735.0977	305.75403,188.78279,2772.7192	315.9123,245.53561,2784.4365	275.40176,230.3459,2702.3613	250.9707,274.72626,2641.72	250.77695,368.71475,2652.295	293.2495,278.06155,2697.53	243.30795,463.4975,2582.8674	289.7683,370.2887,2703.961	250.9707,274.72626,2641.72	304.42288,461.09406,2657.4475	322.36124,305.04425,2705.7905	231.5391,316.60208,2416.518	
281.62582,142.14305,2775.3726	278.27563,185.40756,2736.2507	250.22299,181.77649,2697.4478	221.38757,252.1183,2581.6284	278.27563,185.40756,2736.2507	305.54376,188.93709,2775.0537	315.03683,244.67554,2783.5405	275.24823,230.28145,2701.5237	250.79778,274.5619,2638.014	251.5296,368.20456,2657.2761	293.03033,278.0485,2695.5793	244.2026,463.38574,2577.2083	290.76334,369.87408,2711.091	250.79778,274.5619,2638.014	304.30923,461.1514,2654.3474	322.23666,304.2027,2708.4177	232.19783,316.70755,2416.735	
281.42712,142.74194,2777.882	278.2809,185.74942,2737.045	250.22562,182.12509,2698.496	221.3918,252.18024,2584.3257	278.2809,185.74942,2737.045	305.55692,189.27306,2775.5938	314.65845,244.53075,2782.02	275.2917,230.57623,2701.1658	250.85892,274.84393,2636.6936	251.646,369.10907,2645.4834	293.13153,278.3384,2693.8796	243.2583,462.56653,2599.5032	291.09735,370.40692,2706.3845	250.85892,274.84393,2636.6936	303.19727,460.9098,2668.553	322.10352,304.05505,2706.7197	233.42468,316.33273,2419.245	
281.31906,141.92561,2778.1294	278.4039,185.11707,2738.802	250.39645,181.61626,2699.1577	223.38579,245.26443,2605.8184	278.4039,185.11707,2738.802	305.6121,188.51797,2778.4463	314.55847,244.61813,2782.8079	275.6982,229.94684,2703.5762	251.61026,274.31644,2638.9426	252.42877,368.59714,2646.4353	293.76733,277.56818,2697.758	244.29578,462.11243,2602.367	291.82803,369.48602,2710.8997	251.61026,274.31644,2638.9426	303.07495,459.4884,2680.8713	322.03766,304.10602,2706.9294	231.6022,307.95746,2442.238	
