268.2727,138.71318,2664.8572	264.51617,193.17982,2635.4658	236.04794,194.04263,2629.326	217.54736,244.3049,2657.5518	264.51617,193.17982,2635.4658	292.85205,192.32101,2641.6057	314.8814,240.60208,2693.789	265.87906,239.64247,2612.7415	245.10542,287.76263,2585.3164	247.90799,377.1006,2551.5579	289.34604,286.08124,2594.7178	246.6948,455.5005,2630.8918	296.82678,376.8341,2577.4624	245.10542,287.76263,2585.3164	299.82883,455.51743,2677.2058	357.87613,228.48926,2550.0005	246.75305,251.10042,2395.6418	
267.04004,138.80634,2667.9692	264.13535,192.5003,2635.8494	235.89923,192.89403,2621.7634	216.90955,243.14171,2647.7888	264.13535,192.5003,2635.8494	292.0713,192.11078,2649.9353	316.5494,235.0881,2713.944	265.26596,238.787,2619.7256	246.21898,286.28668,2593.6328	247.71762,376.32962,2559.3848	286.4481,285.0122,2613.5708	246.64653,454.4052,2639.9175	296.5791,377.62732,2570.2703	246.21898,286.28668,2593.6328	300.01022,457.25674,2665.9526	358.6623,210.50389,2584.2852	243.39828,251.43626,2404.8657	
265.99652,138.87149,2671.6943	264.75485,190.99629,2631.9365	237.18912,191.1735,2608.006	217.0169,243.11276,2644.778	264.75485,190.99629,2631.9365	291.82382,190.82227,2655.867	320.60306,226.57805,2719.1426	266.3916,237.72139,2607.159	247.92911,286.1056,2565.1736	247.30539,377.8792,2559.9458	287.92386,284.59076,2599.589	246.33273,455.71313,2642.5896	296.45096,376.2989,2568.8916	247.92911,286.1056,2565.1736	299.84238,456.49774,2662.6016	355.24503,175.86356,2676.6	247.56726,247.70306,2381.001	
265.68628,138.95728,2674.0522	264.69574,191.3309,2632.731	236.78983,191.94904,2612.6145	216.81674,241.97902,2618.1147	264.69574,191.3309,2632.731	292.17847,190.72212,2652.8474	329.43936,220.35262,2709.4524	266.8546,237.86511,2601.1685	248.80089,286.51938,2555.3003	247.15666,379.26605,2552.1355	289.10773,284.57642,2583.9116	246.15387,457.12347,2635.586	296.5401,375.32812,2576.591	248.80089,286.51938,2555.3003	299.5241,455.13824,2665.4148	347.82834,166.43611,2704.6353	245.22429,247.86272,2395.6204	
265.68225,139.1365,2676.1082	264.5801,191.60548,2638.4475	236.69852,191.95642,2612.625	222.12042,244.1703,2589.331	264.5801,191.60548,2638.4475	291.92123,191.26135,2664.27	333.76138,213.49426,2716.1667	266.89127,237.8735,2602.6287	249.12105,286.35803,2548.5789	247.1838,379.9085,2556.0112	289.1287,284.52072,2585.0408	245.63281,458.23798,2642.3582	296.44366,375.69846,2575.0845	249.12105,286.35803,2548.5789	299.84552,456.0833,2660.756	341.65067,157.92639,2737.587	254.80304,247.0802,2360.0325	
265.97894,139.18533,2676.4167	265.57758,191.9403,2643.1343	237.04132,191.66211,2611.0647	221.56323,242.86438,2582.634	265.57758,191.9403,2643.1343	293.42963,192.21184,2675.2039	338.50565,207.08917,2724.275	267.4574,237.76398,2604.546	249.47388,285.57025,2544.1094	247.49562,379.336,2553.9248	288.9773,284.37173,2587.8057	245.8479,457.8509,2638.1926	296.44006,376.0445,2577.4683	249.47388,285.57025,2544.1094	300.0617,456.07605,2659.108	333.56354,152.34361,2762.2644	250.02176,247.23216,2368.2139	
266.6057,138.91632,2676.9482	266.09772,191.04352,2640.867	237.82266,190.75186,2610.1716	221.14331,241.65872,2579.5808	266.09772,191.04352,2640.867	293.723,191.32849,2671.5623	338.46967,204.23166,2724.5564	267.8285,237.02849,2603.499	249.92516,284.91443,2545.2625	247.31985,379.42035,2552.8025	288.97662,283.8001,2586.9998	246.07846,457.6739,2637.752	296.53174,376.33923,2578.363	249.92516,284.91443,2545.2625	300.79498,455.85742,2649.0642	327.6139,149.87695,2783.557	254.71689,242.01424,2362.5327	
266.9263,138.6904,2678.2788	267.33252,189.4391,2652.968	240.26611,189.25665,2631.4712	220.89644,241.10335,2572.1487	267.33252,189.4391,2652.968	293.9638,189.61862,2674.4648	339.00574,198.0396,2735.4236	268.5286,235.92453,2611.067	249.85379,284.36014,2553.8083	247.44565,378.83984,2556.009	289.43698,283.4975,2584.5232	246.19212,457.61447,2641.5913	296.7384,376.30023,2577.72	249.85379,284.36014,2553.8083	300.57788,455.64328,2649.2615	321.366,147.21786,2786.528	255.14148,245.37024,2355.802	
267.8617,138.1503,2684.4138	266.822,189.81378,2649.5981	239.30219,189.79721,2625.449	222.28821,240.95369,2569.0576	266.822,189.81378,2649.5981	293.8447,189.83005,2673.7473	340.5578,195.74677,2733.6716	268.51065,235.93541,2609.4985	250.48575,284.10434,2552.516	247.80557,378.8409,2555.5134	289.76022,282.89685,2586.2817	246.45825,457.95917,2641.405	296.86243,372.64203,2577.4583	250.48575,284.10434,2552.516	299.51498,452.89194,2641.143	318.1343,147.16394,2786.3271	252.05067,242.37468,2357.147	
267.7552,138.24747,2684.883	267.08102,189.98367,2647.1938	239.35104,190.29582,2624.734	222.94122,241.18393,2570.1692	267.08102,189.98367,2647.1938	294.34442,189.67679,2669.6538	340.86246,189.91333,2706.1833	269.06866,235.70836,2610.0256	251.55989,283.535,2557.4067	247.49916,379.5076,2551.6775	290.43405,281.9826,2588.308	246.28471,458.92444,2638.2795	296.93234,373.55127,2582.1604	251.55989,283.535,2557.4067	300.50146,453.0509,2643.9417	315.98242,145.808,2760.8535	250.54883,243.55154,2361.451	
267.92496,138.1507,2686.8145	267.74756,189.33968,2643.147	239.46962,189.87575,2624.1697	223.53394,241.00482,2570.4546	267.74756,189.33968,2643.147	295.62234,188.81125,2662.1243	343.0392,187.91792,2691.334	269.69742,235.37521,2609.1116	252.31384,283.45847,2562.3606	247.70947,377.912,2550.0757	290.89328,281.80505,2587.7917	246.35538,458.93243,2636.3071	297.58762,374.3601,2586.341	252.31384,283.45847,2562.3606	303.63513,461.69473,2663.7292	314.93524,144.37967,2729.0164	253.13469,242.18964,2352.7646	
269.6353,137.4505,2691.1387	269.52673,187.06891,2630.844	241.6507,186.99199,2608.4011	223.54353,241.59802,2575.7463	269.52673,187.06891,2630.844	296.9312,187.14453,2653.2869	343.49832,180.76167,2684.956	270.77615,234.26183,2602.1184	251.98349,283.04456,2557.5374	247.91595,377.16724,2547.77	291.87766,281.97864,2589.2483	246.54625,458.02878,2631.029	297.68558,375.26782,2591.755	251.98349,283.04456,2557.5374	304.36206,461.87494,2669.549	316.03384,140.48422,2728.4485	253.97134,242.29797,2359.9941	
270.83786,137.2782,2691.5776	269.2905,187.48517,2634.1594	240.77966,188.1026,2619.2085	223.81601,241.15512,2579.028	269.2905,187.48517,2634.1594	297.47952,186.87471,2649.1104	345.27747,181.14706,2680.0735	271.0146,234.52678,2605.9883	252.90611,283.4058,2567.5955	248.46677,375.9406,2551.6252	292.48962,281.7937,2588.0388	246.56383,457.78156,2630.2585	298.0293,375.17365,2592.9573	252.90611,283.4058,2567.5955	303.26096,458.5357,2663.9827	320.98865,137.00273,2713.4595	251.36569,243.13979,2358.497	
270.23926,137.71909,2687.7202	270.186,186.95827,2632.7603	240.60008,187.6135,2622.7075	223.4956,240.13399,2577.6836	270.186,186.95827,2632.7603	299.54684,186.30801,2642.813	349.82532,180.95647,2648.42	271.5249,234.46135,2607.62	253.5615,283.55783,2576.027	248.98694,375.47632,2557.892	292.12195,282.22412,2588.9329	252.27872,455.39197,2660.3809	298.2359,375.20648,2593.2642	253.5615,283.55783,2576.027	302.6195,455.97372,2650.4263	325.31427,130.65775,2705.441	252.62024,242.49716,2353.9727	
271.2373,137.63564,2686.77	270.6071,187.03006,2631.4841	240.31546,187.67514,2623.4917	224.36313,241.22856,2608.9277	270.6071,187.03006,2631.4841	300.71524,186.3889,2639.4766	352.2832,181.69186,2634.9407	271.7549,234.73453,2608.3074	253.673,283.89084,2580.134	250.31859,376.50494,2575.6294	292.09937,282.70023,2590.1272	250.96532,458.22052,2661.437	298.51154,375.0907,2594.7427	253.673,283.89084,2580.134	303.15317,454.24304,2646.3872	337.38455,127.08712,2649.5388	241.95921,247.55418,2378.6265	
272.878,137.91418,2677.7222	271.8019,186.97516,2626.3186	241.08224,187.54707,2622.2307	225.21576,241.11401,2622.9995	271.8019,186.97516,2626.3186	302.4261,186.40504,2630.4065	357.934,180.59012,2615.1238	272.5936,234.74808,2606.5754	254.22571,283.70084,2584.3176	249.55072,375.7364,2574.3606	292.5318,282.80045,2589.347	249.81714,456.94897,2655.2961	299.03366,375.4608,2595.8877	254.22571,283.70084,2584.3176	302.8462,455.2987,2647.764	349.75763,122.992035,2601.0332	244.12079,247.00404,2374.2258	
274.78537,137.68408,2659.2634	272.58264,186.61607,2620.5647	241.83011,187.18854,2618.209	230.04466,239.81613,2626.023	272.58264,186.61607,2620.5647	303.2799,186.04462,2622.9204	360.6634,181.33546,2599.2686	273.31943,234.48901,2604.1768	254.76447,283.38202,2586.3284	249.36221,375.59705,2574.205	293.34485,282.55502,2589.2493	250.09497,455.96555,2661.7202	299.4505,375.16254,2598.4148	254.76447,283.38202,2586.3284	303.4441,453.93384,2643.1438	364.30063,123.76726,2540.3188	246.9719,244.46991,2369.8862	
276.55142,136.21841,2635.5332	272.97882,186.50244,2615.5708	241.52353,187.17935,2618.076	229.72598,240.02965,2631.5618	272.97882,186.50244,2615.5708	304.49442,185.82425,2613.0657	361.39716,185.43936,2582.095	273.64825,234.4332,2602.4436	255.09909,283.2073,2590.8315	249.37848,375.6069,2576.0273	293.57242,282.49216,2587.8013	250.72726,455.3072,2643.8933	299.4648,374.99805,2596.5032	255.09909,283.2073,2590.8315	304.43875,452.2342,2638.137	383.5463,125.41489,2469.057	245.5474,246.35083,2372.909	
278.98013,134.35269,2617.2834	274.82202,187.36986,2602.441	242.23773,187.98553,2615.8157	230.89117,242.2119,2650.9834	274.82202,187.36986,2602.441	307.74295,186.74783,2589.0662	363.49878,191.0781,2549.1313	275.1701,234.76633,2598.3267	256.63263,282.38858,2601.9229	249.27321,375.92303,2577.786	294.51862,282.23718,2586.502	250.47253,455.1938,2654.9937	299.83353,374.3585,2595.879	256.63263,282.38858,2601.9229	302.0398,448.80154,2620.866	396.6153,131.30566,2403.3372	247.14668,250.70383,2376.9065	
280.4318,133.83838,2605.963	276.50287,188.34724,2597.866	243.84415,188.39594,2613.7092	230.92981,242.0164,2651.6362	276.50287,188.34724,2597.866	309.56235,188.29796,2582.0227	365.13605,194.5152,2527.965	276.12082,235.87904,2597.8591	256.61682,283.10217,2607.1064	249.70456,375.35373,2580.938	294.9975,283.72223,2588.5981	250.426,452.72125,2649.7046	300.97345,375.10483,2602.77	256.61682,283.10217,2607.1064	306.52243,446.32117,2604.059	410.24323,149.31567,2324.1152	247.69243,252.70885,2372.7913	
281.51175,133.93512,2601.582	279.12915,190.90762,2589.384	248.39801,190.09695,2604.645	232.46802,240.80472,2663.4788	279.12915,190.90762,2589.384	310.22467,191.7279,2574.123	365.56122,201.3615,2512.9211	277.73047,238.43994,2596.4575	257.29657,284.86697,2613.023	249.79013,373.41916,2577.1323	295.5216,286.56717,2594.039	250.40128,449.8944,2643.869	300.77893,377.0352,2606.4463	257.29657,284.86697,2613.023	305.82727,447.5479,2609.397	417.06784,178.79436,2265.1448	248.8356,250.387,2361.696	
283.28763,135.24954,2596.3232	280.12866,192.53088,2585.92	249.86893,191.50768,2600.1443	233.34958,243.53087,2657.914	280.12866,192.53088,2585.92	310.7231,193.56541,2571.6956	363.4517,209.65933,2491.0825	278.43124,240.602,2594.2627	257.90598,287.40094,2611.5051	250.06534,377.7858,2588.6953	295.7127,289.33554,2593.7058	256.5199,446.66458,2676.5017	300.21347,380.2433,2605.1794	257.90598,287.40094,2611.5051	305.16913,450.1746,2610.3286	414.56137,214.26126,2231.4883	253.63922,253.5811,2360.705	
286.33014,138.91528,2576.717	280.56363,193.7126,2580.5232	250.34119,192.55942,2594.1567	232.88678,242.8327,2653.7627	280.56363,193.7126,2580.5232	311.10712,194.87804,2566.8896	361.1006,214.74437,2486.1523	278.8229,242.17839,2593.2087	257.93964,289.11926,2614.6106	250.74945,380.1067,2603.1487	296.38724,291.23245,2597.178	251.6077,457.6113,2653.7427	299.82117,380.76144,2600.6333	257.93964,289.11926,2614.6106	305.47156,452.3354,2627.008	399.04532,255.43779,2234.3213	254.48413,256.5534,2348.1226	
288.51862,139.98424,2563.4087	280.87433,194.84984,2574.3103	250.69229,193.67932,2588.1611	233.59534,244.38025,2648.8906	280.87433,194.84984,2574.3103	311.38293,196.03302,2560.4595	346.2617,236.81483,2482.1162	279.35754,242.8853,2592.928	258.2604,289.14355,2620.659	250.40085,380.77875,2604.5085	297.60162,291.33585,2602.4324	251.17346,457.989,2662.023	299.54596,380.72107,2599.5764	258.2604,289.14355,2620.659	305.53143,454.57233,2632.5535	388.45276,283.4236,2265.9028	252.8786,258.85345,2352.4314	
289.41473,140.65039,2553.3013	281.12625,195.46371,2570.742	250.92621,194.27676,2584.2058	234.09183,245.67482,2643.572	281.12625,195.46371,2570.742	311.64432,196.66318,2557.278	343.58917,239.51707,2496.4226	279.71875,243.53224,2592.9136	258.65796,289.68817,2623.997	250.67365,376.68484,2601.5852	298.1469,291.89066,2606.1733	251.30704,456.75153,2667.5378	299.03253,382.85944,2601.7805	258.65796,289.68817,2623.997	302.9619,477.17383,2666.0457	361.97,297.70367,2331.8462	256.09558,261.04114,2344.4387	
290.2876,141.16425,2542.0454	281.4597,196.09683,2568.482	251.25546,194.9013,2580.0337	233.96677,246.51398,2634.9585	281.4597,196.09683,2568.482	311.9368,197.30316,2556.9302	337.10815,247.37042,2509.8816	280.18338,244.0292,2595.192	258.89514,289.90958,2629.716	251.15451,377.70987,2606.397	299.09082,292.0668,2614.0876	251.36798,456.3175,2672.622	298.73828,384.47534,2600.902	258.89514,289.90958,2629.716	302.0554,477.4643,2665.3208	341.89514,323.69147,2384.3857	256.06876,261.5327,2344.3755	
290.63147,142.0987,2531.816	281.57446,197.7403,2567.143	251.18655,196.48425,2580.0806	233.58054,248.65259,2632.229	281.57446,197.7403,2567.143	312.2702,199.00906,2554.2056	330.9493,251.45656,2528.3186	280.35034,245.01428,2595.7551	258.9455,290.10992,2633.151	251.62329,377.6546,2609.8567	299.49603,292.4127,2615.5835	250.7074,457.0528,2638.3643	298.00525,387.74756,2603.8176	258.9455,290.10992,2633.151	301.72464,476.9256,2667.7097	324.6915,323.6064,2417.5107	259.19305,263.73334,2337.883	
290.42337,142.01572,2528.7085	281.4197,198.00339,2566.9644	251.13086,196.75838,2581.1562	234.0649,248.96486,2634.3901	281.4197,198.00339,2566.9644	312.04535,199.26224,2552.772	326.23233,253.94731,2532.9019	280.26105,245.15173,2596.0017	258.79358,290.07645,2634.769	253.58508,376.6861,2624.5032	299.6138,292.44635,2615.309	250.23149,456.36816,2619.1887	303.08435,385.68054,2613.486	258.79358,290.07645,2634.769	305.92905,469.36316,2666.3076	310.17828,315.88745,2473.1877	258.84943,264.17438,2345.3042	
290.70334,142.54422,2520.9504	281.39078,199.21338,2567.967	250.95337,197.8976,2581.5059	234.29631,250.48737,2635.9836	281.39078,199.21338,2567.967	312.15082,200.54312,2554.4282	318.91028,258.44614,2555.4658	280.1869,246.05113,2598.231	258.64648,290.6046,2637.7542	253.26996,378.00278,2625.547	299.51892,293.0246,2619.2356	249.15395,456.29694,2615.538	301.6507,390.19568,2626.1807	258.64648,290.6046,2637.7542	312.38354,476.12946,2774.9287	293.78796,308.91748,2516.3616	257.58185,264.73306,2336.9177	
294.80878,146.46623,2497.9692	281.26938,200.50047,2569.3057	250.61998,199.05307,2580.2227	234.37405,252.02014,2633.381	281.26938,200.50047,2569.3057	312.18036,201.96024,2558.3887	314.6961,261.04175,2569.7705	279.88843,247.68648,2602.2065	258.43723,292.48566,2642.444	253.20715,379.66125,2629.9705	298.75897,294.9095,2627.7708	248.05283,456.11664,2628.3218	300.8085,389.05194,2632.8809	258.43723,292.48566,2642.444	312.4054,473.259,2768.3364	299.92316,299.17587,2498.8945	260.28952,265.28546,2329.1248	
294.1349,145.8265,2500.703	281.58102,201.15778,2569.984	250.63525,199.50047,2579.2354	234.52295,252.8101,2632.519	281.58102,201.15778,2569.984	312.75037,202.82706,2560.7324	311.9147,262.13525,2575.489	279.86206,248.52724,2603.5986	258.23892,293.40405,2643.3276	253.07867,380.59863,2629.1533	298.22763,295.9802,2631.099	248.55487,454.75903,2642.405	301.0261,387.46375,2630.6333	258.23892,293.40405,2643.3276	312.8017,470.98257,2771.711	321.8416,335.04263,2679.727	261.23306,264.76736,2334.3308	
295.0438,146.93118,2496.4668	281.82202,201.77084,2570.4023	250.86996,200.00618,2578.452	234.4201,253.1858,2631.5437	281.82202,201.77084,2570.4023	312.96854,203.5466,2562.3528	307.4675,263.52246,2581.7983	279.91513,249.12337,2604.4304	258.00644,293.92175,2643.8071	253.0094,380.93756,2629.5505	298.18988,296.59262,2633.1099	248.42667,454.79718,2643.1504	301.24173,387.23428,2633.872	258.00644,293.92175,2643.8071	312.96918,469.27118,2773.4333	322.2887,332.07193,2684.414	260.25433,263.30414,2343.9705	
295.362,147.08066,2493.1484	282.0616,201.77751,2570.5269	251.03015,200.11508,2577.6099	234.41582,253.34035,2627.0247	282.0616,201.77751,2570.5269	313.26456,203.44913,2563.4438	309.34967,258.98203,2591.0393	280.27563,248.81053,2603.704	258.1662,293.40088,2641.6475	253.306,380.336,2630.3596	298.9768,295.92368,2632.1152	245.1336,457.3606,2659.9531	300.75525,386.84692,2628.7544	258.1662,293.40088,2641.6475	310.90054,462.68118,2688.1746	321.7725,330.69672,2662.2634	262.402,261.70535,2353.374	
294.79813,146.44739,2495.3298	282.15958,200.5379,2573.9067	250.97916,199.0072,2578.3164	232.64603,251.35167,2620.2986	282.15958,200.5379,2573.9067	313.44702,202.07387,2569.497	309.04706,261.13474,2587.477	280.42786,248.00883,2605.1846	258.18927,293.23874,2639.4377	253.7757,380.40842,2635.6763	299.3316,295.4706,2633.487	246.62466,456.4262,2646.5962	300.8003,386.89713,2628.3184	258.18927,293.23874,2639.4377	308.39447,462.2152,2655.5342	305.09216,309.9395,2574.2886	266.59436,258.35092,2353.3694	
294.741,146.30707,2496.6958	281.83295,201.14877,2573.935	250.72882,199.66167,2579.456	232.93875,251.82292,2624.0273	281.83295,201.14877,2573.935	313.07083,202.64227,2568.414	310.60352,258.15048,2589.2793	280.20413,248.27821,2604.765	258.20703,293.19836,2639.3018	253.96858,380.80127,2639.6018	299.0773,295.41486,2631.8877	247.34262,458.26526,2638.8604	300.92413,386.88678,2627.742	258.20703,293.19836,2639.3018	307.49902,466.4837,2657.9355	316.81046,320.81537,2609.7842	266.1736,257.8443,2349.3708	
294.72208,146.08029,2499.272	281.7544,201.29077,2573.9307	250.75803,199.70871,2579.287	233.05962,251.80312,2624.8938	281.7544,201.29077,2573.9307	312.88004,202.87943,2568.5742	312.52985,256.24844,2590.223	279.96304,248.5322,2604.6128	258.19946,293.52658,2638.8342	253.65903,380.85312,2636.788	298.28122,295.82367,2631.7556	247.25409,459.18,2631.136	300.7991,387.07733,2626.7173	258.19946,293.52658,2638.8342	307.2818,469.51025,2663.3438	316.18503,318.85733,2610.1934	266.53662,256.6428,2353.6682	
294.37863,145.70439,2501.1167	281.72052,200.67688,2577.1006	250.79568,199.15726,2580.3545	233.07854,251.00452,2626.0676	281.72052,200.67688,2577.1006	312.72357,202.20035,2573.8467	313.6739,255.09525,2586.058	279.90787,248.01938,2605.49	258.11615,293.281,2636.0315	253.58519,380.60892,2633.0957	298.18518,295.40332,2631.7273	247.1349,458.18948,2630.8752	300.76276,387.03214,2627.5217	258.11615,293.281,2636.0315	307.33463,469.08368,2665.73	314.78516,319.37137,2609.1394	269.51242,255.05124,2355.2131	
294.24954,145.57153,2500.9995	281.61194,200.4824,2575.1306	250.74066,198.95918,2579.6025	233.5553,250.60219,2628.951	281.61194,200.4824,2575.1306	312.59064,202.01093,2570.6587	314.39758,254.32118,2581.5808	279.83835,247.77856,2604.252	258.06744,292.93457,2636.34	253.38727,380.43573,2631.4028	298.1857,295.1252,2630.4065	246.4982,458.65332,2627.556	300.84094,386.98596,2627.2275	258.06744,292.93457,2636.34	307.2699,468.8162,2665.7822	315.3601,321.22156,2606.3413	269.62088,254.24808,2355.1787	
294.2206,145.75702,2499.8826	281.6238,200.67711,2575.5435	250.5199,199.0947,2579.8843	234.76247,250.33176,2627.8425	281.6238,200.67711,2575.5435	312.83276,202.26486,2571.2026	314.5719,254.10742,2582.578	279.76532,247.89905,2604.0686	257.77295,292.96912,2635.4705	253.23096,380.2826,2630.396	298.16547,295.22867,2629.717	246.61621,457.9359,2632.403	300.45163,386.9152,2624.8555	257.77295,292.96912,2635.4705	307.0098,466.2951,2665.7678	316.23782,325.1347,2607.4473	272.2835,253.98236,2350.946	
294.0167,145.78802,2500.4424	281.58728,200.15132,2576.7148	250.54675,198.54059,2579.8088	236.60577,250.8792,2600.973	281.58728,200.15132,2576.7148	312.70242,201.7659,2573.6208	314.45718,254.53267,2581.799	279.63397,247.82477,2605.5469	257.7536,293.34552,2636.4136	251.85292,380.88824,2625.571	297.72406,295.56558,2632.3442	248.44324,459.8025,2675.4602	300.2954,386.99133,2624.6064	257.7536,293.34552,2636.4136	304.84167,467.8411,2692.4053	300.4271,319.19754,2441.7837	276.15033,255.1359,2348.4758	
293.77835,145.63702,2500.663	281.67072,199.83382,2577.4797	250.63629,198.1984,2579.6243	236.19844,250.60616,2588.8403	281.67072,199.83382,2577.4797	312.75684,201.47195,2575.3352	315.6108,254.3818,2579.04	279.644,247.72215,2606.297	257.62863,293.45645,2636.5295	252.03152,381.1281,2628.2747	297.71622,295.6709,2633.6995	248.4025,460.38303,2681.7798	300.0733,387.5879,2625.7812	257.62863,293.45645,2636.5295	304.71063,468.35504,2695.0032	314.5325,318.1972,2417.0137	272.34604,256.8777,2353.0476	
293.37045,145.63391,2502.3206	281.68747,199.92964,2576.3713	250.71481,198.30363,2579.1262	236.19803,251.07184,2585.9014	281.68747,199.92964,2576.3713	312.7264,201.55913,2573.6165	316.7438,254.13991,2577.832	279.69107,247.77412,2605.398	257.68118,293.44568,2636.2483	252.42462,381.3115,2631.4092	297.82397,295.68442,2632.6008	248.28299,460.49686,2688.6047	299.91168,388.1063,2625.2087	257.68118,293.44568,2636.2483	304.85233,468.17834,2694.3584	327.80035,316.9195,2417.0195	280.39267,256.83624,2349.9932	
292.81885,145.38934,2504.124	281.5721,200.17494,2576.3396	250.55359,198.54083,2579.2576	235.92395,251.34435,2583.6614	281.5721,200.17494,2576.3396	312.66098,201.81277,2573.4216	317.6524,254.26418,2577.7952	279.57227,247.9951,2605.297	257.54242,293.63696,2636.1848	253.55823,383.01868,2641.969	297.7198,295.89252,2632.3245	248.07043,460.95505,2694.6536	300.16394,388.206,2626.3445	257.54242,293.63696,2636.1848	305.51233,467.3429,2701.6763	338.0837,311.72348,2417.1084	281.0805,257.13052,2358.4875	
292.67117,145.2678,2503.6143	281.52847,199.94269,2577.056	250.4543,198.36476,2578.6504	235.69498,251.14554,2583.14	281.52847,199.94269,2577.056	312.64114,201.52255,2575.4614	320.3134,254.46358,2578.6687	279.5803,247.88864,2605.964	257.53482,293.72174,2635.9287	253.26505,382.85095,2639.7856	297.83105,295.84415,2633.816	248.46674,465.6507,2692.019	300.29813,388.06097,2628.3943	257.53482,293.72174,2635.9287	306.21457,466.5031,2708.807	346.16418,306.20273,2432.7634	284.4184,259.55515,2340.5698	
292.56827,145.03262,2503.859	281.40643,199.2825,2578.5632	250.46713,197.7933,2578.7502	235.74579,251.1713,2589.2708	281.40643,199.2825,2578.5632	312.35025,200.77194,2578.3762	323.15155,252.57909,2590.4058	279.53522,247.50607,2607.2205	257.5091,293.70447,2636.0024	253.4223,382.55582,2637.0654	297.9021,295.65775,2635.753	244.7016,465.67242,2677.4587	300.3111,387.87488,2628.8137	257.5091,293.70447,2636.0024	306.29565,466.33673,2711.3625	355.64587,308.24722,2443.8528	282.66266,258.82217,2350.7498	
292.1576,144.80197,2505.382	281.3363,199.19481,2580.1409	250.44931,197.76935,2579.4707	235.87369,251.10999,2589.7615	281.3363,199.19481,2580.1409	312.20728,200.61954,2580.811	325.04797,251.8659,2595.089	279.5459,247.41293,2609.1113	257.65378,293.6587,2637.635	253.4636,382.28278,2634.8813	297.92905,295.48508,2638.5286	244.05264,463.2542,2673.5686	300.2703,387.69876,2630.961	257.65378,293.6587,2637.635	306.20422,466.47327,2713.7708	359.459,303.5465,2452.6802	283.47504,258.37454,2351.5757	
291.72964,144.73639,2506.7832	281.04532,198.64876,2586.0212	250.43607,197.46002,2583.0117	236.12889,251.22339,2598.0264	281.04532,198.64876,2586.0212	311.58344,199.83472,2589.0308	326.2779,252.01128,2594.8496	279.52136,247.13933,2612.8032	257.98846,293.94095,2637.5735	253.38867,382.4902,2630.9167	298.03763,295.34976,2641.597	247.15787,459.54883,2659.331	300.32248,387.15952,2633.9993	257.98846,293.94095,2637.5735	305.74857,464.81427,2723.108	364.23288,303.30475,2453.7344	284.06195,257.5826,2360.711	
290.96042,144.46777,2508.3516	280.83588,198.4694,2585.6565	250.30783,197.36932,2582.8628	236.01257,251.26666,2597.9958	280.83588,198.4694,2585.6565	311.298,199.56712,2588.4502	327.16568,251.02847,2598.9546	279.45947,246.97906,2613.079	258.19263,293.83118,2638.6396	253.75903,383.1392,2630.156	298.00266,295.1302,2642.3638	248.33414,458.31702,2652.8494	300.2611,386.07208,2629.5576	258.19263,293.83118,2638.6396	298.83585,459.4415,2631.6914	349.4143,290.6487,2467.8933	281.4665,258.3825,2363.829	
290.00742,143.9389,2513.058	280.6878,198.32129,2584.3894	250.13351,197.24844,2581.9297	236.07068,251.26564,2598.6978	280.6878,198.32129,2584.3894	311.18402,199.39209,2586.849	327.30493,250.1854,2603.3347	279.375,246.80443,2612.651	258.20065,293.61105,2639.276	253.43155,382.7243,2629.9834	297.95523,294.88794,2642.5488	249.71233,460.8912,2616.5874	300.34244,386.36407,2629.3845	258.20065,293.61105,2639.276	302.03793,463.85294,2639.1948	351.02258,287.56793,2483.2854	277.67166,259.3301,2362.983	
289.0974,143.25264,2515.1052	280.10483,197.60817,2584.676	249.7127,196.68561,2580.4973	236.19376,250.58755,2599.9673	280.10483,197.60817,2584.676	310.39886,198.52774,2588.8547	328.14648,249.03543,2619.0503	278.99817,246.03793,2613.3887	258.10123,292.91483,2639.3152	253.05647,382.40872,2628.1199	297.68808,293.91428,2644.8875	249.79478,461.65515,2607.2632	300.0793,387.16492,2628.11	258.10123,292.91483,2639.3152	305.08975,473.5629,2643.264	352.76102,287.52765,2491.4502	279.4405,260.61566,2361.9514	
288.43134,143.0484,2516.2388	279.77078,197.87297,2583.898	249.14243,197.01855,2581.3623	236.34119,250.87277,2602.2717	279.77078,197.87297,2583.898	310.33908,198.72572,2586.4336	328.60437,247.78804,2629.1921	278.82132,246.3013,2612.6406	258.13037,293.18512,2639.7104	252.79694,382.63177,2628.0962	297.62964,294.1656,2643.0562	245.93369,457.9198,2614.384	299.8076,386.97327,2628.763	258.13037,293.18512,2639.7104	305.52878,471.8137,2649.061	353.34824,287.5207,2494.1804	279.3889,263.53986,2364.909	
286.85327,142.48758,2520.43	279.34857,198.15201,2582.948	248.52847,197.24144,2582.0327	235.95871,251.31961,2605.7778	279.34857,198.15201,2582.948	310.14685,199.06192,2583.8633	329.39212,246.59259,2638.6726	278.35907,246.0416,2610.5945	257.8673,292.37198,2637.6487	252.46802,382.0551,2626.3452	296.9045,293.48276,2638.8333	246.02054,454.89008,2613.0068	299.48764,387.5657,2631.349	257.8673,292.37198,2637.6487	304.6215,469.66284,2690.9329	359.37692,299.10117,2543.5852	278.64236,265.11606,2351.6174	
285.91833,142.38695,2523.5898	279.0418,197.55467,2583.5557	248.42514,196.75636,2581.3315	235.64957,250.80064,2607.1826	279.0418,197.55467,2583.5557	309.6058,198.3516,2585.7798	329.29135,244.67137,2653.9785	278.19308,245.64798,2611.466	257.76147,292.26562,2637.9214	252.02632,379.2954,2612.9731	296.94153,293.18222,2640.8315	246.21043,453.86432,2613.4038	299.31314,386.94263,2634.266	257.76147,292.26562,2637.9214	304.61743,469.76355,2695.272	355.64804,300.999,2565.6074	275.43533,267.18527,2370.6343	
286.08963,142.439,2522.8665	278.18112,197.18604,2585.2126	246.85326,196.6157,2584.6077	235.53629,251.00917,2607.791	278.18112,197.18604,2585.2126	309.49432,197.75609,2585.8176	328.8062,244.14648,2654.903	277.74014,245.50423,2612.8022	257.6111,292.46814,2640.0032	252.07585,380.5606,2620.5598	296.99988,293.15707,2640.7805	245.86577,454.04993,2615.2542	298.1499,384.54572,2641.3757	257.6111,292.46814,2640.0032	305.36047,468.70026,2700.0835	350.97546,302.82962,2577.332	273.07822,270.15494,2373.8813	
285.0614,141.88551,2525.3638	278.0648,196.7189,2585.5964	247.31757,196.25641,2584.2117	235.15884,250.45094,2611.1643	278.0648,196.7189,2585.5964	308.7791,197.18091,2586.9812	327.5999,243.8549,2660.1162	277.78198,245.05544,2614.63	257.84326,292.0673,2642.7578	252.34561,378.29834,2615.0376	297.154,292.59308,2644.5688	245.92198,453.71054,2615.9666	298.18973,384.42212,2639.3835	257.84326,292.0673,2642.7578	306.00497,466.75024,2706.692	343.4758,304.84216,2595.67	271.7198,271.63812,2374.0613	
283.48022,141.0882,2530.953	277.93567,196.81554,2584.9248	246.92303,196.33354,2583.191	233.81342,248.90976,2617.784	277.93567,196.81554,2584.9248	308.90677,197.29689,2586.6587	325.03488,248.25568,2668.128	277.62698,245.05814,2614.123	257.32516,291.96542,2642.1775	252.07292,379.50116,2616.0063	297.30777,292.50427,2644.465	246.94775,454.32294,2618.8762	298.49802,385.23267,2636.4448	257.32516,291.96542,2642.1775	303.53128,467.6443,2677.0742	337.6972,308.27554,2608.4941	269.7599,275.965,2368.3894	
282.84384,140.47314,2535.2903	277.4302,196.44127,2586.0686	246.4508,196.16203,2583.8093	232.74844,248.1066,2621.834	277.4302,196.44127,2586.0686	308.35553,196.72002,2588.328	322.979,250.15143,2672.619	277.41644,244.97966,2614.4841	257.29102,292.34756,2641.4004	251.80876,378.70343,2611.6294	297.4921,292.60095,2644.399	247.33478,453.86115,2620.4463	298.13116,384.7928,2634.6501	257.29102,292.34756,2641.4004	301.26215,466.53928,2661.0625	326.1658,310.43127,2604.4285	265.1367,279.18814,2387.5762	
282.45007,140.38622,2538.9758	276.7955,196.34085,2586.372	246.09775,196.31615,2582.7734	231.35114,248.89201,2621.3357	276.7955,196.34085,2586.372	307.40793,196.36551,2589.9707	319.23123,251.77461,2674.4727	277.16473,245.05457,2615.4216	257.448,292.76965,2642.0635	251.48747,377.98505,2610.066	297.56717,292.6265,2646.879	247.98752,453.0668,2622.8162	298.04956,384.42303,2632.6592	257.448,292.76965,2642.0635	301.17078,464.56683,2664.3088	321.39508,311.54266,2622.1853	263.87808,284.53015,2379.1758	
282.15988,140.36894,2542.6753	276.7608,196.24756,2587.4224	246.1452,196.18959,2583.9333	232.1824,250.18553,2621.2788	276.7608,196.24756,2587.4224	307.2939,196.30539,2590.9114	315.7424,253.91609,2665.0608	277.0749,244.69522,2616.0085	257.6058,292.14163,2642.29	251.2572,378.4771,2610.3806	297.12418,292.04944,2646.8994	248.45955,452.18488,2623.9717	298.06744,385.44,2625.4583	257.6058,292.14163,2642.29	304.18973,462.21765,2706.6357	313.591,312.6983,2591.1775	259.93094,289.15405,2375.014	
281.83563,140.23499,2544.6443	276.8123,195.68498,2589.8176	245.85785,195.59799,2587.9387	230.69138,249.77829,2624.8857	276.8123,195.68498,2589.8176	307.72183,195.77182,2591.6965	314.09445,253.68298,2667.91	277.0939,244.4365,2616.9622	257.69086,292.17627,2642.887	251.27983,377.70557,2609.0686	297.03052,292.19775,2645.3264	249.23386,451.29553,2631.0332	298.0838,384.76157,2627.3367	257.69086,292.17627,2642.887	304.86456,461.48703,2710.9463	306.9491,309.91806,2523.4045	255.44579,291.79922,2389.2063	
281.1922,139.70161,2551.5212	277.27484,196.04236,2597.2598	245.88062,195.8371,2591.5996	229.54575,248.55197,2629.2664	277.27484,196.04236,2597.2598	308.5325,196.24672,2602.92	311.03497,248.2966,2661.9858	277.27942,244.495,2620.3167	257.5947,292.10522,2639.7578	251.56207,378.5121,2608.2104	296.9194,292.09955,2646.9893	249.4479,451.20114,2641.0574	297.62766,379.56946,2617.1047	257.5947,292.10522,2639.7578	304.9568,455.05768,2687.91	306.95816,309.60352,2525.2915	251.81842,295.21274,2392.5874	
280.9282,139.55765,2555.9167	277.1136,195.92836,2599.864	246.03574,195.8873,2593.4146	230.86404,244.00578,2630.7112	277.1136,195.92836,2599.864	308.0376,195.96924,2606.3135	311.88507,245.14572,2676.6743	277.35318,244.10103,2621.437	258.24338,291.60965,2638.9248	251.83658,378.11823,2605.3303	296.87466,291.3653,2647.0952	249.7374,452.08087,2638.9194	297.1312,375.9715,2608.6418	258.24338,291.60965,2638.9248	304.56693,455.42505,2648.7249	304.47366,306.10397,2515.7717	245.19019,295.5428,2411.5593	
280.7509,139.09146,2563.5308	276.83646,195.35286,2598.7925	245.86932,195.58466,2592.6384	229.913,245.35376,2628.0134	276.83646,195.35286,2598.7925	307.65726,195.12218,2604.9465	310.8912,243.93866,2675.8477	277.50012,243.56393,2619.5518	259.41858,291.29453,2636.5244	252.67636,377.8863,2595.9116	296.83456,290.74005,2644.0977	249.44516,453.48395,2638.3748	296.98215,374.40222,2602.739	259.41858,291.29453,2636.5244	302.9423,456.871,2652.2837	303.9397,303.6219,2515.3232	240.95297,298.05325,2418.524	
280.04272,138.58804,2582.2412	276.82547,195.2096,2602.842	245.70433,195.34134,2595.5583	229.28192,246.0356,2629.952	276.82547,195.2096,2602.842	307.77292,195.0786,2610.1257	310.2348,243.09413,2673.927	277.31577,243.49258,2621.1567	258.8912,291.3491,2634.9785	252.48239,376.9417,2594.7117	296.64304,290.8628,2643.9644	249.65408,453.642,2637.0596	297.29657,374.3485,2603.5493	258.8912,291.3491,2634.9785	301.33588,458.11792,2663.7412	300.79272,293.76712,2506.03	236.84845,297.42407,2413.1902	
280.19952,138.6209,2576.1064	276.5915,194.4569,2608.509	245.57915,194.595,2600.6755	228.54105,245.49205,2631.32	276.5915,194.4569,2608.509	307.41812,194.3196,2616.3425	310.1688,241.96376,2674.7896	277.07724,242.55519,2622.5303	258.6504,290.40186,2631.718	252.125,377.24887,2591.7542	296.39612,289.8829,2641.385	249.48746,454.07007,2636.3413	297.7201,374.1319,2609.6753	258.6504,290.40186,2631.718	302.26852,456.54987,2662.703	300.30347,288.97955,2504.3347	236.39313,300.52722,2410.61	
280.21945,137.94069,2580.3235	276.33118,194.5465,2608.0598	245.17574,194.71591,2600.8828	227.39932,245.5688,2630.0747	276.33118,194.5465,2608.0598	307.31564,194.378,2615.2368	312.1869,235.3713,2668.206	276.86533,242.66449,2622.742	258.22287,290.51352,2632.953	252.08603,377.3753,2593.9338	296.49927,289.98087,2641.8953	250.56061,453.2441,2622.1003	297.04007,379.02344,2615.1116	258.22287,290.51352,2632.953	302.45364,457.32147,2663.9019	286.53683,291.43976,2522.8794	235.08401,302.73666,2408.4321	
280.2381,137.78905,2579.8318	276.3248,194.67152,2609.729	244.86942,194.43887,2596.5918	226.84323,245.94942,2624.2253	276.3248,194.67152,2609.729	307.4651,194.90186,2622.8662	315.67624,238.8013,2674.447	276.2835,243.34076,2619.1587	256.1161,291.8259,2620.1067	252.38344,375.74298,2598.5334	296.23944,291.49673,2637.07	249.87823,452.24316,2632.085	297.43033,379.9922,2608.8513	256.1161,291.8259,2620.1067	302.34222,458.18585,2658.7415	287.15524,284.66785,2524.962	231.7205,303.51587,2398.7202	
280.28442,136.98482,2586.4841	276.17746,194.69936,2608.447	244.71652,194.40329,2599.388	226.08417,245.8235,2627.029	276.17746,194.69936,2608.447	307.42062,194.99338,2617.506	313.67654,238.25363,2673.1016	275.99228,242.54535,2618.0295	256.6067,290.06445,2622.0352	253.71227,370.67694,2573.5461	294.9289,290.0204,2633.189	250.89241,450.4174,2630.1475	297.64224,378.7279,2608.6394	256.6067,290.06445,2622.0352	302.01758,458.66412,2665.1404	290.8487,288.57004,2497.0654	233.45392,303.15906,2400.7195	
280.15295,136.69046,2591.8245	276.05765,194.39526,2611.444	244.64194,194.04019,2604.6433	225.6814,245.3641,2633.0688	276.05765,194.39526,2611.444	307.31015,194.74847,2618.2449	310.72086,237.82623,2656.8489	275.75024,242.01994,2619.5823	256.75464,289.28592,2623.6453	254.71957,367.70377,2562.7778	294.07697,289.41318,2631.7957	251.25218,442.3488,2639.452	297.91168,377.72653,2610.2656	256.75464,289.28592,2623.6453	301.35577,458.06494,2670.5996	291.1695,290.8188,2493.29	232.29565,301.91098,2400.2349	
280.01562,136.49733,2596.0205	275.84128,194.15039,2614.8862	244.41626,193.6286,2610.261	224.74951,245.25731,2642.3132	275.84128,194.15039,2614.8862	307.15536,194.67033,2619.5115	312.0287,237.76399,2654.3882	275.23285,241.31728,2620.3591	255.78555,288.07474,2623.0454	254.12106,366.1908,2561.5732	293.4283,288.4999,2628.6187	251.66487,444.87433,2629.2422	298.03717,377.05588,2610.8125	255.78555,288.07474,2623.0454	300.83026,456.87158,2670.6938	291.76828,286.1493,2488.496	230.23979,301.30698,2403.8955	
279.57452,136.73471,2612.158	275.7626,194.29935,2613.4336	244.44023,193.59145,2611.974	225.13443,244.83694,2643.7192	275.7626,194.29935,2613.4336	307.05,195.00647,2614.893	312.9206,237.53653,2615.274	274.8216,240.98596,2618.555	256.0097,287.1161,2622.8398	253.30273,364.612,2559.1863	291.74744,287.86432,2624.5127	252.28282,443.25055,2622.6904	297.31174,371.88354,2611.2493	256.0097,287.1161,2622.8398	299.01672,454.3259,2669.3582	304.50464,293.25125,2469.8403	230.56209,298.0739,2405.9927	
279.21964,136.76956,2621.5974	275.57355,194.0741,2614.707	244.40338,193.31776,2611.145	223.99387,245.68303,2645.8894	275.57355,194.0741,2614.707	306.65894,194.82835,2618.269	312.72296,243.18524,2613.8845	274.58093,240.58478,2618.473	255.21759,286.59076,2620.132	253.36417,366.2344,2562.9612	291.93518,287.33237,2624.3455	251.3794,448.42755,2597.9802	298.0654,371.58105,2608.378	255.21759,286.59076,2620.132	299.01312,451.76874,2662.693	307.39276,295.3384,2460.1191	229.02515,299.12537,2386.8762	
278.99112,136.57173,2630.2478	275.47833,193.73029,2616.324	244.34601,192.9767,2611.229	224.21481,245.39731,2642.1	275.47833,193.73029,2616.324	306.4897,194.48093,2621.419	312.45847,246.7258,2614.858	274.49442,240.50687,2617.9663	254.44037,286.87497,2616.4817	253.29446,367.90906,2568.375	292.53757,287.57382,2622.7356	250.87598,448.5999,2599.6243	298.1854,371.27643,2603.1035	254.44037,286.87497,2616.4817	299.14563,450.98383,2655.115	312.25375,297.77594,2445.2942	232.15591,296.15088,2413.3896	
278.80444,136.74603,2633.1003	275.5248,193.57326,2616.1426	244.43484,192.57864,2608.1794	223.44875,245.85213,2636.1042	275.5248,193.57326,2616.1426	306.42612,194.56183,2624.1057	312.64008,248.6669,2620.0518	274.22702,240.17276,2613.3699	253.46149,286.427,2605.6177	253.30333,369.96692,2571.6677	292.31735,287.3138,2615.5767	248.98286,451.41644,2602.7812	298.01517,372.46704,2597.4727	253.46149,286.427,2605.6177	299.1447,451.354,2646.6794	316.11737,302.30145,2466.434	232.65524,296.1285,2403.3325	
278.4152,137.08374,2639.3674	275.5603,193.55888,2614.9048	244.59158,192.53152,2603.4915	221.82294,246.65674,2623.283	275.5603,193.55888,2614.9048	306.25983,194.5773,2626.318	312.733,248.29526,2623.6187	274.32004,240.02217,2609.0498	253.58792,286.30505,2596.0364	253.12312,370.73346,2575.314	292.45355,287.08173,2610.3533	249.07098,452.32043,2607.948	297.83243,373.8034,2594.709	253.58792,286.30505,2596.0364	299.34888,451.84573,2642.0667	321.75632,298.84265,2491.067	235.92628,298.77383,2395.0195	
278.18723,137.21265,2638.7158	275.41623,193.42361,2616.7026	244.50424,192.40616,2602.9055	222.24316,246.41644,2622.411	275.41623,193.42361,2616.7026	306.00397,194.43039,2630.4998	314.10013,248.24162,2630.863	274.28613,239.93932,2608.0325	253.54913,286.43405,2590.659	252.09818,372.61993,2574.3745	292.617,287.0944,2608.0657	250.35309,457.2076,2618.9846	297.9209,374.6562,2591.3875	253.54913,286.43405,2590.659	299.57214,452.66534,2637.067	324.7715,301.555,2504.409	237.01129,297.79126,2389.2668	
278.31808,137.59717,2642.727	275.2037,193.32214,2617.5845	244.37614,192.38425,2603.0327	223.0778,245.89961,2623.2166	275.2037,193.32214,2617.5845	305.69043,194.24966,2632.1362	316.35925,243.92744,2651.9148	274.22812,239.62215,2608.8599	253.52249,285.9652,2590.8718	251.82999,372.95685,2574.795	292.8294,286.49863,2609.3987	248.97668,455.3216,2639.2026	297.94186,374.4895,2591.0317	253.52249,285.9652,2590.8718	299.7299,452.64465,2635.4531	329.8352,297.39868,2537.029	239.15407,296.7695,2374.4202	
278.56805,137.49438,2642.1926	274.82828,193.36623,2619.438	243.88437,192.55725,2606.24	223.64774,245.70238,2622.9312	274.82828,193.36623,2619.438	305.46194,194.16707,2632.636	317.60025,242.05751,2665.1501	274.0047,239.26143,2609.6626	253.4349,285.28342,2591.5176	250.88312,373.60553,2578.1738	292.78818,285.71872,2608.2568	248.57043,454.08844,2652.5786	297.79822,374.50497,2590.4219	253.4349,285.28342,2591.5176	300.17612,452.68378,2633.3745	333.29758,297.60956,2561.8225	240.26663,295.59714,2362.7944	
278.39655,137.43651,2643.0981	274.58417,193.17552,2620.3093	243.79773,192.5693,2608.3862	223.86914,245.48386,2624.1072	274.58417,193.17552,2620.3093	305.09174,193.77625,2632.2324	318.4971,240.4774,2672.572	274.01392,238.75711,2609.7527	253.38501,284.58664,2591.4812	250.84326,372.98145,2580.1663	293.37436,284.83057,2606.911	248.56137,453.10956,2657.1462	297.66986,373.18634,2588.3306	253.38501,284.58664,2591.4812	300.89987,452.52728,2632.4255	335.45526,298.24207,2583.6833	241.5156,293.98004,2377.0994	
278.06534,137.74338,2645.3943	274.23087,192.95605,2620.513	243.75711,192.56013,2610.0645	224.16528,245.16959,2624.1514	274.23087,192.95605,2620.513	304.4626,193.34883,2630.9614	318.52563,239.24384,2682.9358	273.91086,238.23476,2609.3838	253.50128,283.88034,2591.4172	250.26483,373.65546,2582.1902	293.56946,283.92224,2605.092	248.4686,453.53583,2658.2107	297.227,372.75668,2584.5337	253.50128,283.88034,2591.4172	301.37903,452.27374,2630.6611	337.4435,298.44327,2598.5303	242.59294,293.70538,2374.7695	
278.02844,138.00447,2647.819	273.72714,192.50323,2622.5688	243.39084,192.39307,2614.205	224.61212,240.10864,2612.5098	273.72714,192.50323,2622.5688	303.87057,192.61269,2630.9326	318.56317,237.1174,2694.725	273.73752,237.63777,2610.283	253.59543,283.3188,2592.487	249.71281,373.7492,2583.68	293.8153,283.08014,2603.507	248.41838,453.34576,2657.9568	297.306,372.12283,2582.527	253.59543,283.3188,2592.487	301.56445,451.58392,2629.617	337.92004,297.7508,2622.1711	232.27365,286.19144,2389.1973	
277.26782,138.7378,2660.1536	272.51917,191.73254,2625.2349	242.37686,192.02675,2617.6758	226.25972,237.06017,2610.884	272.51917,191.73254,2625.2349	302.4884,191.44003,2632.794	318.02548,235.58778,2708.5125	273.096,237.10477,2611.3994	253.50839,283.33356,2592.5535	251.36807,371.18652,2575.4585	293.7719,282.58856,2602.5745	247.3281,452.2746,2630.7473	297.21655,371.41544,2582.8184	253.50839,283.33356,2592.5535	301.40668,450.92853,2630.902	337.31097,299.4504,2644.1304	242.27393,291.10156,2387.199	
277.40085,138.37244,2657.7476	271.88504,189.98285,2626.3474	240.68272,190.59662,2619.6287	227.96356,238.28381,2609.514	271.88504,189.98285,2626.3474	302.92813,189.37224,2633.0662	317.8717,232.69574,2717.3682	272.87506,235.59322,2613.1245	253.87604,282.2117,2595.634	253.25748,370.82986,2571.3948	293.8087,281.1251,2604.1692	245.8374,454.38202,2616.943	297.3318,369.60068,2582.922	253.87604,282.2117,2595.634	301.4095,449.36227,2631.6782	335.63614,295.61853,2653.5781	240.6983,289.87177,2390.3713	
277.3791,138.3835,2656.997	272.4965,191.09393,2625.177	241.8677,191.51746,2618.7314	228.86604,236.62045,2612.5217	272.4965,191.09393,2625.177	302.97525,190.6725,2631.6226	317.66965,233.86432,2715.7322	273.20984,236.37045,2612.861	253.9223,282.49878,2596.3704	252.09915,371.7453,2576.0264	293.87338,281.65417,2604.72	246.41042,454.56952,2629.566	297.37485,369.88617,2582.521	253.9223,282.49878,2596.3704	301.499,449.64856,2632.3625	334.12216,294.85217,2680.0132	240.68936,291.05548,2390.9468	
277.45673,138.37848,2656.5806	272.8108,191.63052,2625.961	242.52623,192.20825,2621.613	228.41971,238.76749,2618.1743	272.8108,191.63052,2625.961	302.9952,191.05469,2630.3088	315.52637,241.32639,2710.5347	273.64197,236.58244,2612.124	254.1739,282.50113,2595.4004	251.31161,372.11346,2577.039	294.745,281.52625,2601.1738	246.78918,453.9586,2636.9355	297.79047,370.7152,2584.374	254.1739,282.50113,2595.4004	301.76956,450.31067,2633.339	326.34555,299.95862,2698.2332	241.57759,288.89548,2392.1582	
277.4872,138.45978,2657.0117	272.63815,192.23752,2626.5608	242.78235,193.01163,2624.071	227.36362,244.1717,2622.3164	272.63815,192.23752,2626.5608	302.43738,191.46487,2629.0505	313.5505,244.1929,2708.111	273.68365,236.79518,2613.3628	254.23611,282.3952,2598.4717	250.94455,372.8903,2574.858	295.2167,281.2159,2601.858	246.94623,453.4254,2635.9712	299.19434,370.50757,2602.5085	254.23611,282.3952,2598.4717	302.51685,449.31152,2638.9893	326.57013,301.70117,2689.2976	242.76242,290.54004,2386.8384	
277.4048,138.60434,2658.959	272.8761,193.57684,2634.194	242.82562,194.0644,2626.1565	227.03171,245.89496,2630.4973	272.8761,193.57684,2634.194	302.74374,193.09225,2642.2317	312.80438,244.33464,2709.018	273.72922,237.63101,2618.2478	254.23752,282.7392,2596.9167	250.59264,373.65533,2574.1033	294.86395,281.71307,2607.6863	247.14249,453.98273,2637.8582	299.3673,371.26422,2610.9976	254.23752,282.7392,2596.9167	302.62335,449.33954,2642.7336	324.3294,301.3667,2694.8623	240.75922,291.10486,2394.5654	
277.2598,138.78494,2661.6055	272.66504,194.03954,2633.5127	242.8435,194.69135,2625.4915	226.65195,248.14624,2624.432	272.66504,194.03954,2633.5127	302.30548,193.3917,2641.534	312.27545,244.7461,2712.8792	273.77612,238.33841,2617.8865	254.41194,283.80432,2596.8083	250.83873,374.4494,2575.3557	295.3034,282.5369,2607.7122	247.26971,454.39645,2640.7722	298.61526,370.14807,2602.2268	254.41194,283.80432,2596.8083	302.478,448.9756,2642.825	320.52203,301.68494,2685.1826	245.00323,295.31332,2376.9678	
277.14972,138.887,2663.7524	272.49036,194.81416,2637.7979	242.71562,195.73544,2628.7175	226.50333,249.89551,2624.917	272.49036,194.81416,2637.7979	302.06076,193.8992,2646.8782	312.22684,244.94464,2710.9575	274.05508,238.96198,2622.6335	255.29013,284.46286,2601.3262	250.75899,375.12317,2573.357	295.89026,282.7877,2613.6123	247.28015,454.79938,2638.5232	298.45547,369.6857,2601.185	255.29013,284.46286,2601.3262	302.31314,448.66473,2647.0557	322.53214,299.99884,2695.298	245.12076,296.08795,2387.9946	
277.07477,138.8851,2664.9617	272.45148,195.05962,2641.1182	242.62128,195.84013,2629.6658	226.58708,250.68706,2624.0269	272.45148,195.05962,2641.1182	302.02408,194.28583,2652.5706	312.25964,246.15338,2717.126	273.91788,239.02545,2623.9873	255.10226,284.363,2599.1494	250.75153,374.92877,2574.4412	295.58508,282.77994,2614.5635	247.56534,454.4961,2637.9026	298.47284,370.69226,2601.8857	255.10226,284.363,2599.1494	302.91025,449.9131,2649.7312	322.19485,300.53845,2690.0676	247.12619,296.267,2372.8416	
276.92844,139.0947,2666.7373	272.48862,195.24702,2642.9404	242.76074,196.13147,2631.2114	226.80261,251.02672,2624.721	272.48862,195.24702,2642.9404	301.9538,194.37039,2654.6694	312.13727,246.24318,2713.8296	274.12567,239.03589,2624.8616	255.32657,284.3118,2598.8062	250.76703,375.05515,2573.9194	296.11948,282.55786,2614.7593	247.69467,454.4141,2637.3132	298.22702,370.28564,2601.785	255.32657,284.3118,2598.8062	303.06808,449.772,2650.0134	320.07437,300.81918,2662.9563	247.01996,295.35135,2377.8745	
276.80157,139.24586,2671.4963	272.5131,195.30598,2644.2761	242.85062,196.20343,2632.6016	227.27794,250.3274,2626.5334	272.5131,195.30598,2644.2761	301.91483,194.41641,2655.9507	311.96066,246.35225,2713.3137	274.1787,239.27043,2625.0112	255.27448,284.78122,2597.7441	250.6289,375.51538,2573.5823	296.33734,282.99417,2613.7485	247.66423,454.89502,2636.7874	298.04706,369.95428,2601.5742	255.27448,284.78122,2597.7441	303.1154,449.44827,2650.2437	319.07852,296.5319,2627.444	247.80482,295.75583,2373.964	
276.73294,139.16606,2674.7473	272.40424,195.08109,2643.92	242.79169,196.03491,2634.3047	227.25925,249.72012,2628.1365	272.40424,195.08109,2643.92	301.80215,194.13417,2653.5352	311.71915,246.19287,2714.3303	274.0396,239.06331,2624.926	255.28055,284.56772,2599.3875	250.49762,375.39438,2575.311	296.0148,282.81006,2612.4768	247.669,454.73145,2638.3083	297.77927,370.06097,2599.6167	255.28055,284.56772,2599.3875	303.44247,449.62448,2651.4124	318.14587,295.3779,2622.718	247.63959,294.4997,2370.8809	
276.87582,139.23947,2674.9773	272.38177,195.094,2645.5754	242.84152,196.06775,2636.8364	227.27586,249.47943,2630.9927	272.38177,195.094,2645.5754	301.72757,194.12665,2654.3145	311.49286,245.67607,2715.9731	273.99524,238.94722,2626.4214	255.4975,284.30838,2601.3887	250.22678,375.5263,2574.5903	295.67664,282.58502,2613.146	247.54922,454.6305,2640.2314	297.47388,370.19083,2597.4824	255.4975,284.30838,2601.3887	303.1482,449.3245,2651.768	316.56808,295.03088,2605.3784	246.00716,294.47925,2379.2532	
276.7482,139.58533,2676.2434	272.243,194.73473,2643.1406	242.79715,195.84163,2638.398	227.32698,248.12253,2632.6091	272.243,194.73473,2643.1406	301.58337,193.63177,2647.8833	311.35068,245.46799,2716.6028	273.86923,238.80449,2627.008	255.6001,284.2755,2607.7046	249.8899,375.45496,2573.4695	295.3827,282.56433,2614.0464	247.31285,454.39304,2639.753	297.46347,370.0262,2595.9932	255.6001,284.2755,2607.7046	303.13913,449.2032,2652.2917	315.61694,291.96603,2595.0984	246.4664,295.7358,2376.7212	
276.85663,139.73566,2677.9243	272.2674,194.89386,2643.7454	242.85947,195.97156,2639.1775	227.20862,248.60796,2635.1519	272.2674,194.89386,2643.7454	301.57385,193.81985,2648.3132	311.44492,245.13962,2715.1921	273.84216,238.85751,2628.0173	255.75024,284.17462,2609.2656	249.71167,375.13123,2573.7437	295.0761,282.5284,2615.313	247.23926,454.35608,2638.7256	297.292,369.57037,2594.7288	255.75024,284.17462,2609.2656	302.77625,448.73947,2652.8572	315.55585,293.33502,2575.6003	244.48004,295.3923,2380.5938	
276.7716,139.94144,2679.847	272.29236,195.06593,2643.859	242.85852,196.03036,2639.091	227.10022,249.17642,2634.4163	272.29236,195.06593,2643.859	301.62024,194.10498,2648.6267	311.56055,245.19075,2713.084	273.7021,238.972,2628.0483	255.50162,284.15924,2609.094	249.8163,374.74887,2573.89	294.7089,282.66168,2615.3816	247.24796,454.11948,2638.0547	297.37787,369.52893,2595.8613	255.50162,284.15924,2609.094	302.59653,448.95493,2650.7688	316.3598,296.82535,2569.0894	244.60333,294.85825,2387.3862	
276.67072,140.16449,2681.815	272.26596,195.09212,2644.8728	242.83525,195.67609,2639.751	227.18747,248.96681,2634.468	272.26596,195.09212,2644.8728	301.5829,194.5104,2649.9946	311.63336,245.30911,2708.879	273.1133,238.98459,2628.2556	255.1271,283.9193,2608.3975	249.75418,373.89493,2573.885	292.76907,282.9531,2614.8794	247.46967,454.06833,2626.9893	297.08905,370.12146,2593.9602	255.1271,283.9193,2608.3975	302.2199,449.3512,2650.364	315.80753,299.50482,2566.339	244.49814,294.7942,2389.1387	
276.6705,140.36401,2682.1375	272.19305,195.00597,2644.1719	242.7408,195.58058,2639.3918	227.30173,248.77173,2634.593	272.19305,195.00597,2644.1719	301.539,194.43344,2648.952	311.95547,244.5528,2708.213	273.01382,239.17131,2627.6226	254.36903,284.383,2607.9497	249.51965,373.97357,2573.4924	293.27438,283.4112,2614.1968	247.41283,453.67706,2631.0017	296.81357,370.12354,2592.5476	254.36903,284.383,2607.9497	301.86,448.91367,2649.836	316.31265,298.11844,2568.1838	242.40936,291.95602,2400.418	
276.5671,140.32922,2683.0537	272.13995,194.97752,2643.8826	242.7032,195.53267,2638.8147	227.06444,247.88364,2635.5718	272.13995,194.97752,2643.8826	301.4641,194.42451,2648.9504	312.2276,244.13266,2707.5938	272.943,239.25975,2626.651	254.41968,284.604,2606.131	249.58463,374.22375,2574.3381	293.04492,283.65082,2612.7073	247.45709,453.56512,2633.6228	296.5154,369.75366,2591.1982	254.41968,284.604,2606.131	300.76828,447.3959,2642.6924	315.71075,300.28717,2555.707	238.31837,290.15277,2417.506	
276.54068,140.19807,2683.825	272.1211,194.84636,2642.9514	242.73293,195.19324,2636.7122	227.10744,247.33759,2633.7717	272.1211,194.84636,2642.9514	301.37085,194.50111,2649.1907	312.5846,242.01555,2713.2778	272.6788,239.0234,2626.5872	254.40793,284.11157,2606.2698	250.2478,373.63403,2575.8464	292.02213,283.3983,2614.176	247.51184,453.11923,2635.8872	296.17737,369.5916,2589.7114	254.40793,284.11157,2606.2698	300.61838,447.28802,2642.8398	316.9435,298.4896,2557.9177	244.77336,290.60132,2398.3909	
