277.5443,143.281,2780.8506	276.2803,186.3353,2739.1746	248.15636,183.84225,2699.7932	228.54837,251.52396,2583.1414	276.2803,186.3353,2739.1746	303.60703,188.75766,2778.556	313.11703,243.49599,2771.1658	275.2285,231.17917,2702.724	252.7677,276.36304,2637.0635	250.4693,370.06027,2655.8386	295.0647,278.1161,2695.484	243.65234,465.86237,2567.9207	290.13403,370.18524,2705.1392	252.7677,276.36304,2637.0635	303.6907,460.48755,2667.9446	318.7925,302.7009,2678.307	243.05455,295.10358,2347.7234	
277.85632,143.47124,2780.6116	276.43384,186.75061,2738.828	248.34163,184.12874,2698.787	228.86908,251.88255,2585.0664	276.43384,186.75061,2738.828	303.71646,189.29694,2778.8687	313.66254,243.76692,2771.0266	275.23322,231.59563,2702.1655	252.63643,276.70752,2635.8025	250.20026,370.51068,2653.4475	294.8919,278.6197,2695.2039	243.5929,466.41388,2565.9636	290.6093,370.9441,2700.725	252.63643,276.70752,2635.8025	302.39612,460.81567,2676.4312	319.44522,303.11868,2681.1826	240.66241,294.2854,2340.8298	
278.00015,142.8494,2781.4856	276.44934,186.1929,2740.4546	248.38313,183.49368,2700.288	227.04065,251.37762,2589.5247	276.44934,186.1929,2740.4546	303.70474,188.81415,2780.621	314.16827,244.55202,2771.209	275.12128,231.01859,2704.23	252.41855,276.03842,2638.2114	249.91763,369.64133,2657.8474	294.62436,278.06198,2697.7993	243.59366,465.5378,2565.8423	289.92667,370.07022,2707.295	252.41855,276.03842,2638.2114	303.6033,460.1693,2671.79	320.42004,303.9873,2683.7915	238.7476,290.6905,2332.683	
277.92358,142.79666,2780.9294	276.35275,185.98584,2740.5796	248.33374,183.2331,2699.321	225.71472,249.43506,2598.7588	276.35275,185.98584,2740.5796	303.54062,188.65695,2781.8381	315.00833,245.90948,2772.606	275.0224,230.8202,2704.6973	252.35927,275.8251,2638.2097	249.79474,369.50183,2656.6003	294.47034,277.87177,2699.4202	244.06406,465.34113,2567.723	290.59625,370.0693,2704.9363	252.35927,275.8251,2638.2097	302.5468,459.8415,2679.781	328.1587,302.72772,2666.3972	235.05951,284.54852,2330.757	
277.47635,142.7905,2781.1533	276.0163,185.94052,2740.7998	248.0083,183.31937,2698.9814	223.3753,249.15657,2596.8794	276.0163,185.94052,2740.7998	303.18246,188.4829,2782.6182	319.0602,245.03134,2772.3074	274.95398,230.7735,2704.9136	252.58197,275.89136,2638.0076	250.28848,369.49536,2657.882	294.65518,277.7116,2700.047	244.48993,465.44592,2564.7866	290.98212,370.11447,2701.2505	252.58197,275.89136,2638.0076	303.20627,459.50616,2683.3665	339.1472,296.85196,2642.8171	231.90598,277.31845,2314.932	
277.512,142.94476,2780.269	276.16168,186.00703,2739.938	248.25339,183.34424,2695.8474	220.51859,248.02907,2592.4436	276.16168,186.00703,2739.938	303.186,188.58548,2784.0286	317.80283,235.83882,2821.16	275.2327,230.86415,2704.2446	253.07964,276.02902,2635.8416	250.93109,369.46124,2659.8171	294.9647,277.79187,2701.261	245.03183,465.4709,2562.9714	290.19153,369.8847,2706.6853	253.07964,276.02902,2635.8416	304.2291,459.9386,2670.9033	338.1336,275.28598,2689.1616	227.02664,265.3452,2299.8762	
277.22812,142.06738,2778.8203	275.68402,185.1558,2739.2668	247.80212,182.35756,2694.4219	217.3498,243.3675,2577.2178	275.68402,185.1558,2739.2668	302.6677,187.86392,2784.1118	318.91406,231.98936,2853.0828	274.63113,230.00284,2703.341	252.36899,275.08273,2634.1526	249.78833,368.10663,2665.2795	294.209,277.00903,2700.678	243.22142,464.06866,2560.9138	289.1066,369.00336,2708.2175	252.36899,275.08273,2634.1526	303.44495,459.59253,2662.2	342.59885,260.9619,2699.5286	221.87296,250.97388,2279.4785	
277.1953,141.9592,2779.1064	275.16522,185.13704,2738.9988	247.25581,181.9832,2695.1306	211.5763,233.04552,2563.62	275.16522,185.13704,2738.9988	302.19473,188.19144,2782.867	324.4333,230.47891,2833.0464	273.4444,229.95486,2702.6313	250.44713,274.72382,2633.7217	248.35065,367.55908,2668.3535	292.39423,277.2361,2698.8062	242.1712,463.38257,2564.9077	287.27844,369.34323,2705.4675	250.44713,274.72382,2633.7217	302.48157,459.76288,2662.223	359.6663,243.33426,2667.414	216.9302,225.90887,2267.8926	
276.99258,142.2092,2779.7498	274.8611,185.32767,2738.6416	246.8695,182.07764,2696.713	208.28091,224.02411,2558.3218	274.8611,185.32767,2738.6416	302.00854,188.47969,2780.5703	332.8601,225.90994,2816.5322	272.81897,230.12556,2701.747	249.41063,274.7681,2633.7495	248.79681,368.20154,2658.9797	291.53827,277.52753,2695.9556	243.3199,463.56332,2575.921	289.1573,369.87903,2701.1812	249.41063,274.7681,2633.7495	302.0913,459.89395,2672.0337	373.59927,224.04543,2646.1333	210.08698,204.97462,2265.77	
276.7846,142.48027,2779.5654	274.63696,185.55286,2737.9604	246.58571,182.30518,2697.217	206.669,216.96207,2561.6655	274.63696,185.55286,2737.9604	301.8656,188.70528,2778.7039	337.0657,222.83069,2815.766	272.49554,230.35223,2700.7778	248.93356,274.97766,2633.3745	249.41208,368.34763,2660.2175	291.17584,277.7951,2693.816	243.60248,463.9002,2572.582	289.7331,370.20276,2700.092	248.93356,274.97766,2633.3745	302.18158,460.23914,2673.1333	377.94485,204.85779,2649.7056	206.2225,185.2176,2283.9172	
276.82904,142.40468,2778.9688	274.7305,185.4852,2736.8904	246.5246,182.46365,2700.0393	202.057,211.53464,2553.8318	274.7305,185.4852,2736.8904	302.18695,188.42648,2773.7415	341.30087,218.03384,2817.3796	272.61664,230.2925,2699.441	248.94852,275.0059,2634.6453	249.40472,367.92902,2667.9082	291.50092,277.6876,2689.3376	243.92471,463.4984,2572.5369	289.7104,369.84692,2703.0195	248.94852,275.0059,2634.6453	303.74817,460.33484,2663.0369	374.37112,184.34317,2672.6711	202.87677,168.02596,2304.6704	
276.8859,142.25168,2778.6746	274.93475,185.29343,2736.494	246.69518,182.37288,2700.158	199.74017,206.32553,2549.9204	274.93475,185.29343,2736.494	302.4342,188.13744,2772.8298	344.10605,211.47859,2821.1877	272.97357,230.08556,2698.4624	249.44333,274.8674,2633.4846	250.12965,368.00653,2664.2056	292.03793,277.42337,2687.3772	244.42648,463.58627,2572.7695	290.30447,369.80994,2698.3809	249.44333,274.8674,2633.4846	303.12878,459.69724,2672.8762	368.6828,167.59021,2696.0056	202.16296,153.88239,2334.2466	
277.43585,142.06226,2780.5376	275.24274,184.95882,2736.6711	246.97461,181.84311,2702.0137	198.3577,198.96826,2540.9692	275.24274,184.95882,2736.6711	302.80383,187.99661,2771.3286	345.48184,204.87521,2825.6067	272.89194,229.64987,2696.8003	248.89175,274.19534,2631.222	248.6994,367.15186,2666.0076	291.63577,277.14062,2682.637	243.01933,462.87054,2568.0623	288.9221,369.16815,2702.2576	248.89175,274.19534,2631.222	303.3202,459.7472,2658.839	361.49606,154.26459,2721.2803	203.216,140.73576,2359.4985	
277.77032,141.89632,2779.4595	275.68542,184.66608,2735.4006	247.39398,181.60117,2701.0012	196.7297,191.97145,2535.9956	275.68542,184.66608,2735.4006	303.27414,187.65486,2769.8	346.6262,198.60452,2833.301	273.41525,229.36993,2695.3354	249.47998,273.9686,2629.7568	249.70755,366.91708,2665.664	292.26202,276.84946,2680.7837	244.37634,462.67126,2567.4707	288.9462,368.3885,2709.2197	249.47998,273.9686,2629.7568	304.70792,459.01083,2656.9438	353.88843,144.19852,2751.2837	203.86096,129.80644,2385.015	
278.2309,141.89189,2778.9236	276.5185,184.49982,2734.8647	248.26901,181.51941,2698.9673	196.66193,182.18878,2532.5024	276.5185,184.49982,2734.8647	304.03598,187.40298,2770.7622	347.43347,189.72145,2844.159	274.54514,229.22495,2694.9277	250.95389,273.94528,2628.3625	250.59833,367.14136,2661.148	293.64273,276.61914,2681.619	245.58017,462.83447,2569.7632	290.93478,368.4584,2705.2126	250.95389,273.94528,2628.3625	304.1658,458.6053,2669.9673	342.40262,135.19055,2783.2642	206.832,117.56151,2415.7622	
278.28778,141.6095,2779.1655	277.3708,184.22377,2735.0364	249.17221,181.53062,2697.3916	196.51503,175.58246,2530.7705	277.3708,184.22377,2735.0364	304.80365,186.84378,2772.6812	347.749,182.4459,2848.0938	276.07086,228.94562,2694.9421	253.22362,273.932,2626.9216	251.68652,367.06482,2661.0603	295.79193,276.0819,2682.7742	246.13737,462.5879,2573.7317	291.6383,368.14957,2700.7944	253.22362,273.932,2626.9216	304.34814,457.55646,2680.5784	331.65875,129.989,2809.1191	209.47705,110.1263,2441.2822	
278.60776,143.34273,2770.7686	277.58527,186.12257,2729.631	249.34615,183.6078,2691.254	196.40741,169.65266,2533.8792	277.58527,186.12257,2729.631	305.04138,188.5676,2768.0083	347.86093,178.50916,2854.5498	276.50116,231.06444,2691.8948	253.89386,276.36072,2625.6934	250.11758,369.3247,2660.9526	296.42245,278.1882,2682.6235	244.55229,465.09225,2569.603	290.7116,370.471,2695.0933	253.89386,276.36072,2625.6934	302.42194,460.0846,2677.8176	327.33093,126.94203,2833.6104	212.23972,104.52165,2463.7483	
278.8742,143.14124,2774.602	278.37366,185.47371,2731.667	250.34457,182.84839,2689.3208	196.59995,164.27902,2537.9663	278.37366,185.47371,2731.667	305.547,188.01889,2774.0132	346.87613,175.43582,2862.3052	277.65735,230.26784,2691.46	255.5503,275.5116,2619.8286	251.08072,368.88525,2651.8613	297.78766,277.3083,2682.6772	245.36003,464.69208,2567.2695	292.21902,369.45737,2698.0425	255.5503,275.5116,2619.8286	302.94867,459.39203,2676.998	322.4832,124.96083,2848.5806	214.69473,99.44473,2478.1826	
278.6571,141.53392,2778.493	278.45886,183.77773,2733.9426	250.46811,181.18047,2691.0374	197.13947,160.57104,2539.9873	278.45886,183.77773,2733.9426	305.58466,186.29472,2776.848	347.4298,174.33643,2871.66	277.94113,228.47232,2692.8606	256.07404,273.67584,2619.9607	249.32617,366.36005,2659.5815	298.23483,275.40692,2683.5964	244.35612,462.05682,2568.8472	291.31808,367.43234,2699.144	256.07404,273.67584,2619.9607	302.0075,457.01483,2682.6782	322.50577,123.98635,2856.1343	217.58139,96.472,2487.7288	
278.54962,140.87198,2778.9343	278.29745,183.22835,2734.418	250.3663,180.53745,2690.3137	197.57095,157.50409,2541.9897	278.29745,183.22835,2734.418	305.34192,185.83382,2778.5222	346.45868,172.4059,2881.3335	277.76764,227.9048,2693.2417	255.93002,273.05188,2619.353	249.09329,365.38602,2664.5447	297.9939,274.8629,2684.7778	243.6615,461.08267,2567.1697	290.17807,366.91895,2697.8357	255.93002,273.05188,2619.353	301.28156,456.32535,2683.8408	320.94147,121.56217,2855.8047	220.63278,94.09004,2491.4292	
278.87866,141.4089,2778.6467	278.44482,183.67421,2733.6553	250.68321,180.75363,2686.4946	197.77734,156.0014,2540.488	278.44482,183.67421,2733.6553	305.26483,186.49573,2780.816	345.58194,174.67632,2896.6592	277.80585,228.39853,2693.0835	255.98979,273.48105,2617.5215	249.76456,365.78156,2664.8662	297.7539,275.4747,2687.502	244.12125,461.44617,2568.6794	290.3346,367.65564,2697.1309	255.98979,273.48105,2617.5215	301.26736,456.82098,2687.1355	323.24054,123.110146,2863.3015	224.47472,93.78569,2499.4038	
278.8058,141.8379,2780.0112	278.54236,183.81595,2733.489	250.90338,180.72154,2684.2935	198.33215,155.96353,2537.2437	278.54236,183.81595,2733.489	305.20404,186.80096,2782.6846	343.72177,176.80176,2909.3342	277.9125,228.48798,2691.6643	256.18765,273.47983,2613.3496	249.72562,365.96896,2659.992	297.7653,275.6309,2686.3296	243.91797,461.64514,2568.626	290.4913,368.0214,2693.0083	256.18765,273.47983,2613.3496	301.74783,457.24115,2683.696	324.33405,124.690865,2866.1555	227.10605,94.533325,2504.0942	
278.59137,142.29224,2769.2104	278.5285,184.95045,2729.064	250.99658,182.2388,2676.9954	200.32312,153.1148,2536.119	278.5285,184.95045,2729.064	305.0295,187.56058,2781.1326	342.16653,177.93033,2918.7034	278.39255,229.94254,2693.0596	257.3654,275.44266,2618.4243	250.84937,367.58203,2666.9624	298.54172,276.84482,2695.686	245.1801,463.10144,2574.6482	291.48492,368.6786,2707.0466	257.3654,275.44266,2618.4243	301.97058,457.97342,2691.5198	324.75558,125.47543,2871.408	230.61337,92.848526,2502.9856	
279.3114,141.85017,2773.7964	279.16754,184.30518,2731.7395	251.76187,181.41736,2678.3972	201.32976,153.20178,2533.0583	279.16754,184.30518,2731.7395	305.5234,187.08237,2785.0818	340.72888,176.78375,2935.8584	279.04202,229.1693,2693.729	258.10083,274.50128,2616.1584	250.5862,367.23846,2656.3337	299.11414,276.11008,2695.2786	244.31622,462.99738,2567.1904	290.91092,368.3098,2697.6306	258.10083,274.50128,2616.1584	302.33722,458.23438,2675.9016	323.116,124.437805,2867.6362	232.74966,94.01753,2503.9504	
279.86798,142.22585,2776.5862	279.53412,184.27937,2733.3855	252.28409,181.1502,2678.333	202.94882,150.95308,2531.0244	279.53412,184.27937,2733.3855	305.70816,187.28499,2788.438	340.30685,177.69243,2944.933	279.33026,229.04056,2693.5186	258.3944,274.18756,2612.8167	250.11186,366.29355,2662.138	299.21796,276.07672,2694.4866	244.0224,462.0158,2567.285	289.54028,367.86172,2702.5652	258.3944,274.18756,2612.8167	303.03824,458.04877,2668.8857	324.9158,125.25395,2866.666	236.86295,93.6022,2512.6333	
280.33496,142.5092,2777.9778	279.6775,184.5448,2733.3728	252.48718,181.138,2677.7898	202.18741,154.73543,2530.5078	279.6775,184.5448,2733.3728	305.78403,187.81581,2788.9558	339.87665,177.14702,2952.965	279.11862,229.27505,2692.6277	257.83875,274.22244,2610.6562	248.77286,366.26248,2660.936	298.61255,276.50183,2693.109	242.85115,461.87878,2570.4644	289.47717,368.58136,2697.7285	257.83875,274.22244,2610.6562	301.5511,458.30713,2676.555	323.56696,124.86235,2867.0457	235.9739,97.54114,2516.8103	
280.45544,142.98923,2778.6584	279.57886,185.04414,2733.0688	252.57956,181.30817,2675.2715	201.6644,159.26088,2527.2393	279.57886,185.04414,2733.0688	305.45987,188.62537,2790.8662	339.7523,177.86972,2957.9648	278.66782,229.78885,2692.3535	257.1578,274.55884,2608.76	248.79358,367.1056,2654.0603	297.6451,277.21353,2694.5164	242.84323,462.71423,2570.6873	287.96262,368.72137,2707.6956	257.1578,274.55884,2608.76	302.39423,458.77606,2669.6067	324.4267,125.29603,2871.4492	235.28488,102.14589,2524.9219	
280.77643,142.54584,2778.5208	279.71735,184.79199,2732.4482	252.5985,181.04866,2676.199	201.6951,161.1936,2522.1265	279.71735,184.79199,2732.4482	305.7422,188.3843,2788.6975	339.69034,178.52203,2960.4846	278.64832,229.53865,2691.6206	256.8796,274.2689,2609.072	249.32623,366.79263,2655.766	297.57263,277.0153,2692.514	243.44223,462.44647,2569.761	289.8231,369.0655,2700.0945	256.8796,274.2689,2609.072	302.46124,458.95966,2673.5212	324.84372,125.731735,2878.5645	233.57211,103.2357,2532.7566	
280.96762,142.27191,2778.466	279.85648,184.48856,2732.5283	252.73502,180.67789,2676.3992	201.052,164.00465,2520.0857	279.85648,184.48856,2732.5283	305.88614,188.14584,2788.6575	339.16916,178.96866,2962.7551	278.7107,229.2087,2691.2395	256.85135,273.87204,2608.3203	249.34157,366.26556,2657.3528	297.56747,276.72787,2691.581	243.93333,462.03668,2566.7383	289.76114,368.63965,2702.6619	256.85135,273.87204,2608.3203	303.45657,458.79803,2668.8594	325.11392,125.923904,2881.2786	232.70093,105.91179,2531.1348	
281.28268,142.60005,2778.412	279.87155,184.89297,2732.633	252.86569,180.85626,2675.281	201.7757,162.95049,2517.0352	279.87155,184.89297,2732.633	305.7671,188.76372,2789.985	338.72812,179.04016,2961.3708	278.45493,229.6112,2691.2944	256.3931,274.13434,2607.4126	248.89836,366.69687,2654.5923	296.94415,277.26468,2692.499	243.6417,462.38358,2569.267	288.3926,368.82208,2708.2327	256.3931,274.13434,2607.4126	303.6385,458.89923,2668.6982	325.24356,125.997734,2879.8525	233.21945,104.31062,2522.9219	
281.89722,143.26074,2778.8906	280.3161,185.38867,2733.346	253.43878,181.27734,2674.642	203.23386,161.9708,2512.0132	280.3161,185.38867,2733.346	306.06323,189.32712,2792.0498	338.19003,177.31325,2964.6843	278.8462,230.12874,2692.6052	256.8375,274.63306,2608.3196	249.9628,367.1283,2656.6172	297.16263,277.80188,2695.4094	244.46243,462.81586,2569.6904	289.1909,369.43378,2709.076	256.8375,274.63306,2608.3196	304.13898,459.552,2669.9973	322.9396,124.97257,2880.5686	234.27762,103.068146,2521.4688	
281.9718,142.72458,2781.138	280.59592,184.81586,2735.7678	253.76822,180.73445,2676.7354	203.5062,160.98659,2512.0059	280.59592,184.81586,2735.7678	306.29028,188.72484,2794.8003	338.41113,178.07948,2965.3528	279.25662,229.4992,2694.795	257.42288,273.98,2610.036	249.82132,366.5917,2655.1907	297.6651,277.09323,2697.6082	244.43872,462.2572,2569.876	289.5343,368.6944,2710.4045	257.42288,273.98,2610.036	305.2219,459.13306,2662.4287	324.14453,125.17987,2890.1655	234.35568,101.932846,2528.0842	
282.31992,142.57423,2780.2515	280.94702,184.67941,2735.7783	254.22743,180.53857,2675.5693	203.50424,160.97089,2508.9976	280.94702,184.67941,2735.7783	306.51587,188.6419,2795.9873	338.71732,178.56049,2965.6743	279.54456,229.40366,2695.8127	257.74222,273.87955,2611.1848	249.86246,365.9951,2662.0752	297.78418,277.01556,2700.5095	244.43285,461.57547,2571.6777	289.23172,368.29584,2716.614	257.74222,273.87955,2611.1848	304.66867,459.0426,2659.444	324.7426,125.54034,2900.1118	234.86523,101.4825,2520.3987	
282.67017,143.38348,2780.3096	281.13486,185.40518,2735.4133	254.651,181.09709,2672.724	204.17026,160.94809,2506.995	281.13486,185.40518,2735.4133	306.432,189.52026,2798.1025	338.73972,178.81683,2971.3357	279.6837,230.14203,2695.3623	258.00595,274.57306,2608.8013	250.15408,367.49362,2649.456	297.6767,277.82678,2701.8213	244.13301,463.13068,2569.1904	290.08585,369.67047,2707.6494	258.00595,274.57306,2608.8013	302.68027,460.072,2668.886	325.0338,125.775246,2900.5747	235.14337,101.18721,2525.6475	
282.4854,144.01627,2780.8445	281.08258,186.0888,2734.8735	254.7244,181.72273,2670.764	204.2514,161.95609,2505.4983	281.08258,186.0888,2734.8735	306.23334,190.25488,2798.9832	337.0968,178.87851,2975.673	279.70547,230.8242,2694.3179	258.20035,275.26566,2606.2102	250.56427,368.06653,2650.1228	297.66507,278.5297,2701.3142	243.93642,463.76172,2568.1145	290.7771,370.43405,2707.6455	258.20035,275.26566,2606.2102	302.22864,460.9229,2671.438	326.99884,126.145226,2899.0264	234.51813,101.762375,2528.4543	
282.37842,143.95212,2780.1084	280.91537,186.06717,2734.255	254.4024,181.81863,2671.6147	204.29073,162.8046,2504.7498	280.91537,186.06717,2734.255	306.24072,190.12541,2796.895	336.85703,178.42595,2977.8325	279.59616,230.81042,2693.624	258.0314,275.3137,2606.529	250.05049,367.89398,2652.926	297.7461,278.4792,2699.4573	244.01585,463.58606,2569.2346	289.53458,369.91605,2713.3289	258.0314,275.3137,2606.529	304.14197,460.70618,2657.7625	329.02087,125.56012,2891.4087	234.01215,102.205475,2528.6023	
282.27777,144.29839,2779.7356	280.81018,186.5521,2734.5283	254.31183,182.34796,2671.644	203.89508,165.17422,2507.8582	280.81018,186.5521,2734.5283	306.11716,190.56723,2797.4126	336.55106,178.35017,2976.9219	279.5614,231.30466,2694.0208	258.0867,275.8537,2606.8713	250.36084,367.89572,2660.309	297.76483,278.9392,2700.155	244.28175,463.67145,2566.9563	289.52545,370.361,2714.0996	258.0867,275.8537,2606.8713	304.35452,461.46243,2653.328	330.24695,125.194016,2895.492	234.2714,104.461426,2519.7534	
282.2975,143.81494,2781.098	280.85144,186.09242,2735.7285	254.36736,181.85382,2672.8442	204.6908,164.41418,2505.9714	280.85144,186.09242,2735.7285	306.14532,190.14055,2798.6128	336.49915,178.60965,2976.5024	279.5909,230.80411,2694.9043	258.1087,275.29272,2607.436	249.8881,367.515,2657.8584	297.7774,278.43457,2700.724	244.59045,463.17426,2570.456	289.5749,369.72437,2716.914	258.1087,275.29272,2607.436	304.58606,460.7041,2656.817	328.76575,125.68128,2905.08	234.55756,103.37543,2516.8645	
282.48462,143.26724,2780.2312	281.00464,185.54535,2735.29	254.55615,181.22499,2672.0754	204.42047,164.73752,2505.4773	281.00464,185.54535,2735.29	306.2582,189.67052,2798.5046	337.0797,178.15718,2971.7483	279.61343,230.27382,2694.9238	258.02606,274.71182,2607.6672	250.04562,367.00333,2657.607	297.6342,277.9561,2701.448	244.32458,462.82404,2565.623	289.50217,369.59766,2710.8423	258.02606,274.71182,2607.6672	304.2095,460.2352,2662.069	327.11227,125.80753,2908.9692	234.0534,103.42732,2514.2908	
282.6225,143.41562,2779.8008	281.3888,185.66525,2735.1248	254.9762,181.4923,2671.403	204.23633,165.176,2506.7332	281.3888,185.66525,2735.1248	306.59872,189.64818,2798.8464	337.65,175.24686,2970.8757	280.2572,230.42635,2695.331	258.98343,275.00525,2608.2698	251.09412,367.1727,2659.6702	298.4967,277.99936,2702.805	245.42961,462.98065,2566.3938	290.77658,370.0669,2703.4714	258.98343,275.00525,2608.2698	304.04852,459.69342,2677.2554	323.31317,123.18876,2925.428	233.76459,103.65112,2511.9604	
282.7335,143.34784,2779.0798	281.5078,185.44829,2734.1433	255.09735,181.30312,2670.2715	203.56631,164.59285,2507.3467	281.5078,185.44829,2734.1433	306.71246,189.40422,2798.0151	337.3349,173.16675,2972.9426	280.446,230.22766,2694.4402	259.25027,274.84918,2607.3591	250.69325,366.82016,2660.8672	298.74976,277.79117,2702.115	244.28128,462.67117,2563.9346	289.83588,369.6027,2706.261	259.25027,274.84918,2607.3591	304.0799,459.82556,2667.3699	321.12045,121.22273,2935.861	232.77519,103.0271,2510.9268	
282.86374,143.33002,2778.7322	281.4801,185.40436,2733.8774	255.05075,181.15852,2670.3057	203.19492,163.31055,2509.1816	281.4801,185.40436,2733.8774	306.70822,189.45723,2797.4492	337.8818,171.38539,2970.9712	280.2332,230.17456,2693.933	258.82092,274.7104,2606.8325	249.99872,366.7395,2659.5156	298.37378,277.8192,2701.145	243.43839,462.47598,2566.981	288.98105,369.33417,2710.7449	258.82092,274.7104,2606.8325	303.94675,460.044,2658.7373	320.01767,119.99518,2942.6238	232.55205,101.568085,2510.061	
282.75412,143.69934,2779.5537	281.3722,185.8177,2733.8264	255.03647,181.44524,2669.37	202.59378,163.65727,2508.5872	281.3722,185.8177,2733.8264	306.4947,189.98874,2798.2827	338.73495,169.91124,2969.9895	280.02127,230.5745,2693.448	258.56232,275.03815,2605.2559	250.23576,367.25317,2656.8267	297.9857,278.2905,2700.8833	243.27533,463.0219,2566.187	289.89227,370.2672,2703.9722	258.56232,275.03815,2605.2559	302.8621,460.00873,2675.6538	321.74655,117.89746,2949.569	231.69603,101.34451,2503.6345	
282.05032,143.61154,2781.969	280.99005,185.53278,2734.1077	254.65,181.22476,2669.5278	202.3117,163.88617,2506.2996	280.99005,185.53278,2734.1077	306.11453,189.64197,2798.6875	339.15405,170.45709,2970.4995	279.90082,230.23038,2692.5483	258.69992,274.72324,2603.0862	250.63818,366.46686,2661.9265	298.14218,277.87863,2698.8918	244.13733,462.3013,2563.43	290.99936,370.2182,2697.7537	258.69992,274.72324,2603.0862	302.6592,459.9671,2676.5457	325.14767,117.277824,2947.4429	231.30762,101.416626,2505.931	
281.52325,143.32468,2780.6692	280.5407,185.3466,2733.4795	254.0444,181.17169,2670.3015	202.42673,164.20554,2508.1501	280.5407,185.3466,2733.4795	305.83987,189.33286,2796.6575	339.47803,173.7753,2968.2437	279.53723,230.05214,2691.8901	258.3051,274.619,2603.4338	250.34903,366.69412,2658.11	297.99753,277.64893,2697.1677	243.5831,462.34323,2568.347	289.77142,369.4852,2705.057	258.3051,274.619,2603.4338	303.80334,459.75873,2665.606	332.24585,119.16306,2930.5977	231.05106,101.40672,2496.6648	
280.76157,142.98618,2780.0193	279.9712,184.92786,2733.3362	253.37328,180.89102,2670.967	203.10025,162.86539,2505.0762	279.9712,184.92786,2733.3362	305.38232,188.78455,2795.7053	339.33884,178.1842,2968.6152	279.143,229.6253,2691.6294	258.01935,274.27136,2603.6592	250.7274,367.29547,2645.954	297.86258,277.13803,2696.186	242.89352,461.3116,2591.1929	289.91605,368.93762,2706.2473	258.01935,274.27136,2603.6592	304.3896,459.39407,2663.2646	342.79413,124.306694,2901.4526	230.8367,99.16545,2473.883	
280.03275,142.77322,2780.6943	279.38315,184.70903,2733.9539	252.67567,180.81786,2672.613	202.03421,163.78848,2503.0388	279.38315,184.70903,2733.9539	304.91846,188.42941,2795.2947	338.80017,183.54124,2966.3008	278.72406,229.37967,2691.9497	257.691,274.0901,2604.444	250.48175,367.48584,2641.4675	297.71,276.79633,2695.447	243.33176,461.29846,2596.2761	289.74423,368.54556,2707.0947	257.691,274.0901,2604.444	304.11487,459.0772,2663.3909	350.5106,131.68005,2874.7747	230.27013,99.78833,2456.577	
280.20795,142.25626,2781.0417	279.42108,184.3358,2734.76	252.56238,180.4568,2675.4165	200.88689,168.73822,2506.0283	279.42108,184.3358,2734.76	305.13885,188.05002,2794.1035	338.2459,186.6907,2964.1548	278.5822,228.98114,2692.6326	257.23596,273.62408,2606.4814	250.19284,366.3219,2652.525	297.52823,276.42087,2694.5288	243.08218,460.97015,2584.2686	289.6356,368.0853,2708.5283	257.23596,273.62408,2606.4814	304.13522,458.8421,2659.7847	356.91483,138.52113,2844.7363	228.1601,104.500046,2455.947	
280.20496,141.99461,2780.211	279.3833,184.07962,2734.4097	252.41281,180.24387,2676.385	200.59601,168.43787,2511.0188	279.3833,184.07962,2734.4097	305.23294,187.75598,2792.4343	339.12537,186.7391,2964.5762	278.4573,228.73895,2692.5498	256.93823,273.3861,2607.65	250.62637,366.23926,2652.078	297.4088,276.186,2693.73	243.11507,461.2659,2578.327	289.77048,368.03046,2705.3823	256.93823,273.3861,2607.65	303.77972,458.53625,2664.3223	360.13055,139.33612,2829.5405	228.23233,104.67619,2444.9194	
280.53314,142.14502,2780.795	279.6518,184.13838,2734.7441	252.50302,180.43463,2679.1738	200.15434,170.83513,2514.5125	279.6518,184.13838,2734.7441	305.7192,187.69463,2790.3145	339.47684,184.30777,2963.2886	278.69574,228.78685,2692.7493	257.00018,273.46204,2609.5283	251.21933,367.08044,2642.0847	297.7843,276.19547,2691.9805	243.73996,461.0958,2592.499	290.68777,368.276,2701.1445	257.00018,273.46204,2609.5283	303.80096,458.57062,2668.1921	358.34564,135.48885,2830.689	226.95145,107.58299,2444.7007	
280.32208,143.0427,2782.089	279.6506,184.83904,2734.616	252.61017,181.13083,2677.5178	200.7554,167.85574,2514.26	279.6506,184.83904,2734.616	305.58496,188.39557,2791.714	338.97903,180.44708,2961.6516	278.86658,229.4827,2692.2217	257.4361,274.20392,2607.4758	251.51996,367.5912,2644.5442	298.03003,276.86328,2692.179	244.07013,462.3819,2581.1028	290.20837,368.26245,2711.8704	257.4361,274.20392,2607.4758	304.07455,459.01465,2661.803	352.86386,129.98468,2846.6135	228.38354,105.37431,2437.8171	
280.53015,144.62616,2780.7253	279.91815,186.54848,2732.9072	252.84528,183.04103,2675.8406	202.35187,161.81224,2507.625	279.91815,186.54848,2732.9072	305.88354,189.91245,2789.9739	338.57764,174.95648,2953.82	279.37875,231.27036,2691.0212	258.19254,276.2113,2606.8083	251.90082,369.6282,2643.2087	298.8032,278.56396,2691.4622	244.6146,464.5924,2580.1375	290.97006,370.20197,2707.453	258.19254,276.2113,2606.8083	304.86905,460.75287,2664.7996	345.49634,121.917244,2859.6653	229.00446,98.78024,2431.3684	
281.32898,143.93907,2780.0444	280.63373,186.12341,2732.9087	253.53809,182.61261,2676.3289	202.7926,159.61148,2508.8108	280.63373,186.12341,2732.9087	306.63022,189.4918,2789.4885	339.05948,167.724,2950.4006	279.98737,230.8765,2691.8623	258.68216,275.8062,2608.8484	251.56303,368.65927,2651.2478	299.3165,278.18713,2692.7834	244.21674,464.0652,2572.2075	290.74518,369.43225,2713.684	258.68216,275.8062,2608.8484	304.90515,460.32318,2660.1443	336.41626,113.49986,2880.6775	228.16966,95.81285,2435.3682	
281.94296,143.36346,2779.6523	281.41638,185.57632,2733.4216	254.33908,182.06891,2676.855	202.60095,160.07935,2515.3518	281.41638,185.57632,2733.4216	307.39572,188.94153,2789.9883	339.4804,161.32065,2936.1392	280.7853,230.3232,2692.6025	259.51373,275.24014,2609.8252	251.24548,367.66266,2656.3	300.1135,277.61755,2693.7417	244.78189,463.17413,2571.867	290.59766,368.771,2714.2014	259.51373,275.24014,2609.8252	305.5092,459.5351,2660.585	327.7066,108.251144,2894.833	225.94624,95.664215,2436.3892	
282.3859,143.59506,2779.515	281.9228,185.61877,2733.9214	254.9444,182.08026,2676.2874	202.29846,160.85733,2514.1733	281.9228,185.61877,2733.9214	307.7872,189.01118,2791.5554	339.21243,158.44029,2927.0745	281.36337,230.35622,2693.0571	260.24307,275.26868,2609.4404	251.47981,367.18823,2662.0752	300.6786,277.63763,2694.9453	244.5098,462.83698,2567.7178	291.40643,369.33276,2705.166	260.24307,275.26868,2609.4404	303.70905,459.4521,2672.6587	321.373,107.66821,2923.3643	225.43704,95.821396,2446.5972	
282.96112,144.10495,2779.4436	282.4911,186.21515,2734.0242	255.63367,182.59409,2675.124	202.21991,161.25668,2517.582	282.4911,186.21515,2734.0242	308.21573,189.68349,2792.9243	339.28818,156.83815,2920.5376	281.8901,230.97041,2693.395	260.8231,275.8644,2609.0737	251.54741,368.07437,2657.285	301.0557,278.28885,2696.458	244.11711,463.6835,2569.328	291.19122,369.97638,2704.9248	260.8231,275.8644,2609.0737	304.25208,460.4544,2666.436	318.36237,107.04747,2935.6738	225.21446,95.95151,2448.9785	
282.12036,144.13779,2779.4155	281.87482,186.30144,2733.5396	255.17972,182.6399,2672.5022	202.61075,159.797,2513.7966	281.87482,186.30144,2733.5396	307.4038,189.80302,2794.577	340.08505,157.24728,2921.778	281.4436,231.05783,2692.735	260.6795,275.98544,2606.6494	250.93628,368.50104,2651.2373	300.6365,278.35712,2697.212	243.85463,464.21896,2567.3638	290.92123,370.32996,2700.0393	260.6795,275.98544,2606.6494	302.53296,460.37543,2674.0386	319.84586,107.60637,2944.2544	224.95192,93.626465,2447.847	
281.45013,143.32607,2779.3938	281.2746,185.52933,2733.079	254.3421,182.03204,2674.619	202.13892,160.94977,2509.898	281.2746,185.52933,2733.079	307.07907,188.88013,2791.5393	344.0754,162.42865,2916.886	280.8682,230.28168,2692.273	259.94522,275.2621,2608.0962	250.36755,367.7672,2652.6226	300.29333,277.52396,2694.8374	243.03032,463.1889,2573.6316	291.03378,369.60962,2698.1511	259.94522,275.2621,2608.0962	303.66974,460.2176,2662.5942	326.74234,111.00717,2934.2178	224.15024,94.27684,2447.5078	
280.46408,142.64929,2779.8813	280.39758,184.78662,2733.2197	253.33398,181.38966,2676.0813	201.39885,161.34483,2509.45	280.39758,184.78662,2733.2197	306.3528,188.04446,2790.3582	345.85233,170.00511,2928.4387	280.0579,229.51297,2692.1458	259.1049,274.51633,2608.6921	250.26344,367.0919,2653.2297	299.66217,276.69922,2693.4514	242.88544,462.6042,2571.3503	290.4086,368.59207,2701.4524	259.1049,274.51633,2608.6921	303.33173,459.1631,2664.3882	336.1495,115.904945,2909.261	224.54248,95.15077,2448.4316	
279.6631,142.3906,2780.6235	279.59528,184.32523,2733.097	252.4339,181.06961,2676.8433	200.86545,163.69174,2508.2256	279.59528,184.32523,2733.097	305.66113,187.44954,2789.3506	345.2544,176.54016,2935.2131	279.488,229.00061,2691.0918	258.69086,274.0662,2607.3623	250.9389,367.13055,2647.202	299.42224,276.08752,2690.811	243.3898,462.581,2571.3577	291.1493,368.3139,2695.9216	258.69086,274.0662,2607.3623	302.48026,458.263,2673.799	347.43805,122.82762,2875.8105	224.01202,98.11957,2443.9727	
279.5688,142.04433,2780.0	279.40884,183.91014,2733.0588	252.178,180.7323,2677.6038	200.48898,164.82712,2510.1172	279.40884,183.91014,2733.0588	305.5566,186.9616,2788.514	343.74124,180.28943,2943.6018	279.37314,228.57059,2690.8672	258.5943,273.66486,2607.5425	251.46674,366.54034,2650.872	299.4439,275.6126,2689.8086	243.77744,461.988,2571.6245	290.9006,367.44153,2702.5056	258.5943,273.66486,2607.5425	304.0758,457.7371,2667.2505	355.72626,130.44878,2829.237	223.32349,99.71689,2442.466	
279.57965,142.0076,2779.178	279.2817,183.94423,2732.4722	252.06578,180.70668,2676.7278	201.66183,165.64021,2515.548	279.2817,183.94423,2732.4722	305.40936,187.0523,2788.2166	341.67508,182.0792,2953.7964	279.1271,228.64183,2690.8271	258.2422,273.71954,2607.834	251.32217,366.43237,2653.5635	299.05615,275.7384,2690.5303	243.70755,461.8872,2572.0056	290.35364,367.14172,2710.0752	258.2422,273.71954,2607.834	303.85742,457.8066,2663.5876	358.69348,134.75836,2814.114	223.2203,101.07498,2442.0076	
279.97397,141.7531,2780.283	279.63635,183.81573,2733.1133	252.35275,180.49239,2678.6565	201.43834,165.32745,2513.2837	279.63635,183.81573,2733.1133	305.85394,187.00925,2787.57	341.07166,181.89839,2953.9016	279.22733,228.48602,2691.1182	258.01093,273.4466,2608.7268	251.37434,366.07404,2655.6282	298.9751,275.66473,2689.5193	243.84908,461.40848,2575.013	291.2251,367.6269,2701.0225	258.01093,273.4466,2608.7268	302.93158,457.50647,2675.2869	357.84967,133.71432,2815.8567	222.88507,101.207306,2440.0051	
280.4322,141.98083,2779.3281	280.00452,183.87463,2732.0864	252.73865,180.41852,2677.4758	201.79019,163.29684,2514.6409	280.00452,183.87463,2732.0864	306.20175,187.19528,2786.697	341.94098,179.17737,2953.9521	279.39792,228.559,2689.9941	257.98477,273.44202,2607.3943	251.61563,366.5423,2648.5784	298.9329,275.84924,2688.4094	244.18517,462.0578,2570.2534	290.95273,367.29523,2709.3188	257.98477,273.44202,2607.3943	303.27423,457.79712,2668.1558	352.2104,127.58442,2838.3435	223.68991,99.29207,2445.8245	
280.89526,142.03902,2779.3584	280.2464,183.95259,2732.0364	252.83414,180.54233,2679.717	202.0774,161.71213,2515.3281	280.2464,183.95259,2732.0364	306.62848,187.23468,2784.3557	341.40228,176.1482,2953.4807	279.49203,228.62347,2689.6108	257.7977,273.47778,2608.3704	250.96278,366.33374,2651.997	299.02472,275.93854,2686.0002	244.58792,461.86124,2571.5032	290.16666,367.28076,2708.9001	257.7977,273.47778,2608.3704	303.9097,458.01318,2661.1057	344.46796,123.15823,2863.4912	224.30219,97.82765,2445.7593	
281.28336,143.67184,2779.3638	280.5143,185.64017,2731.646	253.15839,182.14262,2678.602	202.06339,160.8515,2517.159	280.5143,185.64017,2731.646	306.82806,189.00449,2784.69	340.49274,171.17886,2947.241	279.633,230.34694,2689.288	257.85336,275.19037,2607.5864	250.94664,368.20343,2648.9854	298.98224,277.7408,2686.274	244.93509,463.8271,2570.5874	290.32635,369.06238,2709.6394	257.85336,275.19037,2607.5864	304.04517,459.7785,2663.2283	335.45163,117.9189,2896.3464	224.63904,96.93097,2453.8801	
281.4275,144.07393,2779.3691	280.7392,186.0278,2730.7637	253.29382,182.61067,2678.933	203.65637,160.19408,2518.0818	280.7392,186.0278,2730.7637	307.16214,189.31763,2782.5942	340.02298,166.19324,2946.118	279.852,230.75755,2688.4485	257.99548,275.65393,2607.687	251.15927,368.78915,2647.333	299.27753,278.1456,2684.5796	244.40164,464.29077,2572.4043	290.38412,369.46014,2708.6738	257.99548,275.65393,2607.687	305.01587,460.367,2657.1123	326.57736,114.63572,2925.6729	224.0197,95.77701,2462.8645	
282.23914,144.04913,2779.854	281.5362,185.98506,2730.9573	254.0929,182.6271,2679.2598	204.35733,157.17166,2516.5298	281.5362,185.98506,2730.9573	307.95978,189.21825,2782.6548	340.1243,162.44954,2939.037	280.71725,230.7299,2689.0498	258.9424,275.66968,2608.7964	252.22433,368.62198,2650.6177	300.20468,278.07837,2685.4883	244.93423,464.29504,2568.2417	291.85245,369.47232,2708.6636	258.9424,275.66968,2608.7964	304.54904,459.9145,2669.7378	320.19073,112.45236,2933.919	226.755,93.32599,2465.111	
283.00235,143.51723,2779.5999	282.13654,185.6471,2731.632	254.70312,182.27928,2680.0627	203.54642,157.89624,2517.7544	282.13654,185.6471,2731.632	308.5533,188.8901,2783.2014	340.50397,162.31781,2931.0012	281.26324,230.39998,2690.275	259.44687,275.31772,2610.6658	251.49095,367.99585,2653.8298	300.683,277.74777,2687.1697	244.31238,463.73248,2566.9097	291.49887,369.29626,2705.3157	259.44687,275.31772,2610.6658	303.63507,459.35486,2675.764	317.70825,113.51294,2942.9746	226.15936,93.98738,2469.8184	
282.11667,142.95656,2778.9888	281.60153,185.07312,2731.5076	254.1961,181.8335,2679.1409	203.04785,158.96228,2518.878	281.60153,185.07312,2731.5076	307.97592,188.19087,2783.8743	341.9362,163.94287,2931.5054	281.02783,229.82874,2690.3584	259.55426,274.86096,2610.364	251.49673,367.84372,2649.3943	300.71487,277.0562,2688.0544	244.36047,463.50995,2567.9805	291.14703,368.90063,2699.6726	259.55426,274.86096,2610.364	302.85822,458.76312,2677.0046	319.99805,114.550896,2953.841	225.62433,94.849106,2473.9753	
281.76477,143.23013,2779.6802	281.50284,185.13272,2731.3086	254.0349,182.0451,2679.677	203.3001,158.18835,2517.9412	281.50284,185.13272,2731.3086	307.95154,188.10579,2782.9402	343.9333,166.70697,2931.2473	281.1576,229.86145,2689.4963	259.86703,274.9846,2609.3848	251.94144,368.68628,2638.1997	301.1388,276.99213,2685.9834	243.92644,462.81683,2587.9482	290.5301,368.55746,2701.794	259.86703,274.9846,2609.3848	304.24213,458.7515,2667.9849	326.6351,115.29281,2946.4768	226.72597,94.356384,2463.9246	
280.83002,143.56796,2780.5315	280.75723,185.46094,2732.5706	253.34332,182.43892,2680.002	201.58432,162.36398,2524.4744	280.75723,185.46094,2732.5706	307.13626,188.36888,2785.1392	343.38727,176.73068,2940.1306	280.64944,230.14412,2690.1646	259.64456,275.31287,2608.7642	251.45256,368.2602,2648.2917	300.8254,277.17682,2686.753	243.33899,463.21265,2576.4307	290.08917,368.7129,2702.495	259.64456,275.31287,2608.7642	303.54562,458.7636,2671.7896	341.33563,125.198586,2904.3806	226.95984,99.879105,2455.2449	
280.42157,142.6561,2779.9487	280.23834,184.78923,2733.5186	252.87817,181.76093,2680.11	200.22131,166.73228,2524.2307	280.23834,184.78923,2733.5186	306.54987,187.70148,2786.927	342.59528,181.01825,2948.5647	280.1396,229.49596,2692.1929	259.20447,274.66876,2611.2502	250.99823,367.408,2652.8884	300.25748,276.49713,2690.4841	242.95404,462.71326,2571.8699	289.66537,367.68518,2710.4329	259.20447,274.66876,2611.2502	304.11737,457.887,2669.842	352.64642,132.24655,2851.8228	226.21992,105.16377,2450.5972	
279.95966,142.33609,2780.2415	279.75507,184.415,2734.3354	252.39194,181.38734,2680.9324	200.15997,168.82964,2520.698	279.75507,184.415,2734.3354	306.0699,187.32666,2787.7385	341.87735,183.20116,2955.3564	279.67047,229.09726,2692.8867	258.74673,274.24786,2611.826	250.96313,367.09122,2652.5234	299.80627,276.07788,2691.05	243.14655,462.5561,2570.1128	289.9757,367.80768,2702.2437	258.74673,274.24786,2611.826	303.6421,457.32275,2678.2002	360.63074,137.37952,2822.4712	227.0069,108.24768,2437.7761	
280.10355,142.42046,2779.8105	279.6839,184.38078,2734.0935	252.26907,181.27954,2681.5142	199.35378,171.14938,2523.8562	279.6839,184.38078,2734.0935	306.06418,187.365,2786.6729	341.383,184.85812,2952.6772	279.39014,229.06409,2692.5503	258.20117,274.14148,2612.0044	250.91373,366.8659,2654.9907	299.36758,276.125,2690.0098	243.31436,462.42636,2569.1526	290.31494,367.92404,2702.2542	258.20117,274.14148,2612.0044	302.70102,457.72113,2677.5347	362.30383,139.2291,2807.7302	226.42096,111.6129,2438.2168	
279.98965,142.47815,2779.5957	279.52652,184.42917,2734.184	252.01059,181.37057,2683.1685	199.17282,172.12613,2522.9329	279.52652,184.42917,2734.184	306.0345,187.37572,2785.1997	342.34668,184.80426,2945.839	279.14304,229.10449,2692.4648	257.77536,274.17062,2612.9011	251.01938,366.8408,2656.8674	299.1292,276.17294,2688.59	243.16975,462.42175,2568.9253	290.24997,367.71426,2706.6277	257.77536,274.17062,2612.9011	303.2897,457.9323,2671.5757	360.37918,136.80936,2807.0002	225.96124,113.58408,2438.323	
280.88156,144.00204,2780.4895	279.9502,186.0032,2734.1875	252.43561,182.65846,2683.7188	199.96808,167.73454,2519.4724	279.9502,186.0032,2734.1875	306.46747,189.2267,2784.6562	344.37604,182.77162,2944.9204	279.02307,230.67114,2691.85	257.0693,275.5183,2612.0752	250.89899,368.54074,2651.793	298.47815,277.9801,2686.9502	243.20354,464.3009,2566.0098	289.981,369.51627,2706.5786	257.0693,275.5183,2612.0752	303.32288,460.00247,2667.261	355.7639,131.68726,2827.212	227.07037,110.091385,2424.342	
281.13412,144.66522,2780.9382	280.12927,186.74742,2733.7083	252.62427,183.29796,2683.2024	201.82843,162.12415,2514.7417	280.12927,186.74742,2733.7083	306.6364,190.07175,2784.214	345.29855,178.12778,2943.967	279.04102,231.4148,2690.928	256.91766,276.1983,2610.6855	251.20035,369.2209,2651.4717	298.3317,278.8154,2685.6099	243.90987,465.10162,2564.291	289.9482,370.2463,2707.9028	256.91766,276.1983,2610.6855	304.85535,460.81454,2662.1196	349.24307,124.51476,2848.598	228.13158,104.27515,2414.3032	
281.97406,144.16956,2779.6782	280.45358,186.31415,2733.0881	252.80515,182.79533,2685.2917	201.25822,162.51169,2519.3945	280.45358,186.31415,2733.0881	307.1516,189.71199,2780.8845	345.425,172.91525,2937.0015	278.9259,231.01059,2691.046	256.23132,275.67557,2613.5422	250.66196,367.85168,2664.4517	297.9102,278.53766,2684.465	243.33281,463.4857,2569.4475	290.27744,370.2975,2702.9578	256.23132,275.67557,2613.5422	303.31885,460.33508,2672.493	342.02203,118.42698,2874.9517	226.52037,103.11154,2434.0789	
282.6657,143.4385,2781.0361	280.92114,185.52567,2733.628	253.17276,181.97818,2688.039	202.08978,162.0015,2521.2087	280.92114,185.52567,2733.628	307.7592,188.95679,2779.2168	345.4664,168.80643,2924.5083	279.15842,230.18668,2691.3706	256.13715,274.7412,2615.296	250.8797,367.16205,2662.771	298.0073,277.76517,2682.9307	243.51562,462.8877,2566.4707	290.37775,369.3471,2705.4475	256.13715,274.7412,2615.296	304.5957,459.61777,2667.2861	335.96637,114.3536,2899.2827	227.26588,102.324844,2438.0122	
282.64923,143.60297,2779.6978	280.66766,185.74913,2731.91	252.99542,181.99384,2684.7966	202.59525,160.70111,2521.5964	280.66766,185.74913,2731.91	307.4016,189.37709,2779.0232	345.8095,166.86081,2915.2468	278.6777,230.45537,2690.0654	255.48349,274.92728,2613.2751	250.54276,367.41403,2661.1646	297.2156,278.17862,2683.1667	243.07991,463.18976,2565.4463	290.2278,369.82874,2705.2568	255.48349,274.92728,2613.2751	302.47598,460.0143,2673.5286	330.50687,114.13497,2921.6233	228.92166,101.18416,2442.9954	
282.29053,143.91956,2781.0388	280.62335,185.90196,2732.1091	252.91266,182.24443,2685.5046	201.48022,162.75546,2524.305	280.62335,185.90196,2732.1091	307.40448,189.4368,2778.7136	346.73117,166.39243,2915.1223	278.79822,230.57332,2689.412	255.73491,275.09833,2612.1484	251.21007,367.9306,2656.1455	297.54736,278.23264,2681.2817	244.26376,463.63495,2568.0618	291.51562,370.26544,2699.012	255.73491,275.09833,2612.1484	302.62943,460.1109,2677.8167	328.88443,115.04231,2942.6345	227.71027,103.63707,2446.4382	
282.45734,143.7727,2780.206	280.67917,185.8761,2732.2205	252.91116,182.2575,2686.684	201.00055,163.67407,2529.655	280.67917,185.8761,2732.2205	307.53677,189.37604,2777.7568	346.13025,164.90817,2912.5576	278.7593,230.57748,2690.279	255.56297,275.10983,2614.5608	250.83206,367.75668,2659.839	297.45993,278.2397,2682.1145	244.08582,463.35022,2571.4343	290.11127,369.56775,2709.0723	255.56297,275.10983,2614.5608	303.6081,459.85703,2668.9526	327.16776,112.79075,2939.87	226.54156,104.359604,2449.7407	
282.33466,143.65286,2779.7913	280.5939,185.82608,2733.0896	252.89742,182.15955,2686.3914	201.34534,162.85681,2527.8225	280.5939,185.82608,2733.0896	307.35983,189.36942,2779.7878	346.69922,166.9851,2913.2822	278.69305,230.52606,2691.4294	255.577,275.04056,2615.13	251.04565,367.9001,2657.3499	297.34192,278.1816,2684.4087	243.93921,463.67145,2566.5183	290.51917,369.59546,2709.675	255.577,275.04056,2615.13	302.84415,459.57965,2677.8992	328.67896,113.14886,2915.3357	226.70174,103.3409,2441.5862	
281.47827,143.48576,2779.0857	279.9704,185.45001,2732.9756	252.25708,181.93457,2686.0564	200.09195,165.36108,2532.914	279.9704,185.45001,2732.9756	306.7482,188.8468,2779.8948	346.73004,169.6492,2919.6433	278.37408,230.1362,2690.944	255.56168,274.76987,2614.11	250.97195,367.69888,2655.9043	297.34363,277.673,2683.715	244.07611,463.5572,2564.3918	289.99054,369.3468,2704.4954	255.56168,274.76987,2614.11	304.0995,459.2447,2673.1162	332.81335,114.15553,2898.2703	225.31583,106.109634,2440.2505	
281.71048,143.71848,2781.2402	280.07297,185.514,2734.4167	252.35565,181.94934,2687.9768	199.44067,167.20338,2532.4705	280.07297,185.514,2734.4167	306.8645,188.95963,2780.8567	346.1029,171.71008,2928.826	278.39758,230.13715,2691.5444	255.48349,274.68112,2614.2249	250.8192,367.6749,2655.0142	297.3085,277.68942,2683.1194	244.1866,463.36267,2568.8098	289.26752,369.2157,2705.8105	255.48349,274.68112,2614.2249	304.72037,459.31335,2666.9424	338.74207,115.45885,2864.1616	224.40625,108.057175,2442.8894	
280.7028,144.49684,2781.3203	279.1836,186.12418,2733.8193	251.63425,182.4721,2684.2393	199.24799,166.93253,2530.2458	279.1836,186.12418,2733.8193	305.7515,189.64612,2783.3994	345.1085,173.9006,2932.9272	277.69922,230.74788,2690.448	255.10309,275.3257,2610.2886	250.72543,367.97247,2657.7622	296.65192,278.3007,2683.8647	243.2883,463.77417,2565.0293	288.97968,369.67865,2709.0854	255.10309,275.3257,2610.2886	304.2228,460.06177,2664.625	347.24432,118.91737,2826.1082	224.87857,108.17888,2436.047	
280.53592,144.094,2779.8416	279.43655,186.06387,2733.7336	251.789,182.67184,2685.4832	198.35344,167.13623,2529.1162	279.43655,186.06387,2733.7336	306.12506,189.33826,2781.9841	343.30533,176.64879,2938.9558	278.188,230.73543,2691.3135	255.78989,275.49533,2613.1047	251.87337,368.08362,2660.4277	297.44614,278.14438,2684.682	244.54956,463.5387,2574.1187	290.33423,369.81903,2705.2522	255.78989,275.49533,2613.1047	306.1108,459.7758,2668.655	352.1203,125.44679,2801.5461	223.65582,108.8477,2429.5867	
280.19006,143.62743,2780.1072	279.20782,185.64659,2734.2224	251.51901,182.4379,2686.384	199.53482,164.15823,2524.5579	279.20782,185.64659,2734.2224	305.9444,188.74492,2782.0608	342.3409,177.82578,2937.472	278.22958,230.30872,2691.8555	256.08765,275.18527,2614.0068	251.16031,367.77466,2660.1155	297.79395,277.58105,2684.9702	244.26761,463.3744,2571.0042	289.99536,369.19495,2705.5688	256.08765,275.18527,2614.0068	305.5919,459.40625,2665.246	357.247,129.88324,2774.0837	225.14977,106.27063,2415.818	
280.29868,143.15994,2779.7402	279.31326,185.25615,2734.1697	251.59863,182.04367,2686.79	199.13219,165.8346,2525.286	279.31326,185.25615,2734.1697	306.08377,188.35919,2781.5493	341.36423,180.98436,2937.7197	278.2784,229.92302,2692.014	256.05908,274.78238,2614.7156	250.3276,366.93912,2665.5947	297.80847,277.20758,2685.0007	244.20416,462.58774,2569.437	290.27872,369.18823,2699.5364	256.05908,274.78238,2614.7156	304.00293,458.68848,2676.9304	359.68283,135.60486,2771.4565	224.07838,107.21008,2422.4558	
280.46106,142.87921,2779.5498	279.4491,184.94366,2734.742	251.72072,181.71617,2687.7727	199.06923,165.8887,2526.143	279.4491,184.94366,2734.742	306.2411,188.06216,2781.7112	341.30048,183.75134,2933.3452	278.32642,229.61526,2693.0176	256.00992,274.44202,2616.4539	250.91689,367.1887,2658.9207	297.77808,276.91132,2686.1326	243.60385,462.7307,2570.6477	290.43872,368.74567,2702.9797	256.00992,274.44202,2616.4539	303.6089,458.4702,2677.3606	358.3058,138.05313,2771.8916	225.58023,108.21582,2425.341	
280.21295,143.14285,2781.4727	279.0969,185.04964,2734.7812	251.38237,181.80902,2687.453	198.98187,167.00198,2532.5776	279.0969,185.04964,2734.7812	305.86847,188.18,2782.1096	342.5654,183.80428,2928.1848	278.05298,229.67438,2692.0093	255.81267,274.4868,2614.1309	251.12584,367.2016,2658.7146	297.58453,276.96054,2684.3438	243.70099,462.98553,2564.4075	290.49228,369.0415,2698.2654	255.81267,274.4868,2614.1309	302.88995,458.96274,2674.2441	357.32333,136.47359,2768.197	224.36584,108.728,2433.1858	
280.48447,142.7475,2779.9197	279.27878,184.81398,2734.284	251.5602,181.51859,2687.0696	198.73506,167.83618,2533.7878	279.27878,184.81398,2734.284	306.05637,187.99751,2781.4983	343.90714,183.01598,2924.0786	278.13165,229.4489,2691.648	255.78076,274.22314,2613.9897	251.13777,366.77948,2661.0244	297.56204,276.78424,2684.0342	243.60893,462.52008,2565.3452	290.34088,368.4403,2705.2397	255.78076,274.22314,2613.9897	303.72296,458.69177,2669.7798	355.85077,132.859,2778.9282	223.17432,109.359406,2435.693	
280.549,142.6701,2779.6433	279.28555,184.69614,2734.1648	251.5373,181.4063,2687.4827	199.05542,167.50308,2531.8972	279.28555,184.69614,2734.1648	306.10217,187.87555,2780.847	344.87976,182.10593,2921.026	278.06976,229.34753,2691.8945	255.6289,274.117,2614.9963	250.67638,366.48154,2663.9658	297.45493,276.69644,2684.2522	243.27222,462.1576,2567.0996	290.58826,368.56616,2702.2214	255.6289,274.117,2614.9963	302.5754,458.62177,2674.6453	353.34912,130.05414,2782.7185	224.32971,109.09889,2434.9065	
280.35785,142.5441,2779.501	279.2223,184.50993,2734.9922	251.49979,181.24649,2687.9111	199.42297,167.05229,2532.9321	279.2223,184.50993,2734.9922	306.0065,187.66292,2782.0732	345.629,181.3257,2923.0085	278.04825,229.17801,2693.4375	255.6842,273.9705,2616.9592	251.20111,366.54996,2662.4622	297.44073,276.4883,2686.8064	243.54475,462.08765,2570.5598	289.87143,368.10114,2706.799	255.6842,273.9705,2616.9592	303.8293,458.23657,2670.5378	353.20978,128.42854,2787.2432	225.8489,109.271225,2437.029	
280.40973,144.06522,2780.4463	279.178,185.9307,2734.4758	251.48038,182.64003,2686.8967	200.53674,167.22482,2531.4685	279.178,185.9307,2734.4758	305.92828,189.10883,2782.055	346.29913,180.54381,2924.0176	278.01874,230.59618,2692.1895	255.67711,275.4038,2614.6099	250.88538,368.06854,2659.5151	297.41196,277.9368,2685.1963	243.78998,463.96832,2562.9905	289.30862,369.44223,2707.0059	255.67711,275.4038,2614.6099	304.29468,460.03693,2660.283	353.38275,127.174866,2785.0366	226.43436,108.82576,2435.7024	
280.37592,143.25961,2779.4133	279.2621,185.21298,2734.4883	251.71327,181.82794,2684.509	201.26556,164.85672,2524.7344	279.2621,185.21298,2734.4883	305.82196,188.4765,2784.4675	346.5389,180.43826,2924.0122	278.16782,229.90201,2692.9546	256.02045,274.69986,2614.3408	250.94437,367.5822,2656.2466	297.47827,277.24677,2688.501	244.57832,463.50677,2562.92	289.82162,368.4665,2713.94	256.02045,274.69986,2614.3408	304.6377,459.13715,2662.2542	352.64447,126.605675,2786.31	228.72551,106.8201,2431.0813	
280.78537,143.34448,2780.3933	279.58572,185.54443,2735.383	252.14816,182.04752,2683.9702	200.52322,164.7456,2526.8618	279.58572,185.54443,2735.383	306.01093,188.91234,2786.796	346.8662,179.87213,2923.0066	278.42682,230.23453,2694.102	256.30615,274.97678,2614.685	250.68169,367.65253,2658.7212	297.56445,277.6162,2690.957	244.51018,463.55298,2563.959	290.23987,369.1793,2709.463	256.30615,274.97678,2614.685	304.24567,459.67267,2666.3394	352.3661,126.0832,2780.7932	228.46143,107.53261,2429.7715	
281.28168,144.01166,2779.3745	279.99905,186.32724,2735.318	252.54913,182.93817,2684.047	201.3576,165.91461,2526.9202	279.99905,186.32724,2735.318	306.43884,189.59158,2786.589	346.42126,181.00656,2924.491	278.90347,231.08047,2695.1726	256.8607,275.92932,2616.9983	251.3362,368.69043,2658.6187	298.09818,278.40942,2693.056	244.48566,464.4181,2568.5544	291.29688,370.24463,2706.113	256.8607,275.92932,2616.9983	303.5849,460.37128,2674.7717	352.2322,127.78552,2793.204	228.91675,108.44252,2434.764	
280.9356,143.04956,2779.8762	279.91003,185.29907,2735.9924	252.49399,181.9314,2684.184	201.14107,166.14609,2530.4524	279.91003,185.29907,2735.9924	306.3071,188.54158,2787.8008	346.50085,180.9636,2924.2537	278.93338,230.02995,2695.9087	257.0433,274.88266,2617.396	250.47095,367.5899,2658.6482	298.21542,277.30444,2694.254	244.53043,463.38202,2566.9412	290.6663,369.04834,2707.3525	257.0433,274.88266,2617.396	303.80258,459.3507,2670.783	352.31024,127.3751,2789.7761	229.72076,109.4077,2435.126	
