324.6579,132.72824,2386.9995	311.21307,183.13873,2386.629	276.7568,173.2066,2324.3257	265.4132,227.20674,2138.0918	311.21307,183.13873,2386.629	343.91617,192.56549,2448.9321	372.05865,232.07979,2304.0745	297.9321,233.20012,2396.551	262.70737,278.2961,2366.6887	253.34319,380.8036,2390.1047	306.09653,287.2532,2446.2576	233.49838,480.31268,2370.381	300.95554,389.07214,2432.1099	262.70737,278.2961,2366.6887	300.6307,493.03857,2357.1504	365.67032,237.8463,2032.9176	335.66693,258.845,2137.6038	
324.7884,131.70029,2387.062	311.50357,182.42563,2386.5688	276.92447,172.71707,2325.085	266.66553,227.69844,2141.551	311.50357,182.42563,2386.5688	344.34573,191.64653,2448.0527	373.33832,232.02946,2301.0278	298.62753,232.60254,2396.0269	263.72867,277.95142,2366.221	256.18756,380.963,2385.1257	307.26617,286.67593,2444.7488	240.48152,479.8158,2380.3914	301.06586,388.7284,2426.2908	263.72867,277.95142,2366.221	301.043,492.33234,2360.6726	366.87402,238.22891,2029.6504	336.71164,259.1205,2138.356	
324.94458,130.21725,2386.1038	312.83527,181.09871,2387.8174	278.15475,172.22325,2325.9846	266.2044,226.8666,2142.7883	312.83527,181.09871,2387.8174	345.76498,189.52611,2449.6501	374.72498,229.72816,2294.5164	301.0962,231.50945,2398.5464	267.32904,277.57956,2369.779	262.79395,380.60727,2388.6577	310.88043,285.2373,2448.7717	247.59712,478.98657,2388.5315	303.65976,386.8208,2434.5974	267.32904,277.57956,2369.779	303.75726,490.45026,2362.3376	366.6622,237.89673,2027.8774	336.89523,257.15833,2138.525	
323.9569,129.83777,2394.143	313.19833,180.49847,2391.4153	278.58658,172.14873,2328.2773	261.507,224.601,2146.947	313.19833,180.49847,2391.4153	346.02945,188.41867,2454.5532	377.17734,227.56789,2291.758	302.6225,231.10724,2398.0693	269.97983,277.90646,2364.4028	264.14377,381.32996,2380.2769	313.5009,284.849,2445.044	250.89246,480.75873,2376.3281	303.4979,387.0739,2413.794	269.97983,277.90646,2364.4028	302.22052,489.8462,2364.7285	372.90945,236.61267,2023.2927	331.88605,254.42676,2130.911	
322.11322,129.2963,2404.6887	312.8404,179.81871,2394.6377	278.46606,171.80634,2328.6545	258.4208,223.59563,2146.0515	312.8404,179.81871,2394.6377	345.37115,187.40137,2460.6208	380.76022,226.76744,2296.9082	303.45737,230.57867,2394.7695	272.00995,278.08646,2352.7593	264.34192,382.01855,2366.9553	315.3777,284.4674,2437.0435	252.9195,480.8305,2376.005	307.54132,387.85706,2388.3928	272.00995,278.08646,2352.7593	302.7775,489.68268,2361.4612	382.5869,237.351,2028.108	329.6469,250.01518,2124.4614	
320.31036,129.15808,2410.4124	311.99374,179.39706,2394.451	277.57117,171.5943,2328.1885	259.10162,223.46588,2144.0415	311.99374,179.39706,2394.451	344.56244,186.77962,2460.7134	383.5298,226.2804,2303.947	303.45096,230.28984,2389.7751	272.72357,278.27286,2342.7905	263.9021,382.0067,2364.4248	316.2537,284.38306,2427.4082	252.78674,480.33417,2379.4321	310.42392,388.68365,2368.786	272.72357,278.27286,2342.7905	306.00937,489.34076,2363.16	389.85638,236.09348,2035.4238	330.9859,248.08578,2123.1433	
320.34796,128.24355,2405.7712	311.89627,178.7739,2391.1526	277.28012,170.94434,2326.381	260.77213,223.3959,2142.529	311.89627,178.7739,2391.1526	344.6865,186.19049,2455.924	384.93353,224.31572,2310.9656	303.286,229.7524,2386.6653	272.3694,277.75888,2340.816	263.12244,381.13855,2367.9595	316.15692,283.979,2423.54	253.11055,478.81525,2388.644	314.05573,388.73093,2359.192	272.3694,277.75888,2340.816	311.48373,488.82507,2364.2815	397.4412,236.91623,2042.1012	332.63828,247.32497,2120.143	
320.77844,127.75658,2410.4563	312.71234,178.11075,2390.6658	278.18454,170.12808,2325.3333	262.2832,222.69086,2141.7656	312.71234,178.11075,2390.6658	345.40317,185.66873,2455.9983	387.8345,223.5642,2311.4958	304.42056,229.09494,2381.4084	273.76575,277.22327,2330.4314	266.72342,381.1228,2359.1433	317.5917,283.6184,2413.8708	254.64925,479.2303,2377.2302	319.67603,388.85284,2346.528	273.76575,277.22327,2330.4314	322.5185,489.82953,2347.893	404.78946,238.08635,2045.4727	333.59637,246.8309,2116.0583	
322.15814,127.21477,2413.796	314.187,177.12805,2389.7822	279.84903,168.72623,2323.5261	265.1673,223.1375,2140.3728	314.187,177.12805,2389.7822	346.67233,185.07654,2456.0383	390.1419,221.94707,2312.2651	305.81787,228.04303,2376.2073	275.08585,276.03766,2320.3188	267.51758,379.82907,2355.7927	318.83572,282.9252,2404.9458	255.24323,477.16528,2381.6086	324.42746,388.3147,2342.0562	275.08585,276.03766,2320.3188	330.89993,489.92978,2338.1462	411.237,238.34065,2049.318	336.8584,246.48691,2109.322	
324.6234,126.35169,2414.4822	316.33786,176.04022,2386.1663	281.561,167.40598,2325.6187	270.33267,224.77818,2132.7039	316.33786,176.04022,2386.1663	349.39352,184.24715,2446.7139	393.57068,219.69334,2303.1565	307.7238,226.93034,2369.7283	276.3674,274.7004,2314.594	269.2037,378.25415,2356.7068	320.87936,282.23843,2391.9866	256.2062,475.29764,2384.1633	328.98767,387.8898,2335.284	276.3674,274.7004,2314.594	339.42746,490.48633,2321.473	418.78076,237.82709,2044.5983	343.55423,246.62953,2106.4065	
328.06567,126.59447,2407.858	319.2315,176.14072,2378.5232	283.88068,167.34515,2325.7913	274.62842,224.77742,2125.9016	319.2315,176.14072,2378.5232	353.0489,184.55475,2431.2551	398.5795,217.45842,2301.634	310.13766,227.08638,2360.6973	277.87628,274.6428,2309.1611	272.9464,379.2765,2342.391	323.28128,282.85364,2376.5815	258.6812,474.02792,2390.3667	335.0437,388.47034,2330.753	277.87628,274.6428,2309.1611	344.7756,492.6032,2304.6423	426.62115,235.09627,2043.6438	349.06277,246.16377,2101.7263	
331.6226,126.48566,2396.5146	322.31665,176.19534,2371.3784	286.60733,167.41948,2322.9875	272.07782,221.78215,2135.47	322.31665,176.19534,2371.3784	356.59775,184.62018,2419.7693	402.89594,217.32295,2299.8389	312.86108,227.29295,2356.044	280.10406,274.8021,2309.8218	277.9767,380.8623,2323.0544	325.85544,283.20712,2371.5972	262.2959,471.22964,2403.9846	340.84375,388.31708,2334.2637	280.10406,274.8021,2309.8218	345.68552,491.96136,2314.594	432.50458,233.57042,2040.7659	345.3219,242.6532,2086.1404	
334.6063,126.04461,2382.8088	325.81927,176.54095,2364.3772	289.83676,168.53214,2317.0066	270.44348,219.14966,2147.6938	325.81927,176.54095,2364.3772	360.3883,184.23517,2411.7478	408.11996,216.2628,2287.43	317.06357,228.00089,2353.8774	284.99252,276.1526,2313.14	285.66272,383.3036,2305.9487	330.87427,283.59528,2373.6155	268.69272,473.99213,2388.8066	345.8169,388.9542,2330.177	284.99252,276.1526,2313.14	349.54083,491.3733,2325.174	438.52954,232.92961,2034.6938	340.99973,241.31017,2073.1204	
337.41418,125.43572,2376.4465	329.2999,176.26494,2359.4146	293.04944,168.80807,2314.476	271.0189,218.3411,2150.3247	329.2999,176.26494,2359.4146	364.19525,183.44305,2404.353	412.02045,215.25766,2284.1892	321.19446,227.96043,2349.7566	289.64444,276.60403,2311.4067	290.45657,384.87662,2285.0706	335.83347,283.477,2368.7905	275.98343,476.68884,2369.1406	347.98468,389.63306,2319.6436	289.64444,276.60403,2311.4067	350.37744,492.0443,2320.0566	441.90875,230.4015,2030.8423	340.4854,240.5705,2068.912	
339.56192,124.66782,2373.7678	331.85956,175.43857,2355.7456	295.33505,168.34766,2314.2756	273.43335,217.662,2151.1465	331.85956,175.43857,2355.7456	367.12033,182.28412,2397.2156	415.67474,212.37746,2284.0688	324.19177,227.27647,2345.604	292.90305,276.22028,2308.98	294.0239,385.01114,2276.0662	339.48364,282.83392,2361.9448	282.59842,480.63522,2339.0276	348.79666,389.37946,2318.007	292.90305,276.22028,2308.98	349.41577,492.21622,2315.706	446.19305,228.95024,2029.8955	341.4019,238.92038,2062.6157	
341.8573,123.428764,2371.929	334.48773,174.25876,2352.139	297.68692,167.47748,2314.8525	276.6237,217.44284,2150.559	334.48773,174.25876,2352.139	370.14,180.82841,2389.4253	417.66928,211.39336,2280.0083	327.19543,226.20154,2340.5781	296.07733,275.38937,2305.2036	298.7778,384.614,2266.319	343.10333,281.86444,2352.831	294.71472,484.41357,2303.5083	350.3278,388.55698,2318.7236	296.07733,275.38937,2305.2036	350.0606,492.24493,2308.0999	449.122,227.37541,2027.4454	345.02866,238.0503,2059.752	
343.49518,122.52677,2363.0166	336.81897,173.8002,2345.8855	299.80786,167.58047,2309.6938	280.7235,218.11865,2147.761	336.81897,173.8002,2345.8855	372.70544,179.83093,2382.0771	421.52164,209.2434,2267.9937	330.17313,226.00017,2336.1646	299.64212,275.70602,2303.3364	304.72186,384.7419,2269.398	346.83264,281.50906,2349.5508	305.68118,488.17172,2275.2363	351.18106,388.01465,2325.2515	299.64212,275.70602,2303.3364	350.50287,491.76773,2311.3037	454.4712,225.70801,2017.3207	349.9171,237.92433,2059.2756	
345.35745,122.03642,2366.5671	339.017,173.25314,2343.7012	301.88394,167.17181,2309.535	287.2749,219.80771,2133.8818	339.017,173.25314,2343.7012	375.08295,179.15971,2377.8674	423.6341,206.65805,2271.9866	332.71402,225.46606,2330.3872	302.36047,275.37006,2295.2576	309.5247,384.7147,2260.7568	349.86945,281.1337,2338.889	312.06088,491.19586,2243.5427	353.30835,388.51215,2308.1194	302.36047,275.37006,2295.2576	350.026,491.81775,2304.9558	457.6286,221.33954,2020.1951	358.7906,238.03616,2061.4836	
346.3297,121.87273,2367.8457	340.29205,172.67876,2340.8704	303.03806,166.69159,2308.4243	288.47687,220.15701,2130.9434	340.29205,172.67876,2340.8704	376.5274,178.50223,2373.3164	425.9968,203.61728,2259.487	334.28418,224.88708,2323.6592	304.0521,274.96704,2285.7295	313.70352,384.5874,2250.979	351.89142,280.73035,2327.1665	314.35986,492.7494,2224.2686	355.7266,388.85846,2292.3792	304.0521,274.96704,2285.7295	349.04446,490.90897,2304.6404	462.98013,218.37917,2010.4702	360.00516,237.88571,2054.0142	
347.5101,122.13223,2368.4905	341.77863,172.75876,2338.373	304.43588,166.81827,2307.354	291.43442,221.63449,2123.4788	341.77863,172.75876,2338.373	378.14362,178.54372,2369.392	427.9647,202.24654,2247.7434	335.932,224.96027,2318.2463	305.73044,275.15,2278.3118	316.6944,384.92905,2245.9312	353.82104,280.95227,2317.9275	315.65817,494.0769,2212.9858	360.57672,389.83856,2271.4558	305.73044,275.15,2278.3118	349.58624,488.75833,2311.751	468.7651,215.01733,2002.3716	364.2234,237.63919,2048.378	
348.4586,122.73931,2361.811	343.18414,173.52136,2332.3516	305.74686,167.91473,2300.6345	290.5805,221.76755,2127.237	343.18414,173.52136,2332.3516	379.6169,178.97752,2364.0686	430.71027,201.51657,2232.3772	337.83572,225.93536,2312.5847	308.09616,276.57086,2272.5635	319.73264,386.79443,2235.8071	356.2685,281.8884,2313.0723	316.67374,494.81778,2218.9731	365.75745,391.25336,2255.0203	308.09616,276.57086,2272.5635	353.65457,487.76483,2317.3315	474.98395,212.52893,1988.1411	362.29068,234.99298,2038.6631	
350.36905,122.397484,2357.9868	346.34247,173.34583,2329.3218	308.86197,168.69556,2296.3357	292.50003,221.6384,2122.1418	346.34247,173.34583,2329.3218	382.77628,177.86624,2362.3079	433.31705,201.04617,2226.1982	342.43466,225.95262,2309.917	314.16074,277.4301,2269.4404	325.55743,387.85913,2232.9817	362.3175,281.4346,2311.584	321.23837,495.5005,2221.4646	373.88483,390.8769,2249.0383	314.16074,277.4301,2269.4404	364.28918,488.19778,2310.2966	479.09192,210.9158,1982.8181	364.42517,235.66118,2036.3834	
353.2808,121.17114,2349.5496	349.1278,172.60603,2324.2368	311.64474,167.9256,2290.281	299.30905,222.40889,2106.0547	349.1278,172.60603,2324.2368	385.53143,177.15167,2358.1926	435.66095,200.38237,2228.0947	345.17422,225.37683,2306.51	316.9058,276.96323,2267.1025	323.2884,387.75873,2231.633	364.9578,280.92935,2310.4639	317.9288,494.86758,2225.5535	375.96417,390.5802,2245.57	316.9058,276.96323,2267.1025	370.76917,490.37952,2291.8083	481.688,208.95793,1983.3386	373.3905,236.92938,2035.2191	
355.93698,120.47701,2344.849	351.718,171.84601,2318.451	314.21667,166.8973,2284.153	305.90057,223.3309,2096.032	351.718,171.84601,2318.451	388.12592,176.6504,2352.7488	439.09262,200.33444,2223.0625	347.52505,224.69943,2299.702	318.96844,276.2599,2259.0518	323.35406,387.33167,2228.9355	367.0959,280.54254,2302.854	318.71057,495.3758,2215.9333	380.24222,390.3911,2236.8071	318.96844,276.2599,2259.0518	381.30304,493.1656,2262.9207	485.93378,209.04337,1976.189	380.9989,237.99126,2037.0665	
359.58618,119.94481,2335.4805	355.42682,171.6342,2311.9927	317.903,166.74414,2276.991	312.50464,223.49051,2086.9941	355.42682,171.6342,2311.9927	391.83142,176.37839,2346.9944	443.59833,200.11336,2217.0276	351.32324,224.67741,2294.395	322.87247,276.44656,2254.4458	326.13675,387.40842,2232.2952	370.96777,280.5939,2299.149	321.26126,495.21716,2220.1072	386.51443,390.08673,2240.5667	322.87247,276.44656,2254.4458	392.78024,494.83215,2247.7368	490.56818,208.67812,1972.0906	389.10358,238.8014,2032.9503	
363.75616,119.70269,2338.3267	360.2408,171.0337,2310.6206	322.89395,166.2817,2273.3035	316.9407,222.88312,2082.0237	360.2408,171.0337,2310.6206	396.40054,175.63467,2347.9377	447.4155,200.17374,2216.5293	356.83817,224.03099,2289.3303	329.1368,276.08514,2244.2063	331.2146,387.6292,2221.7378	377.10242,279.92105,2291.8738	323.01505,494.66418,2218.7998	392.70795,389.78363,2233.9126	329.1368,276.08514,2244.2063	402.70178,494.71796,2240.8997	494.56207,209.06845,1972.3289	394.20804,239.13152,2028.9185	
367.70834,120.043655,2331.7288	364.07098,171.45819,2305.3804	326.69458,166.57309,2268.3103	319.44653,223.13562,2081.518	364.07098,171.45819,2305.3804	400.2644,176.18867,2342.4504	451.22314,200.54161,2212.7512	360.4863,224.57605,2284.1997	332.58194,276.66193,2239.3472	332.02203,388.53036,2215.5571	380.58493,280.67258,2286.691	320.4722,494.1093,2224.5806	394.1317,390.99973,2230.5454	332.58194,276.66193,2239.3472	402.72076,496.3028,2237.8967	500.13815,208.94785,1966.382	397.07913,239.33241,2026.6008	
372.41644,119.2807,2329.4473	368.41348,171.03343,2302.0625	330.9451,165.9237,2267.123	324.44168,222.92259,2073.2734	368.41348,171.03343,2302.0625	404.76147,175.9904,2337.0024	456.6471,200.60739,2204.3872	364.5356,224.14517,2279.2915	336.21884,276.08896,2234.2056	335.942,388.5399,2204.2874	384.46304,280.5248,2278.8354	321.96878,492.94928,2224.88	398.45895,391.10474,2225.6865	336.21884,276.08896,2234.2056	403.9071,497.4236,2228.431	506.98816,207.89807,1957.261	402.3822,239.51012,2019.394	
375.6373,119.60947,2320.7854	371.56262,171.47952,2296.8103	333.9245,166.63501,2263.5825	327.66312,223.22174,2067.1277	371.56262,171.47952,2296.8103	408.12726,176.18588,2330.038	461.5699,200.31001,2196.688	367.7545,224.80774,2276.5833	339.4629,276.98056,2235.1365	340.36493,389.82382,2195.8086	387.83832,281.16425,2277.576	324.94888,492.0013,2234.48	399.90857,391.6663,2232.6338	339.4629,276.98056,2235.1365	403.63733,498.04022,2233.1626	512.65924,207.38824,1955.6089	405.93948,239.4952,2018.313	
378.91312,118.75094,2316.9688	375.51752,170.75363,2293.7642	337.89917,166.3295,2259.671	329.8276,222.68135,2065.064	375.51752,170.75363,2293.7642	412.03397,175.04816,2327.8574	465.94318,198.52966,2189.8508	372.36597,224.21281,2274.1763	344.78485,276.79324,2232.8157	347.3318,389.97916,2187.9114	393.06818,280.37402,2276.361	332.48932,493.0955,2223.744	403.70337,391.03516,2232.27	344.78485,276.79324,2232.8157	405.7115,498.05478,2227.8938	519.0209,207.2116,1950.1267	407.60635,239.07425,2013.7887	
382.11517,117.0883,2314.5671	378.64398,169.69864,2290.5515	340.97983,165.2417,2257.046	331.45236,222.29932,2067.5625	378.64398,169.69864,2290.5515	415.22214,174.02707,2324.0571	469.43262,195.76443,2184.9229	375.4974,223.21072,2270.4695	347.8798,275.83246,2228.9917	349.5377,389.3058,2182.1357	396.2497,279.48853,2271.7832	339.63748,494.84558,2205.1753	402.32257,390.41882,2231.1753	347.8798,275.83246,2228.9917	403.6156,497.8602,2223.839	524.30096,205.96994,1945.1243	408.12115,238.8137,2004.4573	
384.4882,115.72412,2313.3564	381.30704,168.00398,2287.066	343.50818,163.5445,2255.3938	326.91617,219.63063,2085.7913	381.30704,168.00398,2287.066	418.0733,172.34164,2318.738	473.35995,194.46387,2173.961	378.1918,221.53766,2265.6155	350.47858,274.18958,2223.938	355.03323,387.9082,2174.435	399.117,277.96588,2264.392	349.24838,495.62653,2185.507	403.82748,389.16504,2227.5483	350.47858,274.18958,2223.938	403.24796,496.54623,2222.333	531.0554,202.92642,1937.7673	401.53986,234.90518,1996.3184	
386.28076,114.26624,2312.252	383.33673,166.09164,2283.5667	345.42368,161.66766,2253.1638	325.4976,217.36781,2096.4065	383.33673,166.09164,2283.5667	420.2535,170.39938,2313.9695	477.97192,190.32916,2161.4812	380.40695,219.61746,2259.9263	352.75555,272.35098,2216.8704	359.24698,386.08548,2173.247	401.6504,276.16577,2255.7014	360.07242,496.4823,2161.2751	405.1575,387.60516,2223.5857	352.75555,272.35098,2216.8704	403.7613,494.4576,2224.676	537.70966,198.06396,1930.7347	398.3567,232.96829,1991.5952	
387.83188,113.23282,2305.6938	385.06033,165.2992,2277.2888	346.94824,161.03305,2248.6147	324.9386,216.21869,2099.2085	385.06033,165.2992,2277.2888	422.2246,169.45923,2305.963	481.65826,187.20946,2156.731	382.2502,218.97388,2253.6172	354.58673,271.91635,2211.6333	363.314,385.8509,2166.493	403.77023,275.6294,2248.2578	367.0002,497.13812,2150.9058	406.5792,387.53418,2214.7466	354.58673,271.91635,2211.6333	404.0462,493.10242,2229.7114	543.5004,190.82028,1923.565	397.09875,231.53252,1985.0723	
388.99905,113.674965,2300.9297	386.56555,165.67215,2271.2344	348.42987,161.35437,2241.58	325.0899,215.42755,2093.6096	386.56555,165.67215,2271.2344	423.71823,169.87863,2300.8887	484.28912,182.39746,2152.8809	383.93182,219.43074,2245.729	356.3927,272.55222,2201.2866	367.92816,387.00177,2151.3296	405.66223,276.265,2239.1606	369.28894,499.4436,2133.9539	411.0015,389.07904,2193.3276	356.3927,272.55222,2201.2866	404.45862,492.2279,2232.2534	548.2404,183.03119,1920.999	397.80884,229.59418,1979.8171	
390.13852,113.89748,2299.0422	388.01276,166.0135,2266.4277	349.90384,161.61594,2235.4292	325.7234,215.00735,2088.8096	388.01276,166.0135,2266.4277	425.0933,170.29239,2297.4263	486.80032,179.57611,2145.9548	385.594,219.80457,2238.6526	358.2405,273.06616,2191.081	369.97467,388.01813,2143.004	407.5469,276.7948,2230.6738	371.1306,501.21323,2123.6343	416.71658,390.22562,2175.1138	358.2405,273.06616,2191.081	405.1878,489.30542,2244.1606	552.5847,175.24359,1920.6887	398.5443,228.69174,1971.2133	
391.65973,113.78243,2284.6895	390.89426,166.82227,2259.4617	352.95822,163.66129,2224.1519	329.0944,215.5208,2078.4434	390.89426,166.82227,2259.4617	427.66284,169.88599,2294.7715	488.711,178.18434,2147.6052	390.155,221.0289,2236.9146	364.77747,275.41678,2191.7961	376.84314,390.0838,2150.1318	413.527,277.2434,2236.9387	376.06543,502.95782,2130.583	426.2697,390.37076,2173.729	364.77747,275.41678,2191.7961	413.51788,488.29877,2251.5615	556.0735,168.9526,1925.2467	403.05087,229.46852,1963.5676	
393.31238,113.96373,2276.9465	393.24234,167.32552,2253.809	355.4557,164.57654,2215.461	336.20407,217.55539,2057.2363	393.24234,167.32552,2253.809	429.76465,169.98251,2292.1572	491.3206,177.01807,2146.3347	393.1306,221.78476,2233.5974	368.59598,276.69162,2188.9016	375.50003,391.92755,2144.903	416.90338,277.77362,2237.8699	373.72742,504.71313,2128.826	428.92853,391.3922,2156.3682	368.59598,276.69162,2188.9016	417.58777,490.6877,2231.7356	560.1272,164.2716,1925.9355	412.77875,229.8937,1957.578	
395.53064,113.85014,2274.067	395.776,167.30417,2248.4844	357.9161,164.5863,2210.234	342.23288,217.72282,2044.1564	395.776,167.30417,2248.4844	432.36932,169.93112,2286.7349	494.88705,176.87831,2142.6936	395.79776,221.88892,2227.6245	371.34317,276.98148,2182.347	375.64914,392.56647,2141.7463	419.76093,278.0183,2231.1824	372.6082,505.9293,2121.8362	433.5115,392.11163,2140.8923	371.34317,276.98148,2182.347	426.57697,493.68484,2207.3777	564.4719,162.5556,1925.2388	419.9657,230.62392,1951.5042	
398.50464,113.47825,2271.6099	398.28516,166.947,2243.0303	360.34067,163.74635,2205.3835	343.91794,217.04492,2045.5825	398.28516,166.947,2243.0303	434.977,170.04199,2280.677	497.63208,176.85526,2142.3596	397.81976,221.58534,2220.1733	372.74713,276.50775,2173.2773	374.86475,392.14526,2142.411	421.40985,278.19458,2221.3555	371.2218,505.90768,2118.3953	436.5878,392.57037,2138.8003	372.74713,276.50775,2173.2773	436.3933,497.85202,2179.8916	567.7453,164.12944,1926.7676	421.32654,230.9171,1945.8934	
402.01392,112.411934,2271.3804	401.27472,165.56842,2238.997	363.2771,161.75137,2202.1768	344.7586,216.14316,2046.2871	401.27472,165.56842,2238.997	438.0428,169.26196,2275.8174	502.65372,176.83125,2137.202	400.28427,220.13646,2212.7578	374.5431,274.73306,2163.0046	376.15536,390.40833,2141.6907	423.4709,277.268,2210.0325	371.43228,503.8296,2120.601	441.60013,391.5327,2138.7634	374.5431,274.73306,2163.0046	446.35358,499.9812,2155.967	574.3384,167.28029,1923.217	421.0697,230.96857,1939.1394	
405.75156,111.97934,2270.769	404.7337,164.7267,2234.7656	366.6423,160.42953,2199.3042	348.67206,215.73169,2038.1465	404.7337,164.7267,2234.7656	441.63513,168.88962,2270.227	507.00986,176.611,2132.1226	403.33618,219.22685,2205.3247	377.02518,273.5608,2153.2378	379.2915,389.41876,2137.9146	426.26404,276.80905,2198.5298	373.03607,502.55823,2120.343	445.25574,391.41272,2133.66	377.02518,273.5608,2153.2378	454.37982,501.21045,2141.5105	580.344,171.25713,1920.3196	425.96368,230.7915,1936.0903	
409.8864,111.5477,2262.9626	408.5733,164.31165,2229.0432	370.2609,159.9826,2195.897	354.4836,215.4133,2024.5863	408.5733,164.31165,2229.0432	445.76294,168.51385,2262.1895	510.73315,179.5492,2127.562	406.96417,218.95006,2199.7222	380.28137,273.3309,2149.2334	384.63602,389.46808,2132.159	429.85822,276.76505,2191.5688	373.61288,500.35837,2131.955	449.2201,391.36942,2135.5308	380.28137,273.3309,2149.2334	457.90558,502.02267,2137.5376	585.5018,175.43231,1916.6492	433.52942,230.72525,1933.429	
414.2361,111.8925,2260.0632	412.74667,164.48227,2224.1074	374.16272,160.0853,2194.3584	356.63745,215.29266,2021.3105	412.74667,164.48227,2224.1074	450.31207,168.76318,2253.8564	515.0331,181.97452,2125.2944	410.90137,219.16765,2193.4414	383.7453,273.51227,2143.7744	390.42645,390.6839,2110.7166	433.82227,277.26236,2181.7764	373.57886,498.24902,2137.7021	452.26324,392.4342,2129.2188	383.7453,273.51227,2143.7744	460.23184,504.01968,2127.596	590.3923,178.49698,1911.4419	436.08646,230.65768,1927.5867	
418.35535,112.37876,2250.605	416.52927,165.40369,2216.2375	377.74738,160.94157,2187.9849	358.20792,214.86311,2024.1647	416.52927,165.40369,2216.2375	454.3348,169.75345,2244.4902	518.8041,182.71739,2121.314	414.4235,220.32065,2186.3289	386.88538,274.78516,2138.38	394.9174,392.9133,2090.5645	437.2122,278.70404,2174.4604	376.97968,498.5891,2137.5186	453.96396,394.19724,2128.9368	386.88538,274.78516,2138.38	461.11578,505.99323,2126.5833	594.3652,179.9353,1903.1975	436.61044,230.2817,1918.1975	
422.69604,111.98331,2239.8738	420.34473,165.51721,2209.3345	381.42242,160.98846,2182.0073	361.2467,214.85971,2019.5825	420.34473,165.51721,2209.3345	458.31598,169.93527,2236.6616	522.69147,182.95842,2112.2603	417.84012,220.71538,2182.3584	389.86496,275.25613,2137.9324	399.14282,393.73077,2082.133	440.27255,279.30164,2172.8323	382.92908,499.3807,2134.6797	455.61487,394.79688,2132.6697	389.86496,275.25613,2137.9324	460.5133,505.9235,2134.9739	599.0585,179.9953,1892.5913	439.55298,230.02005,1911.8589	
426.29492,110.66885,2234.0027	423.56354,164.24582,2203.4907	384.43008,159.71791,2178.18	364.02258,214.73447,2018.7985	423.56354,164.24582,2203.4907	461.8082,168.6709,2228.8015	526.766,181.62297,2101.9836	420.82245,219.61967,2177.8154	392.48834,274.21408,2135.9758	404.1377,393.06384,2066.59	443.1629,278.38416,2168.3044	392.15524,499.54382,2122.1028	456.9431,394.33612,2127.2737	392.48834,274.21408,2135.9758	459.6593,505.21985,2134.255	603.5653,180.3081,1880.5027	441.63464,229.86775,1904.5005	
429.2779,109.906845,2225.0566	426.8709,163.68271,2196.466	387.60117,159.34537,2171.532	369.08664,214.96889,2007.8857	426.8709,163.68271,2196.466	465.25912,167.92267,2221.4001	530.4031,179.2119,2091.9138	424.27618,219.30582,2172.3345	396.04553,274.19794,2132.2805	411.47766,392.95477,2061.9438	446.82446,278.13013,2164.1252	403.28467,503.10562,2096.0503	458.5828,394.09155,2130.3203	396.04553,274.19794,2132.2805	460.69806,505.59,2131.4724	607.6697,180.47122,1870.3257	448.3796,229.60104,1899.999	
431.7758,108.858215,2213.5964	429.19318,163.02478,2188.7349	389.66794,158.91904,2165.518	373.33337,215.03949,1998.4342	429.19318,163.02478,2188.7349	467.88867,167.04437,2211.9517	534.857,177.6896,2078.8662	426.54092,218.95432,2167.5957	398.15564,274.10742,2131.6294	415.51205,392.8131,2058.588	449.16492,277.83777,2161.2837	412.00842,504.96985,2081.5442	456.79144,393.99915,2130.7056	398.15564,274.10742,2131.6294	460.34598,505.14227,2134.2324	612.9977,178.09602,1855.72	453.72778,229.81178,1898.2068	
434.06625,107.478806,2208.368	431.63165,161.93369,2182.1514	391.88937,157.97787,2160.503	375.2865,215.02066,1989.7261	431.63165,161.93369,2182.1514	470.59314,165.8118,2203.7998	537.8646,176.883,2068.734	429.18317,218.00221,2160.1167	400.8389,273.39435,2124.257	421.56183,391.90283,2055.271	452.19748,277.03488,2151.907	423.39066,507.90353,2049.7046	455.52737,393.9306,2118.6858	400.8389,273.39435,2124.257	461.3578,504.52316,2130.0361	616.5023,174.45581,1843.2219	456.36774,229.62825,1894.1196	
435.62863,107.087234,2205.761	433.33853,161.20938,2176.9558	393.40692,157.20094,2156.9976	376.57376,214.85832,1984.8762	433.33853,161.20938,2176.9558	472.5446,165.14496,2196.914	540.18286,176.30548,2059.9685	430.8565,217.32881,2153.176	402.30157,272.7764,2116.6504	423.05777,391.72195,2048.8467	454.02704,276.604,2142.142	426.67358,509.0538,2037.1357	456.1587,393.992,2111.0479	402.30157,272.7764,2116.6504	461.68973,503.724,2131.6516	619.3153,171.45139,1833.0891	458.0979,228.98143,1888.897	
436.81265,106.6712,2198.444	434.2652,160.9124,2170.3591	394.21103,156.70465,2150.7332	377.7815,214.5782,1978.4398	434.2652,160.9124,2170.3591	473.60147,165.04474,2189.985	542.30676,176.14626,2049.4353	431.4718,217.19461,2146.8882	402.52206,272.659,2110.8843	422.6839,391.97607,2045.2378	454.40497,276.75885,2135.9502	427.0143,509.83685,2031.8699	461.13654,394.5427,2101.3867	402.52206,272.659,2110.8843	459.66656,502.5361,2137.6636	622.342,169.47026,1822.8479	459.3686,228.97672,1881.6255	
437.86893,107.228745,2187.8005	435.37515,162.11246,2161.9963	395.43393,157.89337,2138.7964	378.28775,214.41063,1973.2217	435.37515,162.11246,2161.9963	474.46826,166.24196,2185.1963	543.6631,176.05777,2042.5469	432.69382,218.7234,2140.6685	403.99158,274.54013,2104.5212	424.13568,394.21014,2041.615	455.56482,278.38052,2134.16	430.08173,512.7722,2024.4348	467.5609,396.19666,2094.7363	403.99158,274.54013,2104.5212	460.86212,503.00613,2140.6753	623.6373,168.80832,1813.8417	460.10345,229.01028,1873.3517	
438.44147,107.41795,2181.9768	436.28085,162.47641,2156.217	396.41248,158.31609,2130.6702	382.20773,215.08841,1961.1118	436.28085,162.47641,2156.217	475.21555,166.5393,2181.764	544.4729,177.22995,2038.554	433.86716,219.27524,2135.1958	405.50946,275.39743,2097.8604	424.7212,395.36694,2040.9912	456.90482,278.98206,2130.4888	430.76312,514.954,2016.0205	472.56384,397.1162,2083.4312	405.50946,275.39743,2097.8604	462.9126,503.34656,2136.4966	624.3446,172.71097,1809.019	465.3875,229.8675,1863.8181	
439.57706,106.6136,2179.068	437.58475,161.77554,2151.948	397.98132,157.47641,2122.6096	383.21088,215.03134,1958.0651	437.58475,161.77554,2151.948	476.12286,165.95901,2181.2864	545.40906,180.4876,2035.724	435.48544,218.64432,2129.5718	407.594,274.9614,2088.4563	425.1233,395.37292,2038.5835	458.6352,278.44934,2125.9348	431.91913,515.17255,2013.0167	477.39038,396.768,2073.8545	407.594,274.9614,2088.4563	469.05576,502.60382,2133.2817	624.494,178.40479,1803.405	466.6805,230.63155,1861.1974	
440.94424,105.59544,2171.6123	439.10846,161.25195,2146.4265	399.6447,157.12445,2114.4321	383.11755,214.46516,1961.0334	439.10846,161.25195,2146.4265	477.41306,165.25824,2178.421	544.8071,184.42322,2040.023	437.28436,218.36058,2126.1768	409.8383,275.0248,2085.4958	425.01575,395.38733,2044.9916	460.52026,278.08044,2126.3582	431.7407,514.30426,2023.6426	479.14664,396.30975,2076.8333	409.8383,275.0248,2085.4958	477.16138,503.8545,2124.2124	621.9206,186.59215,1804.6514	465.271,232.9362,1856.9714	
442.62854,104.992035,2168.8816	441.0249,160.55557,2142.5024	401.62625,156.33789,2109.3274	385.806,214.97726,1955.5134	441.0249,160.55557,2142.5024	479.22205,164.64462,2175.6775	544.0135,188.50395,2043.1599	439.30682,217.7405,2121.5002	411.9994,274.51382,2079.3154	425.4453,395.23105,2042.5232	462.59906,277.59305,2121.6807	431.6546,514.49133,2019.822	480.3626,396.43243,2067.8733	411.9994,274.51382,2079.3154	486.83014,506.1823,2100.2454	619.1618,198.05446,1809.2815	468.3261,235.00728,1855.1602	
444.41235,104.6758,2167.511	442.68143,160.02388,2138.699	403.3224,155.31247,2105.0093	390.61932,215.60025,1946.7523	442.68143,160.02388,2138.699	480.8197,164.58914,2172.3887	543.59503,193.2949,2046.7008	440.5906,217.19855,2115.7039	412.86542,273.77277,2071.1948	424.05237,394.66705,2042.665	463.5215,277.44888,2114.2227	431.10556,514.1403,2017.7932	480.50446,396.4314,2067.867	412.86542,273.77277,2071.1948	493.17368,509.1144,2076.249	615.6942,209.53807,1812.6498	474.305,236.66066,1850.9497	
445.93036,104.88692,2166.338	444.06415,160.0246,2135.3635	404.6381,155.16089,2102.0383	394.1715,216.47627,1939.8931	444.06415,160.0246,2135.3635	482.27856,164.73883,2168.6887	543.1979,197.08392,2049.7512	441.95496,217.21184,2110.647	414.1196,273.7851,2064.65	425.69678,394.33173,2046.8569	464.9533,277.68375,2107.211	431.24014,513.40295,2023.7305	481.6099,396.437,2072.2349	414.1196,273.7851,2064.65	497.08447,510.97934,2064.315	612.7313,219.571,1818.3098	479.0976,237.8072,1844.241	
448.04227,104.46492,2165.2463	445.8366,159.496,2132.409	406.3062,154.32434,2100.1548	400.5988,216.92758,1924.9595	445.8366,159.496,2132.409	484.18896,164.51355,2164.663	543.0292,199.09361,2052.7776	443.41095,216.66367,2106.1904	415.1301,273.06244,2059.3735	427.01523,393.46753,2047.8875	466.21234,277.43933,2100.5703	430.58255,513.25336,2018.3203	481.71863,396.2392,2073.144	415.1301,273.06244,2059.3735	498.04785,510.91107,2064.3232	610.50806,225.2741,1822.2098	487.8154,238.48083,1835.8503	
450.1303,104.43512,2164.7048	447.7902,159.17497,2129.837	408.06952,153.70786,2099.74	405.27045,217.54732,1912.4957	447.7902,159.17497,2129.837	486.40387,164.48973,2159.9338	545.6102,199.70679,2049.4236	444.9842,216.2869,2101.8228	416.12317,272.45645,2054.5864	427.9633,393.02957,2045.0493	467.6045,277.3815,2093.0308	430.5589,512.7573,2017.6433	482.20667,396.19385,2073.374	416.12317,272.45645,2054.5864	499.78625,511.26917,2060.7969	613.3351,225.5242,1816.754	494.52075,238.68112,1822.9097	
452.1629,104.467865,2164.4294	449.83942,159.1669,2128.297	410.11035,153.50012,2098.4792	409.95596,216.70944,1898.7664	449.83942,159.1669,2128.297	488.47064,164.6771,2158.115	549.9881,197.63113,2041.9424	446.81308,216.27858,2099.8032	417.70557,272.33582,2052.2686	430.0687,392.79987,2045.4834	469.22772,277.53952,2090.35	430.0409,512.4094,2018.6777	483.21002,395.8584,2080.3027	417.70557,272.33582,2052.2686	500.7359,511.07004,2064.1418	619.18884,220.86052,1806.3412	501.5095,235.14932,1808.3232	
454.37622,104.3103,2158.7625	452.07312,159.1572,2124.2034	412.25638,153.63213,2094.6353	412.15186,213.2088,1888.8728	452.07312,159.1572,2124.2034	490.79657,164.53055,2153.7715	554.4885,193.68135,2036.0114	449.2013,216.41866,2096.2012	420.2093,272.6939,2049.3171	432.04065,393.19263,2045.1526	471.823,277.7216,2087.0808	431.86118,512.65564,2019.9764	485.20203,396.06573,2080.2822	420.2093,272.6939,2049.3171	502.5989,511.75708,2060.83	626.5206,209.12395,1795.8613	505.64264,229.71852,1791.7747	
456.2375,103.669785,2155.4346	453.77594,158.72215,2121.8174	413.9856,152.99603,2091.949	415.00034,210.61047,1879.9213	453.77594,158.72215,2121.8174	492.46155,164.2893,2151.6858	559.4061,188.69492,2030.4529	450.5555,216.07118,2094.9404	421.2475,272.25903,2048.9893	431.2718,392.64795,2048.4353	472.77997,277.5142,2087.1377	430.45166,512.2639,2020.1414	483.90607,395.28143,2089.9224	421.2475,272.25903,2048.9893	501.65137,511.939,2057.615	633.69763,196.13046,1786.6869	509.7153,224.9786,1777.698	
457.75528,103.39401,2159.797	455.89606,158.08728,2122.972	416.47525,152.36418,2089.968	417.0227,208.34679,1872.9746	455.89606,158.08728,2122.972	494.10992,163.63516,2155.9758	563.09564,182.27216,2028.7823	453.2025,215.36511,2094.7507	424.65128,271.66895,2045.4484	433.4472,392.0807,2048.4802	475.69885,276.69446,2087.6106	433.35184,512.17456,2015.9788	487.24615,394.56778,2088.6177	424.65128,271.66895,2045.4484	502.5245,510.6986,2063.68	638.1727,180.87749,1781.4575	513.00745,220.02222,1768.6477	
459.55228,103.18352,2149.9841	458.2872,158.41353,2118.1724	419.00955,153.36072,2082.7688	417.95435,205.63084,1867.9841	458.2872,158.41353,2118.1724	496.27344,163.3002,2153.576	566.5787,175.3775,2027.0662	456.2712,216.06355,2094.1194	428.64294,273.0585,2047.4531	434.7163,392.76147,2059.2695	479.2213,277.00497,2092.6797	433.79865,512.59814,2023.2122	488.38403,395.06512,2090.1323	428.64294,273.0585,2047.4531	503.25613,510.33902,2071.8774	643.8048,168.51973,1781.5632	514.9449,213.62366,1759.7593	
461.30988,102.85594,2144.5547	460.36423,158.29034,2115.2087	421.1542,153.582,2078.6946	415.26712,202.93584,1875.979	460.36423,158.29034,2115.2087	498.24344,162.83885,2151.723	569.39746,171.44702,2025.2804	458.536,216.17642,2094.4106	431.24545,273.50537,2050.2969	433.59344,393.4638,2058.2815	481.53143,276.9038,2096.9282	432.86053,513.1572,2024.2861	487.9698,395.1526,2090.7737	431.24545,273.50537,2050.2969	501.37045,511.0848,2068.3455	648.3323,156.9826,1784.1884	510.8358,208.94957,1754.5264	
462.47943,103.08461,2142.334	461.8888,158.53323,2113.0347	422.7552,153.97589,2075.5862	413.78302,201.50792,1882.9719	461.8888,158.53323,2113.0347	499.65942,162.93184,2150.4832	571.595,169.3913,2021.8123	460.23132,216.5404,2093.2656	433.19745,274.07312,2049.5837	432.9974,394.24988,2055.9575	483.3092,277.19818,2097.4094	433.68976,514.3676,2019.6702	487.79523,395.6928,2088.7947	433.19745,274.07312,2049.5837	500.07333,512.1987,2063.6511	652.8468,151.87914,1786.522	506.91028,207.19388,1748.3318	
463.6018,102.91356,2141.2197	463.06155,158.52383,2112.1067	424.02756,154.03316,2073.7727	417.50558,202.89972,1876.964	463.06155,158.52383,2112.1067	500.70386,162.8544,2150.4407	572.4995,170.58183,2020.0103	461.4615,216.60011,2093.2656	434.57782,274.22998,2049.9453	433.27405,394.65472,2053.1821	484.49792,277.1977,2098.9038	432.8444,514.07715,2024.3372	487.19843,395.47784,2092.9377	434.57782,274.22998,2049.9453	499.79944,512.5594,2060.7708	655.5434,155.00249,1788.2653	511.1874,207.02411,1747.2129	
464.76526,102.71562,2140.661	464.10303,158.36278,2110.9937	425.15344,153.84042,2071.9392	422.36316,204.75163,1869.9504	464.10303,158.36278,2110.9937	501.63757,162.72083,2150.048	572.9167,175.27353,2019.1088	462.47137,216.48746,2092.6235	435.62317,274.1491,2049.3135	433.61185,394.78525,2050.4084	485.3999,277.09875,2099.1934	431.8466,513.79565,2026.3059	486.6883,395.38635,2093.3088	435.62317,274.1491,2049.3135	499.89392,512.7865,2057.8728	655.83563,166.04129,1785.5841	516.76447,208.80948,1745.6196	
466.09875,103.04054,2140.905	465.4131,158.65413,2109.7063	426.36035,154.10516,2071.5286	427.86603,206.51895,1861.4988	465.4131,158.65413,2109.7063	503.07748,163.04138,2147.884	570.7183,182.52368,2020.2217	463.78336,216.78773,2090.5579	436.8464,274.45392,2047.0288	434.4848,395.09424,2049.9294	486.81256,277.50244,2095.79	432.22055,514.45044,2023.0751	487.23154,395.87482,2091.627	436.8464,274.45392,2047.0288	500.21487,513.81775,2052.62	652.318,183.82864,1788.126	523.2833,212.06113,1747.0203	
467.1795,102.682816,2140.533	466.4853,158.31927,2108.53	427.49768,153.58887,2069.893	432.25128,209.25192,1856.2585	466.4853,158.31927,2108.53	504.06982,162.87941,2147.167	568.4584,192.07343,2017.932	464.84796,216.42848,2088.0693	437.91174,274.04456,2042.9346	434.16626,394.6875,2048.5156	487.8487,277.2922,2092.2827	432.5179,515.0984,2013.023	486.9827,395.54465,2092.414	437.91174,274.04456,2042.9346	499.87476,513.58746,2052.2014	645.72107,207.3475,1789.2252	528.10547,217.81737,1750.8369	
468.21545,103.00302,2134.3232	467.20883,159.25166,2104.8198	428.03705,154.59229,2067.21	434.703,213.16284,1857.1256	467.20883,159.25166,2104.8198	505.0053,163.74744,2142.4297	564.5897,199.98907,2021.7227	465.2622,217.54118,2086.5522	437.9383,275.2332,2044.2662	433.55896,395.46332,2053.82	488.0423,278.45016,2092.3032	431.30835,515.5642,2018.3564	485.53046,396.22208,2098.396	437.9383,275.2332,2044.2662	499.08905,513.9052,2057.9043	636.28735,228.16965,1801.5325	531.0115,224.76556,1755.1694	
469.06607,103.25346,2131.7048	467.61774,159.7095,2102.7666	428.4121,154.94318,2065.2422	433.61505,215.36537,1865.0457	467.61774,159.7095,2102.7666	505.44867,164.30872,2140.291	562.0342,206.18527,2023.7823	465.41913,218.07191,2085.1426	437.82828,275.7336,2043.555	433.41864,396.42227,2047.7443	487.9568,279.08615,2091.482	430.15054,515.0778,2027.2042	485.06342,396.656,2100.7642	437.82828,275.7336,2043.555	499.1635,514.83264,2054.166	631.0995,242.10907,1811.9685	530.147,228.38506,1767.7493	
469.75305,103.57083,2129.4175	468.0425,159.98097,2100.7532	428.73813,155.0989,2063.8848	429.8857,215.78133,1876.04	468.0425,159.98097,2100.7532	505.9911,164.69466,2137.6218	561.6781,208.3494,2024.4995	465.6239,218.39041,2083.1475	437.73816,276.0028,2041.9967	432.59778,396.4079,2050.6294	488.01685,279.5479,2089.0867	431.84387,516.01086,2021.1711	485.28268,397.29614,2097.925	437.73816,276.0028,2041.9967	499.4453,515.41516,2053.4763	630.47473,246.66357,1815.1445	525.5047,232.7229,1779.4095	
471.17725,102.895065,2128.7615	469.24005,159.46707,2100.9814	430.25482,154.19702,2061.9873	429.61548,216.40288,1878.0046	469.24005,159.46707,2100.9814	506.80457,164.54507,2139.9753	564.553,207.63434,2020.4784	466.38116,217.86014,2084.0327	438.26407,275.2481,2042.179	433.3388,395.56555,2052.006	488.08643,279.12668,2091.989	432.20953,514.8594,2024.7153	485.2387,396.46957,2103.881	438.26407,275.2481,2042.179	499.36606,514.11084,2060.5305	636.0454,242.66188,1806.9502	525.68286,235.64098,1784.2031	
472.05008,102.56987,2127.9434	469.79773,159.08849,2100.8257	430.8843,153.63106,2061.4224	422.34558,214.43623,1891.9883	469.79773,159.08849,2100.8257	507.27823,164.34497,2140.229	568.10693,202.0076,2016.923	466.71744,217.46922,2083.917	438.4226,274.73734,2041.8458	432.92715,394.94525,2053.0742	488.1457,278.82315,2092.1707	431.66168,513.9954,2027.4377	483.7974,396.01196,2105.396	438.4226,274.73734,2041.8458	500.88538,514.1533,2053.3376	643.64026,232.044,1802.808	516.69574,234.95454,1788.6154	
472.69052,102.710724,2127.543	470.23322,158.97499,2099.876	431.0578,153.45639,2062.6208	417.39932,210.92943,1901.5078	470.23322,158.97499,2099.876	508.0428,164.30121,2137.1313	571.99896,194.35725,2015.6454	466.94315,217.35344,2082.642	438.24356,274.5174,2041.6147	433.1939,394.45642,2056.4824	488.3752,278.845,2089.2017	431.13147,514.3697,2020.8617	483.56488,396.25702,2101.5947	438.24356,274.5174,2041.6147	500.5371,514.3286,2052.6	651.1365,216.95662,1797.8787	509.43546,233.45117,1788.948	
472.91522,102.11331,2128.8726	470.51053,158.45062,2100.3088	431.3299,152.8659,2063.2295	414.4426,209.053,1907.2993	470.51053,158.45062,2100.3088	508.33173,163.84161,2137.3884	575.75586,185.97986,2011.6783	467.23633,216.7835,2082.302	438.5313,273.89374,2040.6171	433.82983,394.01465,2054.227	488.70312,278.3235,2087.9731	430.53113,513.7118,2021.4579	483.75897,395.38165,2105.5034	438.5313,273.89374,2040.6171	499.83582,513.3574,2056.1167	658.36743,202.41502,1794.4388	504.82623,231.72527,1789.814	
473.18036,101.691345,2127.978	470.95465,158.05714,2100.3274	431.81897,152.44257,2062.9463	416.3739,209.20244,1902.5825	470.95465,158.05714,2100.3274	508.72165,163.47537,2137.7085	577.8949,179.47464,2011.9534	467.6558,216.39067,2082.477	438.95837,273.4849,2040.7554	434.17056,393.37018,2057.121	489.06213,277.92944,2088.498	431.2069,513.54553,2018.4247	483.45428,394.52255,2111.0044	438.95837,273.4849,2040.7554	499.9437,512.8809,2054.2334	662.4466,181.93849,1790.0469	506.8177,231.57156,1792.0471	
472.99387,101.442154,2128.6223	471.08444,157.75914,2100.1902	431.96426,152.14612,2062.6643	420.95575,210.82158,1891.825	471.08444,157.75914,2100.1902	508.83118,163.17508,2137.716	579.4045,173.6124,2010.7378	467.84924,216.08769,2082.058	439.22006,273.19916,2039.9617	433.6464,393.3341,2053.4993	489.31274,277.6316,2087.8904	431.7986,513.2339,2019.7141	483.2369,394.5549,2106.6946	439.22006,273.19916,2039.9617	499.125,512.0873,2060.422	665.7186,166.44046,1790.5068	512.94946,231.6395,1794.0713	
473.08374,101.3858,2127.8726	471.13016,157.66965,2099.8696	431.93112,152.08685,2062.9324	427.26807,213.34508,1877.9355	471.13016,157.66965,2099.8696	508.974,163.0594,2136.807	580.1062,170.6836,2008.6104	467.87872,216.00868,2081.8213	439.18222,273.12393,2040.1843	434.5955,393.4422,2051.7407	489.38477,277.56155,2087.3616	429.81366,512.5336,2024.7587	482.881,394.66675,2104.14	439.18222,273.12393,2040.1843	499.50244,511.9027,2061.2993	667.09424,157.47054,1788.8582	521.3123,231.7983,1793.6099	
472.94653,101.49643,2128.5073	470.89243,157.54552,2099.879	431.75616,151.95021,2062.3887	431.60016,215.06906,1869.9469	470.89243,157.54552,2099.879	508.6558,162.94455,2137.3691	580.44257,169.93835,2005.7192	467.69003,215.88199,2081.7017	439.08276,273.01465,2039.5826	434.28857,393.5199,2049.1958	489.19824,277.4266,2087.4663	430.23138,512.85876,2021.9365	482.82336,394.49008,2104.8262	439.08276,273.01465,2039.5826	499.57916,511.7713,2061.2104	668.1273,157.42587,1785.4052	527.33246,231.7944,1793.4016	
472.643,102.223465,2129.3428	470.72968,158.00842,2099.6057	431.61084,152.41429,2061.9053	434.17657,216.07216,1864.4937	470.72968,158.00842,2099.6057	508.46844,163.40521,2137.3062	579.91724,173.00902,2003.3868	467.70795,216.31937,2080.21	439.26657,273.50284,2036.738	434.99994,394.20575,2046.189	489.40622,277.9016,2084.8904	430.87335,513.64795,2019.7708	483.3685,394.9185,2104.6711	439.26657,273.50284,2036.738	499.37753,512.76276,2056.8772	667.1047,166.21593,1780.1255	531.318,231.92233,1794.4404	
472.19843,102.53882,2122.2258	470.01105,158.63066,2096.2356	430.83908,153.13739,2058.2563	435.412,216.5868,1862.7324	470.01105,158.63066,2096.2356	507.78888,163.92839,2134.2148	578.86816,179.28801,2000.2798	466.74286,217.13094,2079.6372	438.0887,274.43405,2038.7848	434.7527,394.9575,2049.191	488.16663,278.6614,2087.293	427.87415,513.72363,2025.5778	482.50012,395.54996,2107.1074	438.0887,274.43405,2038.7848	497.4659,512.94006,2063.2769	664.3351,179.65312,1773.0737	533.6933,231.96078,1797.1953	
471.7474,102.12187,2125.1863	469.74344,158.422,2096.9583	430.7813,152.88194,2057.388	435.93826,217.48428,1863.3699	469.74344,158.422,2096.9583	507.26233,163.75684,2136.5286	575.14764,188.77344,2003.3911	466.76813,216.8625,2078.8047	438.51358,274.22028,2035.3794	435.60013,394.794,2047.7483	488.35596,278.39392,2085.9229	430.7966,515.1795,2011.1438	483.8544,395.66913,2102.4	438.51358,274.22028,2035.3794	498.93475,513.09143,2060.7114	656.41705,198.81746,1772.8928	535.0854,231.98311,1806.6749	
471.17084,102.446655,2127.172	469.39282,158.45033,2097.5244	430.52475,152.85114,2057.2703	431.4903,216.6539,1872.6934	469.39282,158.45033,2097.5244	506.79715,163.83868,2137.7788	569.67163,197.70831,2009.3591	466.64758,216.81961,2077.6008	438.6486,274.1902,2031.9703	435.16464,394.6115,2048.3838	488.4279,278.39572,2083.384	430.5128,514.9883,2011.9631	483.1041,395.65808,2101.451	438.6486,274.1902,2031.9703	499.6374,512.9391,2060.0322	644.80396,220.3169,1782.7972	529.8312,234.45232,1804.1729	
470.8048,102.65904,2121.1423	468.94357,159.06107,2094.7222	430.03137,153.7945,2054.0923	424.29297,215.02757,1889.8301	468.94357,159.06107,2094.7222	506.375,164.12723,2135.352	564.07544,205.36746,2017.1914	466.38263,217.60965,2076.8691	438.6039,275.28278,2033.0688	434.6772,395.45264,2051.4685	488.32407,279.01718,2084.9634	430.50027,515.4272,2017.5847	482.87793,395.6952,2108.682	438.6039,275.28278,2033.0688	499.73352,513.3303,2059.911	633.8926,238.28474,1798.7065	521.5348,233.51411,1805.0364	
470.20963,102.39305,2124.1443	468.6507,159.13177,2095.7456	429.91025,153.93634,2053.833	423.81406,215.1703,1889.416	468.6507,159.13177,2095.7456	505.87198,164.12344,2137.6582	561.2688,210.1546,2021.5286	466.3995,217.6461,2077.1824	439.0395,275.41748,2031.8529	435.99554,395.90543,2047.5646	488.5324,278.96783,2085.3855	429.79514,515.73145,2016.0403	483.66132,395.80106,2107.2893	439.0395,275.41748,2031.8529	499.26477,513.7241,2057.951	626.76965,251.33986,1813.522	521.4878,233.5881,1801.5148	
470.50137,102.03212,2120.1316	468.44864,158.84235,2094.3396	429.58527,153.54199,2053.2075	426.68808,215.91962,1882.7076	468.44864,158.84235,2094.3396	505.81494,163.93854,2135.4717	559.0624,211.65366,2026.5021	465.68604,217.43797,2077.834	437.76743,275.08167,2035.0612	433.7403,395.20862,2052.5671	487.35895,278.8147,2087.5957	429.29193,515.1018,2018.6409	481.9048,395.35654,2111.3135	437.76743,275.08167,2035.0612	499.10095,513.4517,2056.336	624.70935,253.41917,1818.5776	526.21545,232.82143,1801.655	
471.1138,101.13721,2123.632	468.8065,158.10623,2096.8096	430.28705,152.38261,2053.7551	430.6341,216.52885,1873.343	468.8065,158.10623,2096.8096	505.7759,163.59952,2139.864	560.16254,210.53381,2025.9387	465.93463,216.53787,2078.2397	438.06976,273.92435,2032.1719	435.14285,394.53217,2046.3541	487.29492,278.06662,2087.168	430.69104,514.53467,2014.7855	482.727,394.71332,2110.3186	438.06976,273.92435,2032.1719	499.45096,512.931,2055.2068	627.7191,250.06526,1814.9584	530.6565,232.4129,1801.2202	
471.383,101.19887,2119.368	468.89883,158.20721,2095.6587	430.3072,152.62227,2052.8828	433.13953,217.13089,1867.6556	468.89883,158.20721,2095.6587	505.94653,163.56873,2138.4346	562.13,207.77673,2024.4768	465.9195,216.73792,2078.943	437.9498,274.20367,2034.9116	434.73608,394.26453,2053.5364	487.18185,278.17862,2089.5435	430.17932,514.4133,2016.5948	482.90146,394.77576,2111.8354	437.9498,274.20367,2034.9116	498.6628,512.6105,2060.5186	633.5918,240.49016,1806.7751	533.43805,232.208,1799.1399	
471.1742,102.265335,2117.741	468.71008,159.36456,2094.855	429.95358,153.93405,2053.1072	434.3966,217.09428,1862.3245	468.71008,159.36456,2094.855	505.95203,164.58289,2136.6028	565.3026,202.7703,2021.5347	465.64038,217.96913,2079.4175	437.50168,275.5008,2037.3192	434.08588,395.65424,2053.0764	486.90967,279.35022,2090.6406	430.03824,515.74243,2017.5078	482.84665,396.49017,2105.4714	437.50168,275.5008,2037.3192	499.00885,513.56665,2064.0444	639.96216,228.70416,1797.8336	534.8592,232.10587,1796.578	
470.85474,102.27118,2117.934	468.71967,159.27325,2095.3481	430.00003,154.06505,2053.2305	434.99,218.04315,1862.6519	468.71967,159.27325,2095.3481	505.9134,164.27621,2137.4656	568.8678,197.37874,2017.9415	465.96234,217.89331,2080.1377	438.17993,275.5848,2038.0305	434.79373,396.01614,2049.973	487.50638,279.12305,2091.824	431.311,516.0026,2017.3054	484.14563,396.3159,2105.507	438.17993,275.5848,2038.0305	499.4864,513.2927,2065.8958	646.68494,215.2144,1789.252	535.61224,232.05786,1792.7734	
470.60223,102.14078,2123.0464	468.86273,159.03986,2098.0256	430.1621,153.88922,2056.1301	435.25854,218.51923,1863.3423	468.86273,159.03986,2098.0256	506.04803,163.98883,2139.9211	570.7957,191.13889,2017.4963	466.44196,217.53738,2081.002	438.97333,275.22928,2037.2236	434.6795,395.7627,2048.2449	488.3491,278.72516,2090.733	431.4564,515.3488,2020.0676	484.36273,396.08038,2103.0574	438.97333,275.22928,2037.2236	499.44818,513.3498,2062.4265	650.29736,203.15027,1785.5298	535.92285,232.02937,1793.875	
470.20862,101.44847,2119.5784	468.60272,158.66345,2097.344	429.77017,153.92276,2056.0908	435.48996,218.77026,1864.6556	468.60272,158.66345,2097.344	505.93713,163.22125,2138.5972	573.2065,187.66008,2012.9905	466.38135,217.26743,2082.5994	439.0933,275.18127,2041.5085	434.16177,395.46924,2052.2246	488.53345,278.1946,2094.201	430.09628,514.4286,2027.1151	483.6517,395.1906,2108.3298	439.0933,275.18127,2041.5085	498.63074,512.4496,2065.0564	654.7963,195.40532,1781.075	536.0987,232.01718,1794.4053	
469.47256,102.046555,2117.337	467.86633,159.47476,2096.5435	428.99347,154.95479,2055.248	432.79892,218.18948,1870.8057	467.86633,159.47476,2096.5435	505.2374,163.82013,2137.8389	573.9749,185.87996,2010.875	465.7795,218.15085,2082.8472	438.6349,276.2246,2042.7792	433.85324,396.6777,2050.5127	488.0653,278.9481,2095.5225	428.6747,516.1992,2020.9241	482.73102,396.21906,2104.8813	438.6349,276.2246,2042.7792	498.56116,513.6537,2061.2104	656.9076,190.7772,1779.7356	533.14624,232.0124,1799.6362	
469.15555,102.14047,2116.721	467.6143,159.69174,2096.6812	428.7849,155.33571,2054.94	430.54456,217.62297,1876.3768	467.6143,159.69174,2096.6812	504.92776,163.87775,2138.4224	573.8569,185.035,2009.0725	465.67645,218.39734,2083.7256	438.7352,276.58163,2044.1135	434.46198,397.1453,2049.6704	488.05856,279.06146,2097.4265	430.62262,516.69336,2020.977	483.27106,396.34064,2105.6306	438.7352,276.58163,2044.1135	499.02847,513.879,2060.7795	657.4996,191.29602,1780.8892	530.76556,232.0848,1806.0801	
468.6995,102.07933,2116.9287	467.37677,159.66074,2096.9429	428.47302,155.46883,2055.7004	429.44495,217.33649,1878.7046	467.37677,159.66074,2096.9429	504.77972,163.69095,2138.1855	573.35034,186.33104,2007.4426	465.63605,218.36816,2083.957	438.84937,276.6423,2044.6329	434.4585,397.23822,2049.3628	488.26913,278.952,2097.3093	430.64026,516.89294,2019.9978	483.64667,396.43768,2102.993	438.84937,276.6423,2044.6329	499.23376,513.95166,2059.9187	655.3069,197.93675,1779.6445	529.3939,232.99373,1808.05	
468.42593,101.62225,2117.5293	467.02203,159.32922,2098.241	428.26758,155.17049,2055.958	429.21234,218.10834,1879.8347	467.02203,159.32922,2098.241	504.24542,163.32364,2140.524	571.9868,190.4591,2006.6846	465.36743,218.01187,2085.564	438.77716,276.30188,2045.8838	434.42694,396.87234,2050.0376	487.96725,278.49414,2099.8901	429.46167,516.17,2022.8746	483.9428,396.1408,2101.709	438.77716,276.30188,2045.8838	497.50732,512.9724,2066.711	652.5808,206.41452,1779.9124	529.1935,234.4031,1805.2595	
467.74823,101.944214,2119.8394	466.37094,159.42502,2099.9902	427.66718,155.33826,2057.431	430.03314,218.03615,1879.8964	466.37094,159.42502,2099.9902	503.53705,163.34944,2142.5498	569.1102,194.65329,2010.4138	464.83942,218.06273,2087.2446	438.40955,276.3647,2047.3201	433.87286,396.9834,2049.6455	487.52515,278.44995,2101.678	430.00955,516.531,2021.0139	483.34106,395.86172,2105.307	438.40955,276.3647,2047.3201	497.71973,513.5547,2059.9495	646.0043,216.99092,1784.4534	529.7748,235.2916,1804.7474	
467.51373,102.530655,2124.5105	466.3746,159.81836,2101.8318	427.6893,155.69832,2059.4143	429.13947,218.31494,1881.478	466.3746,159.81836,2101.8318	503.52936,163.77539,2144.2493	565.83997,199.5029,2015.49	464.94025,218.37541,2087.939	438.59317,276.63004,2046.9579	434.3224,397.40918,2047.5701	487.7383,278.77585,2101.1345	429.97577,516.609,2022.8479	483.31036,396.12643,2105.9058	438.59317,276.63004,2046.9579	499.4734,514.261,2054.6453	640.20276,225.9917,1790.5369	529.1812,233.75552,1809.1458	
466.86823,102.696075,2127.3267	465.91226,159.8518,2103.3914	427.43448,155.64362,2059.5906	428.5446,218.45529,1882.2345	465.91226,159.8518,2103.3914	502.82025,163.8883,2147.192	563.48193,202.54315,2019.3022	464.56543,218.34613,2088.766	438.4277,276.5708,2046.168	433.7382,397.09607,2050.4724	487.31213,278.73077,2102.1138	429.33096,516.97473,2018.117	482.49234,396.1333,2105.2405	438.4277,276.5708,2046.168	499.19574,514.0131,2056.2974	634.87195,233.8386,1797.2385	528.5487,233.81012,1810.8179	
466.93387,103.297775,2128.2324	466.0161,160.29675,2104.3054	427.4536,156.10352,2061.2917	427.75626,218.37723,1883.1411	466.0161,160.29675,2104.3054	503.0337,164.32199,2147.319	560.7513,205.13612,2024.3694	464.6278,218.76407,2089.579	438.38852,276.9453,2047.3838	433.01578,397.32455,2052.3032	487.4022,279.1482,2102.3218	430.55893,517.3104,2018.8184	482.88144,396.6388,2104.247	438.38852,276.9453,2047.3838	499.21844,514.1532,2059.6675	630.71643,238.88141,1804.6604	527.3519,234.31152,1812.5066	
467.36224,102.73117,2128.677	466.12378,159.93626,2105.933	427.9041,155.65509,2060.6538	427.69727,218.48367,1883.0599	466.12378,159.93626,2105.933	502.7345,164.03723,2151.2124	559.0634,207.4742,2025.0378	464.62933,218.38544,2092.318	438.5333,276.5115,2049.7842	432.65277,396.8872,2052.6125	487.02277,278.65915,2107.622	430.88333,516.0512,2026.2252	481.93765,395.9875,2107.3267	438.5333,276.5115,2049.7842	498.8247,512.3717,2070.225	628.5028,242.14757,1805.7255	526.74854,236.75764,1802.396	
467.77332,102.5997,2121.8975	465.9607,160.12973,2104.2021	427.76068,155.96497,2058.4458	427.5731,218.67935,1882.0161	465.9607,160.12973,2104.2021	502.53476,164.11725,2149.9585	557.6123,208.03175,2027.332	464.10287,218.70822,2094.2336	437.73996,276.8568,2055.046	431.56195,396.71375,2060.4438	486.03748,278.80988,2113.4844	428.89957,516.0757,2028.0028	480.99524,396.22577,2107.011	437.73996,276.8568,2055.046	498.20926,512.4291,2071.409	626.4072,243.55246,1808.8966	526.35706,238.00415,1800.3497	
468.15402,102.567795,2119.5044	466.12982,160.24886,2104.7651	428.06476,156.14044,2058.103	425.45062,218.2115,1885.4901	466.12982,160.24886,2104.7651	502.5437,164.17908,2151.4272	556.70593,209.22989,2028.8982	464.08072,218.85757,2096.925	437.66202,276.98657,2059.2861	431.4428,396.95038,2059.8804	485.6855,278.79993,2118.8838	430.26263,516.2749,2028.5858	480.80542,396.31543,2106.2234	437.66202,276.98657,2059.2861	499.06238,512.5084,2069.985	625.41797,244.482,1809.5791	523.578,238.83214,1800.7676	
468.2279,102.17903,2118.808	465.89752,160.13113,2105.8406	427.99896,155.8722,2058.1497	423.93628,217.82457,1887.2283	465.89752,160.13113,2105.8406	502.11752,164.20145,2153.5315	556.58325,209.6968,2028.7601	463.4552,218.7278,2099.5796	436.77847,276.69678,2062.8623	430.53607,396.614,2061.2646	484.52332,278.62512,2123.775	429.10165,516.29895,2025.9872	479.20062,396.2154,2104.791	436.77847,276.69678,2062.8623	498.97763,512.00745,2070.6487	625.13354,244.95258,1808.8381	521.7742,239.35652,1803.1304	
468.2425,102.315475,2117.9587	465.67813,160.20091,2106.3118	427.70874,155.88382,2059.1729	423.10028,217.65024,1889.6111	465.67813,160.20091,2106.3118	501.98526,164.32901,2153.4507	555.1791,209.68181,2031.661	462.98737,218.79146,2100.8643	436.02856,276.65033,2065.3135	429.53452,396.62622,2060.6792	483.84967,278.6936,2125.52	430.29846,516.3518,2025.6357	479.42725,396.44342,2103.0408	436.02856,276.65033,2065.3135	499.1819,512.51624,2067.5564	623.08276,245.40916,1812.1179	520.8085,239.61502,1807.5852	
468.09296,102.48549,2123.5571	465.59714,160.08385,2108.572	427.74277,155.47232,2061.0303	422.86136,217.71066,1890.309	465.59714,160.08385,2108.572	501.78217,164.492,2156.1138	554.77014,209.84116,2032.956	462.96555,218.54486,2100.2244	436.0661,276.257,2061.5154	429.90314,396.82037,2051.7356	483.866,278.65317,2122.238	430.9861,516.50305,2021.8135	479.77002,396.5605,2100.6711	436.0661,276.257,2061.5154	500.92023,513.25824,2059.2415	621.98145,246.70052,1814.8821	520.38635,240.66327,1810.064	
467.8797,102.833755,2119.843	465.1933,160.50687,2107.6428	427.10574,156.08511,2061.5234	422.96326,217.76062,1892.1528	465.1933,160.50687,2107.6428	501.64966,164.73926,2153.7622	554.3297,209.77481,2034.0276	462.52542,219.02649,2100.5806	435.46896,276.79626,2064.0647	428.83707,396.9084,2058.3503	483.53394,279.05383,2122.972	430.50342,516.614,2024.9138	478.97882,396.795,2103.3079	435.46896,276.79626,2064.0647	500.53137,512.989,2064.3552	620.80756,247.40967,1816.4753	520.2559,240.28122,1819.986	
467.79297,102.94772,2117.483	464.6949,160.84354,2107.1108	426.48724,156.37747,2061.741	423.04324,217.77814,1892.5737	464.6949,160.84354,2107.1108	501.29187,165.12134,2152.4807	554.5092,209.96489,2034.2236	461.66943,219.39311,2101.6003	434.20685,277.0515,2067.1165	427.52643,397.18503,2058.5017	482.38336,279.41687,2125.0632	430.15347,516.8812,2025.1267	477.77667,396.86255,2108.4436	434.20685,277.0515,2067.1165	500.52515,513.22845,2063.7322	620.47046,248.26465,1817.0869	520.29016,240.98987,1820.1187	
467.90857,102.88887,2122.3186	464.1265,160.70834,2108.4287	425.89984,155.6067,2063.6765	423.08167,217.7843,1892.7908	464.1265,160.70834,2108.4287	500.7641,165.5979,2153.181	554.4193,210.48943,2034.81	460.5381,219.12103,2100.4116	432.40927,276.34738,2063.812	426.84128,396.9206,2052.3745	480.7743,279.57126,2120.977	429.33722,516.72424,2021.2343	477.5993,397.57574,2099.7776	432.40927,276.34738,2063.812	499.4248,514.2273,2058.4082	620.46826,248.65332,1817.4354	520.28723,240.44821,1825.977	
