281.0073,140.83325,2450.2834	271.15958,190.0098,2455.6729	237.55518,183.17476,2377.9033	220.00717,233.78586,2207.5247	271.15958,190.0098,2455.6729	302.70087,196.42519,2533.4424	346.6372,226.89474,2449.953	261.06934,238.75517,2474.734	229.8864,284.47873,2444.219	225.60388,381.6318,2493.5713	271.55194,288.94327,2543.3708	224.92996,483.33588,2393.683	266.76392,385.87805,2541.2236	229.8864,284.47873,2444.219	277.92337,482.68088,2487.1042	402.24973,226.54523,2316.9001	263.28802,252.14816,2020.5349	
284.521,147.38168,2410.0103	271.93915,196.30981,2438.4946	238.51474,189.58444,2357.164	220.37717,243.74336,2201.617	271.93915,196.30981,2438.4946	303.2059,202.60103,2519.8252	340.04007,240.3036,2452.8293	259.46136,243.77266,2476.5203	226.45058,287.66483,2462.7026	223.56046,383.83295,2515.2744	267.42657,291.84897,2566.3892	224.2729,485.17273,2402.0623	263.85904,387.66602,2567.2207	226.45058,287.66483,2462.7026	278.00858,484.0355,2493.0571	385.00055,268.3243,2324.0388	261.13715,280.5659,2034.4933	
286.7675,152.92502,2383.569	272.28638,201.71504,2424.5833	238.70238,194.88855,2343.253	220.34007,254.3097,2198.3882	272.28638,201.71504,2424.5833	303.69043,208.09842,2505.9136	335.31363,253.304,2450.9348	258.1666,248.25273,2473.932	223.71991,290.75848,2471.435	223.84793,388.00504,2505.5151	264.63754,295.09268,2575.126	225.29672,490.20175,2385.6887	264.17282,391.22913,2565.6094	223.71991,290.75848,2471.435	280.6101,488.35327,2466.9678	368.11008,301.11926,2351.782	260.05615,304.13617,2049.8997	
288.72302,158.77069,2361.7622	273.10666,206.58075,2415.357	239.64813,200.5887,2331.2651	220.53801,265.1817,2199.0813	273.10666,206.58075,2415.357	304.31387,212.16959,2499.4487	328.74097,263.48083,2461.0088	258.20288,252.02939,2476.8335	223.3695,293.60522,2484.6729	224.84052,390.55023,2516.592	263.8178,296.87866,2591.9473	228.56497,492.5193,2375.078	265.9597,392.7094,2576.5203	223.3695,293.60522,2484.6729	283.55215,489.72348,2467.4414	351.20837,322.0495,2383.0112	260.70804,324.43933,2069.133	
290.90176,164.05722,2344.934	273.85632,211.1774,2408.2993	240.2709,205.166,2324.7363	220.65483,275.0619,2202.0942	273.85632,211.1774,2408.2993	305.18918,216.78563,2491.8623	322.37277,269.68558,2476.029	257.83337,255.4779,2478.345	222.07413,295.6119,2495.1113	223.24158,392.79718,2518.565	262.46396,299.00336,2601.67	228.31087,494.8422,2366.7676	265.34912,395.03387,2574.9814	222.07413,295.6119,2495.1113	282.7772,492.60785,2456.7798	335.61417,333.33685,2419.2842	259.88184,341.23944,2091.6055	
291.78186,166.65326,2328.4797	274.15863,213.4457,2400.7273	240.49548,208.00223,2316.3823	220.67184,283.48425,2211.5127	274.15863,213.4457,2400.7273	305.53665,218.51965,2485.0723	315.26584,275.46167,2489.5479	257.80457,256.9372,2478.3667	221.88849,296.38596,2502.2163	224.17407,394.19006,2512.1453	262.15228,299.12943,2609.796	229.31154,496.6988,2361.3303	266.33868,395.1596,2575.3782	221.88849,296.38596,2502.2163	284.2331,492.85565,2450.2864	319.60025,340.4063,2457.1614	257.56732,354.18542,2111.4607	
292.80225,170.82774,2321.7546	274.52747,217.02612,2398.182	240.88194,211.79373,2313.378	220.6044,290.1808,2220.2544	274.52747,217.02612,2398.182	305.87473,221.9011,2482.9858	310.17007,279.01004,2504.2793	257.6942,259.78818,2480.2134	221.44684,298.5196,2508.1658	223.56247,396.16296,2517.68	261.5837,301.0513,2616.324	229.59224,498.49664,2359.972	265.64737,397.03802,2578.691	221.44684,298.5196,2508.1658	284.15424,494.73895,2444.2078	308.30185,343.50522,2483.963	256.19632,363.47433,2136.957	
294.2433,172.36984,2309.8894	275.1289,218.16528,2393.461	241.47723,213.15842,2308.1265	220.55261,295.38837,2227.1145	275.1289,218.16528,2393.461	306.46362,222.82741,2478.7954	305.06244,281.28238,2513.157	257.85846,260.19638,2480.3733	221.32202,298.20764,2512.864	224.11584,396.22772,2513.337	261.3443,300.50693,2621.7073	230.14108,498.8031,2354.0005	265.88794,396.4665,2578.9841	221.32202,298.20764,2512.864	285.06714,494.07373,2438.218	297.98148,345.10458,2500.4924	253.0993,370.8913,2157.439	
294.8225,173.80966,2304.463	275.92255,219.22214,2392.0994	242.22025,215.01009,2306.5864	220.51886,297.50262,2239.0386	275.92255,219.22214,2392.0994	307.2984,223.14345,2477.6123	300.91092,281.1945,2522.7998	258.99567,260.74582,2484.0166	222.90433,298.58072,2521.3877	226.03052,396.20166,2523.2007	262.8044,300.00137,2630.48	231.42581,498.44073,2357.4556	267.1608,395.73822,2585.3604	222.90433,298.58072,2521.3877	287.9079,492.69693,2438.2031	288.6117,343.4671,2523.149	250.63455,374.07513,2183.0928	
295.1015,175.29657,2293.7488	276.2374,219.90063,2388.959	242.3899,216.51947,2303.7444	220.59573,298.93533,2249.9883	276.2374,219.90063,2388.959	307.7534,223.04889,2474.1736	296.7418,281.58185,2527.4778	259.6871,260.74908,2486.9673	224.05402,298.22495,2530.622	225.9403,396.2445,2519.462	263.89194,298.76385,2639.329	231.24004,498.65625,2361.8035	267.1479,394.4909,2584.9849	224.05402,298.22495,2530.622	287.03473,491.56873,2444.6685	281.15723,342.57608,2539.2158	247.47197,376.36865,2199.52	
295.36728,175.50171,2288.3936	276.76843,219.95705,2387.4355	242.92917,217.25623,2301.7656	220.57224,299.85892,2256.9873	276.76843,219.95705,2387.4355	308.26328,222.47075,2473.1055	293.2129,280.31845,2531.0247	260.52057,260.4793,2488.8472	225.28091,297.94293,2535.621	226.28076,396.3106,2514.523	264.9717,297.71896,2644.8965	231.27502,499.00873,2355.3423	267.44498,393.53943,2579.2317	225.28091,297.94293,2535.621	286.21655,491.0456,2443.1716	276.40027,340.93005,2545.9373	245.86978,377.53613,2214.148	
295.98886,174.69495,2286.211	277.07828,219.49994,2386.5806	243.30347,217.02579,2300.2683	220.56836,300.24133,2263.5007	277.07828,219.49994,2386.5806	308.49536,221.80139,2472.8928	291.07816,279.89755,2533.3237	260.9194,260.08142,2488.261	225.81088,297.73785,2534.9011	225.67201,396.4411,2508.1316	265.40628,297.22595,2644.9817	230.52405,499.45023,2349.9243	266.5918,393.19843,2574.4944	225.81088,297.73785,2534.9011	284.92535,490.95135,2441.3054	272.84113,340.45792,2542.2463	245.14479,377.8378,2225.438	
295.5592,173.35858,2284.6248	277.4295,218.43892,2385.5537	243.56406,216.43037,2299.7314	220.52832,299.87054,2268.7588	277.4295,218.43892,2385.5537	308.9429,220.30797,2471.376	291.1114,279.81317,2533.2537	261.85916,259.17416,2488.3975	227.29718,297.2028,2536.5063	227.7598,395.80017,2510.7795	266.9154,296.17087,2645.976	230.91597,498.83643,2353.5027	267.51614,392.08353,2576.755	227.29718,297.2028,2536.5063	286.5365,489.53168,2443.9832	268.8472,339.3941,2532.5388	246.53241,376.99738,2230.7485	
295.42783,171.55804,2283.825	277.87228,217.07524,2385.0886	243.87483,215.35957,2300.247	220.59178,298.4452,2270.3796	277.87228,217.07524,2385.0886	309.53412,218.67307,2469.9302	291.98843,278.50067,2527.6682	262.89725,258.06613,2488.4067	228.84909,296.4754,2537.6167	228.64255,395.2774,2506.5852	268.55432,295.13043,2645.833	230.25935,498.58768,2351.941	267.77386,390.95624,2580.1362	228.84909,296.4754,2537.6167	286.90332,488.25427,2441.3123	266.1169,336.90613,2523.9182	248.22589,374.72614,2236.414	
295.31848,170.48767,2283.4197	278.12756,216.11087,2384.878	244.0754,214.40573,2300.4697	220.64142,297.4185,2268.68	278.12756,216.11087,2384.878	309.85168,217.69942,2469.2861	294.5887,277.65814,2520.0752	263.36752,257.31882,2487.713	229.48425,295.9485,2536.7185	227.93115,394.89514,2503.1753	269.24817,294.5901,2644.3772	228.98053,498.35428,2351.6628	267.04132,390.48218,2577.556	229.48425,295.9485,2536.7185	285.45865,487.95483,2443.8828	265.80878,335.2287,2509.298	249.97002,373.07242,2235.548	
293.61826,172.79422,2291.7134	277.20673,218.42041,2389.657	243.10529,216.72754,2305.929	221.4029,296.78876,2267.3276	277.20673,218.42041,2389.657	308.9994,219.99867,2473.385	297.27237,277.6121,2506.7888	262.83093,259.88547,2490.479	229.23186,298.8199,2537.9028	227.43042,397.798,2503.6633	269.09433,297.45593,2644.6992	227.93985,501.32138,2360.4429	265.7523,393.4478,2575.797	229.23186,298.8199,2537.9028	284.58298,490.96417,2446.666	266.5709,334.8609,2489.8623	253.3376,372.2798,2228.2668	
292.6215,171.96735,2293.8657	276.6707,218.16646,2389.4622	242.54071,216.56702,2305.7517	224.00864,297.35037,2262.1626	276.6707,218.16646,2389.4622	308.4902,219.65764,2473.1726	298.8717,280.11957,2495.6665	262.64792,260.0193,2488.6345	229.32907,299.43192,2534.42	227.82935,398.87427,2492.5303	269.2473,297.92767,2641.1938	228.33136,502.98108,2349.0293	266.79785,394.23016,2564.679	229.32907,299.43192,2534.42	285.49988,492.24902,2438.2324	273.72787,340.33264,2468.635	256.40955,371.66376,2211.906	
292.2275,170.60129,2295.4358	276.57935,217.16425,2389.869	242.41135,215.49734,2306.4836	226.1069,295.73035,2254.069	276.57935,217.16425,2389.869	308.44345,218.71875,2473.2542	300.8625,281.13727,2490.8274	262.72296,259.26285,2488.02	229.51593,298.8986,2532.9907	227.41211,397.96426,2500.434	269.49847,297.4629,2639.3516	228.9394,501.668,2341.667	267.05685,393.6881,2569.308	229.51593,298.8986,2532.9907	285.76114,491.56293,2439.2124	287.24408,343.57703,2433.318	260.22186,368.76404,2203.0586	
292.2187,170.7569,2297.2349	276.33002,217.09265,2389.6917	241.978,214.71884,2308.0083	227.2637,295.0506,2249.5288	276.33002,217.09265,2389.6917	308.41125,219.30956,2471.375	305.35815,280.83264,2474.4272	262.21524,259.38525,2485.81	228.59875,298.8248,2529.82	226.3675,397.99103,2498.184	268.89078,298.24484,2634.0369	227.74606,501.8634,2338.9604	266.48715,394.69867,2564.272	228.59875,298.8248,2529.82	283.9133,493.10718,2435.0273	298.54047,344.75317,2401.9766	265.1232,366.62778,2195.664	
291.3663,169.20622,2304.619	276.05637,216.38765,2391.4727	241.66556,213.60373,2310.401	228.64537,294.46057,2241.7368	276.05637,216.38765,2391.4727	308.1919,218.98901,2472.5444	310.29074,280.3044,2460.719	262.09747,259.32175,2483.16	228.49817,299.26938,2523.1453	226.65729,398.59668,2494.0698	268.95483,299.12982,2626.549	228.79063,502.64563,2336.523	267.2195,395.7627,2561.9485	228.49817,299.26938,2523.1453	285.30164,494.2101,2431.7268	309.18744,344.34995,2369.9849	269.6242,364.707,2178.8662	
290.7497,167.87985,2308.8145	275.70096,215.53592,2392.5884	241.31427,212.59235,2311.5508	230.39001,293.2806,2231.8582	275.70096,215.53592,2392.5884	307.8346,218.28662,2473.6265	314.87766,279.59622,2444.856	261.8902,258.88025,2481.63	228.366,299.2162,2518.9922	227.31175,398.68405,2490.5527	268.89163,299.22736,2622.3506	228.37216,502.7743,2345.9136	267.921,395.79236,2565.428	228.366,299.2162,2518.9922	284.699,494.40167,2434.7021	319.37088,343.3971,2344.8137	274.44714,361.03116,2168.2312	
290.8899,166.0859,2309.9111	275.86368,214.29643,2392.6313	241.45207,211.24243,2311.8765	231.64716,292.90012,2223.415	275.86368,214.29643,2392.6313	308.02823,217.15102,2473.3862	319.19907,278.2383,2425.4207	262.1379,257.86365,2480.581	228.6526,298.38016,2517.0298	227.6955,397.79453,2491.1611	269.2379,298.51178,2620.0317	228.68575,501.81815,2348.5925	267.4937,395.049,2566.4058	228.6526,298.38016,2517.0298	286.31482,493.04178,2437.9287	328.62772,341.2854,2311.864	277.9175,358.90842,2152.0476	
290.08755,166.18356,2311.9639	275.28705,214.25017,2392.403	240.62848,210.76866,2313.9429	232.16647,290.61792,2219.6965	275.28705,214.25017,2392.403	307.74448,217.51056,2470.8633	322.57385,277.19308,2415.7126	261.59253,257.96008,2479.3306	227.96825,298.3465,2516.209	226.86765,397.4445,2496.9749	268.88528,299.05734,2616.3071	227.6015,501.32507,2346.0845	265.84525,395.59912,2566.4004	227.96825,298.3465,2516.209	285.56128,493.46063,2433.8057	336.15213,339.00223,2290.9272	280.4068,354.55063,2143.734	
289.90515,165.7579,2312.482	275.1989,213.90616,2392.6228	240.52289,210.37337,2314.3042	233.64888,290.04874,2215.8103	275.1989,213.90616,2392.6228	307.67676,217.215,2470.9414	326.43152,274.21652,2406.3691	261.4943,257.631,2479.478	227.85461,298.00116,2516.3894	227.16876,397.03268,2498.371	268.78342,298.77612,2616.277	228.46284,500.7974,2348.3882	266.99213,395.43005,2563.47	227.85461,298.00116,2516.3894	284.93695,493.4992,2443.434	342.2598,335.2386,2276.2896	283.69855,351.97162,2130.656	
290.47186,165.13547,2311.7583	275.56732,213.25826,2392.8816	240.93747,209.61235,2314.339	235.03665,289.49414,2213.9146	275.56732,213.25826,2392.8816	307.99606,216.67242,2471.424	328.86725,273.25635,2397.6824	261.67447,256.91922,2479.8926	227.88112,297.1611,2516.814	227.53717,396.35248,2495.2554	268.768,298.06174,2616.9932	228.42975,500.15,2351.5737	266.77942,394.66345,2564.7927	227.88112,297.1611,2516.814	285.4927,492.53955,2443.328	348.7119,333.0345,2263.0713	286.64584,350.50616,2118.9746	
291.2856,165.09335,2312.8953	275.79636,213.14433,2393.7795	241.19388,209.14629,2315.4624	235.8276,288.97913,2211.9617	275.79636,213.14433,2393.7795	308.20636,216.88907,2472.0967	330.33698,272.3009,2392.8438	261.51718,256.68103,2480.5596	227.35724,296.59845,2517.3904	226.36948,395.8263,2494.6238	268.25378,297.92477,2617.2888	228.06155,499.5366,2352.7092	266.4391,394.50848,2565.434	227.35724,296.59845,2517.3904	284.8088,492.50345,2441.8484	352.77676,330.63928,2251.408	288.7138,349.06262,2113.4094	
292.15155,166.87372,2311.4978	275.7567,214.28232,2392.8198	241.0289,209.41241,2316.5576	236.57846,289.6517,2210.0269	275.7567,214.28232,2392.8198	308.33926,218.85138,2469.0825	331.07928,272.42645,2389.949	260.7394,257.5568,2479.235	225.78069,296.6733,2516.9946	225.927,395.88663,2494.684	266.90686,299.1128,2614.3057	226.65866,499.5639,2357.7153	266.06366,395.83752,2562.3333	225.78069,296.6733,2516.9946	283.1729,494.30576,2439.134	355.17908,329.74738,2243.5989	291.6371,348.97537,2107.4358	
291.12448,167.12198,2311.7546	274.73474,214.5631,2391.8289	240.0221,209.55003,2315.0562	237.0281,290.289,2207.5044	274.73474,214.5631,2391.8289	307.28827,219.26433,2468.6016	331.44025,271.74628,2390.4673	259.6435,258.06046,2476.2097	224.57593,297.38437,2511.6367	226.44292,396.71823,2490.4634	265.73096,299.94864,2609.5444	226.92531,500.63205,2354.728	266.1771,396.8052,2558.9895	224.57593,297.38437,2511.6367	283.78824,495.32758,2437.154	355.11713,327.2257,2238.746	293.48962,349.20865,2108.9622	
290.52383,166.65762,2305.8875	273.8929,213.94545,2387.967	239.22871,208.91678,2309.9082	236.86145,290.13376,2209.753	273.8929,213.94545,2387.967	306.3626,218.65578,2466.026	331.48984,271.62158,2392.724	258.56943,257.4317,2472.4255	223.30219,296.76025,2507.1035	226.26108,395.92255,2491.911	264.41394,299.28088,2606.6646	226.8219,499.7137,2356.8064	266.1012,395.96027,2562.6958	223.30219,296.76025,2507.1035	284.41992,494.17572,2438.794	354.17218,327.7144,2238.8743	292.17932,349.56293,2107.853	
289.96548,169.16788,2308.466	273.11533,215.88402,2388.147	238.41307,210.41104,2310.856	236.55774,289.69498,2215.381	273.11533,215.88402,2388.147	305.64175,221.01384,2465.438	330.90277,272.61108,2395.8699	257.39868,259.2503,2471.6558	221.70087,298.2134,2505.8691	225.97922,397.1143,2495.4902	262.92255,301.2911,2604.46	226.27777,500.90857,2356.8284	265.84778,397.83838,2565.749	221.70087,298.2134,2505.8691	283.78296,496.1828,2438.7954	352.1115,328.61847,2244.1729	290.33868,349.95306,2116.6812	
289.8153,169.53632,2302.2544	272.9198,216.19133,2386.8574	238.12149,211.07655,2309.7566	236.87018,291.4087,2213.1887	272.9198,216.19133,2386.8574	305.54028,220.986,2463.9583	328.18768,274.1021,2403.448	257.44113,259.30942,2473.1592	222.0008,298.15057,2510.2903	228.1363,396.9223,2496.8997	263.21997,300.83722,2608.6316	228.33356,500.5004,2364.5593	268.20663,397.26007,2565.797	222.0008,298.15057,2510.2903	285.39868,495.58002,2445.5076	346.28574,330.26254,2252.5808	289.61447,353.17816,2123.8342	
290.47598,168.95615,2307.139	273.41507,215.98363,2388.6384	238.9195,210.92853,2309.153	236.623,293.11316,2215.0945	273.41507,215.98363,2388.6384	305.6888,220.71312,2468.1238	325.7544,275.2419,2412.718	257.7638,259.32382,2472.4626	222.24878,298.54648,2505.5881	227.34364,397.2748,2497.6074	263.21658,301.04718,2606.9856	228.95387,500.93912,2347.9841	267.76215,397.48383,2566.6643	222.24878,298.54648,2505.5881	284.88254,496.01746,2436.0725	341.43246,333.42126,2268.1482	288.74445,355.96887,2133.5066	
290.65475,168.39035,2302.0903	273.69656,215.29485,2387.5295	239.21881,210.81357,2307.2146	235.97247,295.12283,2216.041	273.69656,215.29485,2387.5295	305.93018,219.48444,2467.8445	323.21313,275.94266,2424.377	258.32327,258.38834,2474.5464	223.17805,297.62613,2510.339	228.09715,396.22293,2501.7627	263.9947,299.4456,2612.7874	229.80023,499.58762,2359.256	268.61664,395.56293,2574.6184	223.17805,297.62613,2510.339	285.81723,493.75946,2439.104	336.2523,336.04443,2290.0156	285.2483,360.53738,2144.0183	
290.6674,167.99594,2300.0688	273.99554,214.85014,2387.1296	239.50705,210.65193,2306.6357	234.22784,295.26236,2220.0261	273.99554,214.85014,2387.1296	306.234,218.77444,2467.6235	319.47153,277.9361,2438.6982	258.80518,257.85117,2475.671	223.876,297.12122,2512.8801	228.15668,395.67816,2503.8787	264.6357,298.61404,2615.5442	229.25238,499.09448,2353.5532	267.79883,394.70282,2576.8984	223.876,297.12122,2512.8801	285.6444,492.67706,2435.8289	329.02072,339.64532,2313.1943	279.9814,363.24188,2155.593	
291.08722,167.76044,2298.562	274.1969,214.50266,2387.037	239.70245,210.28966,2306.6138	231.77954,293.60504,2234.526	274.1969,214.50266,2387.037	306.44275,218.44101,2467.4604	316.08737,278.43454,2446.8655	258.93567,257.3965,2476.3345	223.9553,296.52878,2514.344	227.43875,395.13535,2504.0173	264.70364,298.04987,2616.9197	228.57721,498.5625,2350.9197	266.78934,394.45325,2568.506	223.9553,296.52878,2514.344	285.1819,492.2586,2443.9324	320.73987,341.9837,2343.484	273.28232,364.3643,2175.7063	
291.23398,168.97049,2304.7922	274.07333,215.52844,2389.3718	239.75366,211.01648,2308.0364	230.36275,294.6069,2246.2532	274.07333,215.52844,2389.3718	306.13342,219.74333,2470.7073	312.19067,278.94916,2456.4304	258.47272,258.5428,2476.0122	223.18283,297.72064,2510.7778	226.28526,396.6145,2498.184	263.8479,299.53976,2614.5273	227.81776,500.30783,2350.3782	265.84457,395.93793,2570.0608	223.18283,297.72064,2510.7778	284.66434,493.81885,2438.771	313.57816,343.4079,2368.8286	268.7451,367.4693,2186.177	
290.86755,170.89511,2303.4167	273.6323,216.94362,2388.9321	239.32657,212.49196,2307.2646	229.35468,295.56046,2254.1377	273.6323,216.94362,2388.9321	305.67,221.10097,2470.5996	308.5096,280.68408,2463.7188	257.91998,259.77924,2476.2588	222.54956,298.80447,2511.5024	226.5461,397.6831,2498.0566	263.1812,300.553,2615.6685	227.87222,501.38513,2355.6216	266.15448,396.88696,2571.4644	222.54956,298.80447,2511.5024	285.3843,494.69302,2440.4958	306.7195,345.14206,2398.3496	264.2963,369.64868,2197.1206	
290.76578,171.75536,2300.2246	273.26758,217.43655,2388.3687	238.97437,213.19412,2306.2417	228.73357,296.10913,2255.0742	273.26758,217.43655,2388.3687	305.2808,221.39693,2470.4956	305.30118,281.48187,2471.365	257.57837,260.09647,2477.0195	222.27267,299.0422,2513.2925	227.32797,398.08218,2494.1357	262.8458,300.54382,2618.0483	228.0845,501.90652,2357.4028	266.36948,396.73303,2574.8538	222.27267,299.0422,2513.2925	285.99243,494.41214,2436.4226	298.80725,345.16174,2445.7966	259.93613,371.1644,2210.9639	
290.4869,172.20459,2300.6343	273.25137,217.92273,2389.9255	238.89453,213.92262,2308.3298	225.23239,295.72556,2261.5405	273.25137,217.92273,2389.9255	305.33966,221.65872,2471.5212	302.5755,282.00006,2477.573	257.83392,260.4669,2479.916	222.79272,299.38968,2517.8667	227.7782,398.1594,2500.747	263.3778,300.64786,2621.9463	228.97127,501.7798,2358.6724	267.0979,396.69995,2578.4556	222.79272,299.38968,2517.8667	286.58478,494.30658,2438.8481	293.48627,344.36353,2487.115	255.88431,371.49445,2226.3665	
290.5172,171.45073,2299.3352	273.32056,217.30067,2390.1897	239.02924,213.66974,2307.8176	222.91678,296.05795,2269.2786	273.32056,217.30067,2390.1897	305.32712,220.68968,2472.5618	300.90836,281.66647,2484.587	258.14688,259.85504,2480.9834	223.3984,298.9955,2519.24	228.161,397.94397,2497.7312	263.86407,299.7976,2624.3142	228.89145,501.78336,2352.3704	267.33643,395.97852,2574.3008	223.3984,298.9955,2519.24	286.27222,493.74066,2441.699	291.47885,343.03467,2516.5745	252.75908,371.77014,2238.6355	
291.3972,169.06918,2298.7207	274.75018,215.36485,2392.239	240.75702,212.9072,2307.6873	221.6934,296.3785,2271.6733	274.75018,215.36485,2392.239	306.42245,217.65471,2476.7908	299.57303,280.4011,2494.1213	260.32584,257.89743,2485.692	226.52783,297.66626,2525.1865	230.16357,396.47705,2502.6267	266.5289,297.0423,2633.103	231.75516,499.9721,2356.6367	269.69873,392.88702,2582.3916	226.52783,297.66626,2525.1865	288.4757,490.22095,2450.246	289.65125,341.2006,2536.0938	250.30823,372.16174,2246.5125	
290.59952,170.44391,2297.8772	274.32748,216.2261,2393.566	240.20341,214.14108,2309.859	221.16031,296.31128,2277.335	274.32748,216.2261,2393.566	306.14545,218.17023,2477.273	298.9879,277.42575,2504.9583	260.28546,258.51755,2489.3604	226.86407,298.1788,2531.7844	227.35004,396.80508,2508.7869	266.878,297.191,2638.5251	228.64612,500.12296,2357.297	267.56924,393.08383,2581.066	226.86407,298.1788,2531.7844	284.18314,490.97375,2446.685	288.95288,338.2013,2547.7344	248.86479,372.22354,2257.4792	
290.6302,171.07352,2306.4502	274.51022,216.89716,2398.5862	240.66853,214.89876,2313.2334	220.87352,295.6624,2279.67	274.51022,216.89716,2398.5862	306.02618,218.75822,2483.939	297.36316,277.36392,2515.741	260.42944,259.33743,2492.3604	227.06793,299.2942,2531.7056	227.02905,398.39673,2499.2314	266.8347,298.13013,2640.5635	228.69055,502.1737,2350.8682	266.93176,394.21768,2574.177	227.06793,299.2942,2531.7056	284.93173,492.09363,2442.5068	287.02237,338.92883,2543.1912	246.57458,371.54337,2263.663	
290.35803,171.52753,2309.2317	274.1045,217.33043,2399.1948	240.24698,215.05244,2313.969	220.70886,295.02386,2283.3245	274.1045,217.33043,2399.1948	305.6391,219.45213,2484.4207	296.91965,277.95724,2520.0654	259.8837,259.90292,2491.378	226.33481,299.87268,2529.2124	226.2264,399.14044,2496.038	266.18237,299.02002,2637.9097	227.79591,503.12665,2346.8271	265.6736,395.4024,2564.8062	226.33481,299.87268,2529.2124	285.75848,493.05917,2439.5322	284.2738,339.53793,2539.009	245.28706,370.86584,2265.74	
290.20343,170.5794,2311.1199	274.089,216.88087,2399.999	240.22116,214.43977,2314.966	220.64954,295.70172,2285.6497	274.089,216.88087,2399.999	305.63904,219.15492,2485.032	297.1491,278.73285,2521.7786	259.87146,259.61893,2490.978	226.28696,299.6885,2527.7292	227.00095,398.82306,2498.5354	266.1868,299.01584,2636.1848	228.57657,502.73166,2344.347	266.82343,395.27612,2570.265	226.28696,299.6885,2527.7292	286.22455,493.038,2437.431	282.11502,340.22986,2531.869	246.08658,371.20862,2265.8396	
289.47073,168.32094,2311.0757	274.05835,215.33028,2400.0203	240.11433,213.27826,2315.4373	220.61703,295.98373,2283.833	274.05835,215.33028,2400.0203	305.69128,217.24257,2484.6033	297.84933,278.0841,2517.3972	260.48465,258.31772,2491.318	227.48836,298.83682,2528.6697	228.14392,397.8806,2500.6282	267.41885,297.71832,2636.5623	229.98453,501.57028,2350.9324	267.73953,393.89078,2573.1404	227.48836,298.83682,2528.6697	287.90277,491.32053,2438.6025	281.7696,339.6121,2525.4504	247.73679,371.415,2266.0938	
288.96472,167.35654,2312.0479	273.9963,214.38815,2400.4314	239.98972,212.42322,2316.323	220.68448,295.89893,2281.911	273.9963,214.38815,2400.4314	305.70047,216.22003,2484.5398	298.91183,278.03113,2509.6973	260.73068,257.55807,2491.393	227.99069,298.30582,2528.715	227.24237,397.5124,2497.1956	267.9779,297.09286,2635.9944	229.13885,501.20844,2354.454	266.91623,393.18277,2576.1877	227.99069,298.30582,2528.715	286.47162,490.6604,2436.6145	283.73358,339.659,2521.4797	248.62415,371.37234,2261.1057	
288.7406,166.93149,2311.5464	273.98364,213.96806,2400.3472	239.89569,212.02826,2316.8572	220.71877,295.8555,2280.956	273.98364,213.96806,2400.3472	305.77997,215.77747,2483.8372	299.51428,276.76544,2506.484	260.81537,257.09268,2492.0625	228.14322,297.7735,2530.5312	226.84232,396.7337,2502.6597	268.1953,296.563,2637.0244	228.8872,500.2241,2351.9937	266.73737,392.72217,2572.9854	228.14322,297.7735,2530.5312	284.7941,490.4148,2445.6216	285.7176,339.65735,2495.6733	250.15726,371.2771,2259.0781	
288.60178,165.98413,2311.776	273.8893,213.35718,2400.6353	239.76675,211.40996,2317.4202	221.43027,296.0003,2278.9597	273.8893,213.35718,2400.6353	305.72546,215.17393,2483.8503	301.10135,276.50305,2500.7405	260.8415,256.58188,2492.038	228.25842,297.35962,2530.3696	226.55908,396.33618,2502.2864	268.35187,296.16092,2636.5122	229.22836,499.75345,2353.653	266.33234,392.41846,2568.9106	228.25842,297.35962,2530.3696	284.3608,490.1452,2448.123	289.26642,339.57233,2473.004	252.61588,371.9419,2245.6648	
288.85828,165.90909,2312.4	273.94128,213.17284,2400.7324	239.82123,210.90912,2317.6204	224.18108,296.14578,2274.9763	273.94128,213.17284,2400.7324	305.77795,215.28505,2483.8445	304.1284,277.45328,2486.8684	260.60022,256.39883,2491.371	227.71368,297.01535,2529.002	225.87863,396.1853,2497.87	267.85382,296.1818,2635.0176	228.58241,499.7145,2354.234	265.60803,392.54285,2565.5767	227.71368,297.01535,2529.002	283.9568,490.20007,2450.4219	293.83682,341.637,2440.562	255.00766,371.90912,2237.3716	
288.82745,165.97078,2312.2227	273.48572,213.27142,2399.1401	239.245,210.38179,2317.0042	226.26474,295.8933,2265.4978	273.48572,213.27142,2399.1401	305.45953,215.96976,2481.2761	305.76215,277.60608,2478.446	259.6714,256.4936,2488.6348	226.22702,296.755,2525.7378	224.45493,395.92462,2497.36	266.58514,296.67657,2630.521	228.01355,499.33234,2356.4226	264.95633,393.03357,2568.2788	226.22702,296.755,2525.7378	283.1605,490.86584,2443.1387	298.77597,342.81808,2420.4514	257.27423,371.5849,2230.533	
287.75278,169.31155,2315.1658	271.70984,215.9757,2399.696	237.2797,212.06787,2319.6252	227.36758,295.26825,2265.2852	271.70984,215.9757,2399.696	303.9165,219.63116,2479.7668	308.06348,278.70325,2468.2637	257.1634,259.05545,2487.0874	222.84087,298.60364,2523.3887	221.8356,397.58392,2501.0234	263.56006,299.79373,2625.5688	226.28018,500.88947,2354.5896	263.01312,396.1833,2570.6106	222.84087,298.60364,2523.3887	281.78003,494.0686,2438.5688	303.69138,344.32364,2401.6736	260.70468,370.13962,2222.2078	
287.30472,169.4472,2316.093	271.02762,216.1479,2399.0935	236.60367,211.86621,2318.9082	227.94168,295.58746,2265.6396	271.02762,216.1479,2399.0935	303.22485,220.15265,2479.2788	309.56317,278.60657,2460.1304	256.11716,259.2433,2485.2544	221.42618,298.62866,2520.2888	223.71167,397.45352,2501.4797	262.1754,300.2406,2622.5417	229.28604,500.6633,2347.2917	265.40073,396.63425,2566.0483	221.42618,298.62866,2520.2888	284.1767,494.6742,2439.1636	307.911,342.70294,2384.8044	265.59366,367.93533,2220.1133	
286.65024,169.72787,2314.0796	270.01984,216.26999,2397.0366	235.41838,211.33311,2318.557	228.93195,294.8912,2264.3352	270.01984,216.26999,2397.0366	302.42737,220.89384,2475.5164	311.24277,278.61133,2452.5806	254.69455,259.31055,2482.521	219.47931,298.24045,2517.951	223.07343,396.92053,2503.0708	260.50027,300.68314,2618.0598	228.35876,500.05347,2351.9602	264.56845,397.04587,2567.769	219.47931,298.24045,2517.951	284.57098,494.85535,2432.5283	313.8589,342.83408,2360.0151	268.73178,366.6599,2212.162	
286.71558,168.9172,2313.5532	269.6662,215.67342,2395.3784	235.11613,210.30275,2316.5295	229.54102,294.50284,2260.1624	269.6662,215.67342,2395.3784	302.0142,220.70178,2474.2273	313.02353,278.0433,2447.7886	253.90295,258.8016,2479.1338	218.24701,297.62308,2512.6084	223.12546,396.13483,2503.63	259.28778,300.54147,2613.17	229.24554,499.1087,2345.751	264.94617,396.86377,2566.7893	218.24701,297.62308,2512.6084	284.96463,494.76007,2429.8	319.0672,341.33807,2341.2908	271.12952,365.77777,2200.8572	
286.69284,168.41724,2312.2976	269.4066,215.12057,2394.8584	234.79836,209.58499,2316.528	230.17111,294.4706,2256.5872	269.4066,215.12057,2394.8584	301.8226,220.30553,2473.1887	314.50214,277.1996,2443.4028	253.48026,258.08517,2479.5913	217.66145,296.60883,2514.373	223.96637,394.94086,2505.8994	258.751,299.7508,2614.2754	229.67929,497.71622,2357.9312	265.56097,395.6502,2575.5735	217.66145,296.60883,2514.373	285.05304,493.31604,2433.9534	323.47925,339.2357,2324.9038	273.51456,364.77356,2196.5957	
286.3316,168.26094,2312.6428	269.0539,214.87512,2394.899	234.44342,209.23595,2316.5823	230.3346,294.21744,2254.2698	269.0539,214.87512,2394.899	301.47244,220.15715,2473.2156	315.59476,277.2478,2441.1804	253.06299,257.87686,2479.1626	217.16568,296.38974,2513.4814	224.05054,394.75415,2504.5117	258.28,299.64978,2613.371	229.67984,497.59036,2359.1045	265.61087,395.61414,2573.1501	217.16568,296.38974,2513.4814	285.04132,493.393,2432.786	326.63422,337.57767,2308.826	275.3195,363.55695,2188.9802	
286.93832,167.3085,2312.3306	269.30618,214.11989,2394.8152	234.73596,208.39894,2316.2559	231.96683,293.8448,2247.143	269.30618,214.11989,2394.8152	301.68036,219.47743,2473.3745	316.02258,276.6802,2440.0713	253.19466,257.11368,2478.9934	217.19948,295.5787,2513.07	224.86993,393.90955,2503.9233	258.2803,298.92297,2613.2732	230.31136,496.75183,2359.5684	265.83517,394.93716,2571.238	217.19948,295.5787,2513.07	285.67303,492.57037,2436.731	328.67572,334.85886,2292.27	276.1511,362.88382,2183.284	
286.34552,166.9028,2314.1697	269.11752,213.77136,2395.8462	234.52682,208.04341,2317.5476	233.01541,294.06805,2242.5583	269.11752,213.77136,2395.8462	301.51886,219.13676,2474.1448	316.35596,276.20386,2437.029	253.1414,256.90723,2479.2522	217.24373,295.52463,2512.7222	224.95697,393.76746,2505.4812	258.3654,298.8805,2612.5942	229.59348,496.63837,2360.6267	265.85016,394.94257,2570.2815	217.24373,295.52463,2512.7222	285.41064,492.6151,2440.0286	330.3338,333.11865,2281.587	277.93848,362.08588,2183.4436	
286.0437,166.29901,2313.1118	268.99097,213.32558,2395.806	234.34851,207.73204,2317.7405	233.56406,294.29163,2240.785	268.99097,213.32558,2395.806	301.44705,218.5661,2473.8713	317.23016,276.83887,2432.5305	253.20746,256.48657,2479.7686	217.48337,295.18506,2513.943	225.01231,393.4599,2505.5278	258.6331,298.39355,2613.5193	230.13586,496.20737,2364.3103	265.9121,394.35236,2573.4204	217.48337,295.18506,2513.943	286.36005,491.7087,2438.2065	330.12228,334.07016,2271.1624	278.95215,361.73148,2183.0786	
286.1771,166.79987,2313.6016	269.11813,213.69595,2396.7246	234.46942,208.18735,2318.7898	233.62453,293.99,2240.9104	269.11813,213.69595,2396.7246	301.58447,218.8576,2474.6594	317.7883,277.75064,2430.304	253.41983,256.81796,2481.0513	217.78513,295.51474,2515.6733	224.51836,393.80826,2506.769	258.92487,298.63483,2615.0825	229.90582,496.528,2362.6758	266.20914,394.48175,2576.5513	217.78513,295.51474,2515.6733	285.7591,491.9534,2441.598	330.3065,335.08228,2265.5217	278.03687,361.8618,2181.1038	
286.1352,166.97598,2319.3054	269.44122,213.94968,2399.7969	234.82169,208.45322,2322.122	233.51727,293.8468,2240.9465	269.44122,213.94968,2399.7969	301.88992,219.10146,2477.4717	317.2375,277.4551,2431.646	253.93182,257.27103,2482.5913	218.45323,296.21155,2515.847	224.91728,394.7561,2502.4355	259.59927,299.32062,2614.9246	230.83035,497.46097,2368.6519	266.786,395.34122,2572.3293	218.45323,296.21155,2515.847	285.65198,493.0948,2443.486	328.22604,336.0975,2268.6724	277.55136,362.0664,2183.6777	
285.97452,167.04945,2315.6755	269.4972,213.9295,2398.9746	234.83813,208.82751,2321.0945	232.19547,293.98874,2247.9739	269.4972,213.9295,2398.9746	301.97665,218.71066,2476.8547	316.6049,278.01578,2432.3347	254.2479,257.08707,2484.057	219.06195,296.03363,2519.4666	225.50989,394.3354,2508.0303	260.1607,298.6873,2618.8118	230.5308,497.02872,2364.4363	266.97968,394.59805,2575.8704	219.06195,296.03363,2519.4666	286.17154,492.0937,2447.3403	326.48236,337.61896,2276.7625	276.61533,362.81345,2189.0076	
286.10312,170.03592,2314.8623	269.50818,216.31204,2400.606	234.80457,211.42056,2323.2185	231.34238,293.8977,2252.9893	269.50818,216.31204,2400.606	302.04425,220.89801,2477.9934	314.88007,277.634,2437.1775	254.3344,259.1057,2487.8716	219.25838,297.74533,2525.7822	225.02765,396.1145,2509.2112	260.33243,300.20554,2624.4922	230.293,498.84537,2366.6606	266.52765,395.96286,2581.9834	219.25838,297.74533,2525.7822	285.70102,493.4084,2444.2886	322.28183,338.2052,2290.3198	275.69968,363.07843,2195.6677	
286.02487,170.69962,2312.952	269.26022,216.9558,2400.4036	234.5608,212.2287,2322.7007	230.56392,294.26385,2259.504	269.26022,216.9558,2400.4036	301.7836,221.38644,2478.1064	313.5541,278.23172,2442.0962	254.11493,259.59756,2488.7668	219.09828,298.15952,2527.5737	224.91156,396.77087,2504.517	260.12918,300.42722,2626.6865	230.11261,499.82956,2356.206	266.36053,396.34576,2576.8208	219.09828,298.15952,2527.5737	285.83682,494.0299,2432.567	319.21835,339.01804,2306.1367	273.83493,364.24512,2200.506	
285.68155,170.4826,2312.9934	269.13248,216.79926,2400.5857	234.43013,212.28233,2322.6616	230.15909,294.2052,2262.2566	269.13248,216.79926,2400.5857	301.65277,221.03214,2478.5098	311.967,278.35156,2448.5474	254.21774,259.5309,2488.9824	219.42245,298.30704,2527.6812	225.14633,396.76056,2508.0535	260.43872,300.3171,2627.0771	230.77002,499.6534,2350.5159	266.5648,396.3603,2573.1482	219.42245,298.30704,2527.6812	286.39578,494.11395,2430.4036	315.85785,339.68698,2324.7139	272.51666,364.75974,2207.4578	
286.25443,171.42941,2313.0115	269.42078,217.1855,2401.3455	234.7383,212.42438,2323.7202	229.26363,293.93127,2268.6338	269.42078,217.1855,2401.3455	301.93118,221.64845,2478.9707	310.12466,279.19653,2453.7776	254.20692,259.73413,2490.0298	219.1417,298.17477,2529.2063	224.67377,396.57843,2509.7195	260.15002,300.49307,2628.222	230.0438,499.4424,2350.664	265.91742,396.39362,2578.4077	219.1417,298.17477,2529.2063	286.19977,493.8365,2430.903	311.28616,341.69034,2338.2617	269.91568,364.3561,2217.9045	
287.03113,170.84982,2313.5208	270.1446,216.77072,2402.216	235.61354,212.15823,2323.37	228.86456,293.71414,2269.8193	270.1446,216.77072,2402.216	302.4809,221.09007,2481.062	309.08994,279.73804,2456.3838	254.84842,259.27286,2491.0703	219.79079,297.77707,2529.6372	225.72112,396.2589,2507.588	260.62503,299.87677,2630.212	230.91956,499.23587,2349.4507	266.78027,395.81256,2575.5527	219.79079,297.77707,2529.6372	286.6041,493.45114,2431.5742	307.66055,343.05008,2354.3003	266.94888,364.9269,2221.7192	
287.00818,170.36852,2313.2722	270.33148,216.30399,2402.1748	235.84444,211.87074,2322.7764	228.58055,293.45532,2271.4155	270.33148,216.30399,2402.1748	302.61166,220.45354,2481.5732	306.73056,280.8549,2463.1885	255.17178,258.895,2490.9333	220.2684,297.60526,2529.0542	225.4487,396.45404,2500.409	261.0418,299.46848,2630.3296	230.6748,499.65228,2352.429	266.3097,395.53857,2572.9358	220.2684,297.60526,2529.0542	286.7309,493.03802,2434.7874	303.76263,344.9248,2371.7246	265.39795,365.1938,2229.0308	
286.88837,168.55673,2319.6555	270.5424,215.24994,2404.066	236.18176,210.86829,2323.7734	228.42044,293.7222,2271.7139	270.5424,215.24994,2404.066	302.682,219.34834,2484.3584	305.1091,281.00815,2469.5935	255.61615,258.33203,2489.685	220.92178,297.66678,2524.0957	225.56082,396.17746,2506.6729	261.63342,299.39783,2626.5127	231.00972,499.06616,2344.3203	266.609,395.62592,2569.468	220.92178,297.66678,2524.0957	286.63522,493.3531,2433.9836	301.00427,345.211,2385.195	263.4306,366.33154,2234.28	
286.74237,170.58969,2315.8442	270.05383,216.311,2403.5874	235.61081,211.89935,2323.8706	228.25221,293.32263,2272.8645	270.05383,216.311,2403.5874	302.28552,220.43942,2483.3042	304.10123,279.134,2478.304	254.96371,259.0148,2491.3853	220.1247,297.8841,2528.3425	224.21169,396.4951,2506.5078	260.87402,299.7025,2630.0237	229.59795,499.2348,2361.8105	265.07037,395.79984,2574.742	220.1247,297.8841,2528.3425	285.63626,493.12888,2440.9055	297.24,342.8296,2416.2197	260.90033,366.89078,2233.043	
286.6775,170.99545,2322.432	269.9282,216.85312,2405.85	235.58939,212.13373,2325.813	228.0657,293.05582,2270.9192	269.9282,216.85312,2405.85	302.05585,221.2686,2485.8872	302.20535,277.97058,2482.6562	254.69672,259.8737,2490.1824	219.68152,298.9851,2523.4678	224.81046,397.7061,2502.5117	260.43655,301.1241,2625.5615	229.86111,500.88773,2347.3171	265.67123,397.50778,2564.5261	219.68152,298.9851,2523.4678	285.98593,495.31857,2436.4438	294.4957,341.3079,2434.6929	259.4905,367.04068,2231.2617	
286.4753,169.90717,2325.2307	270.0227,216.21478,2407.0417	235.70697,211.71754,2326.7327	227.93358,292.81732,2268.967	270.0227,216.21478,2407.0417	302.12256,220.42162,2487.3508	301.28696,277.80984,2487.8252	255.19225,259.56976,2489.961	220.54086,299.18817,2521.6614	226.20535,397.74777,2504.7896	261.28345,301.0355,2624.0989	231.34741,500.8958,2342.14	267.59726,397.30753,2566.1575	220.54086,299.18817,2521.6614	287.4878,495.16675,2438.714	293.1342,340.5464,2446.0403	258.76233,367.0667,2227.9353	
286.27164,168.44312,2325.6365	270.17972,215.08688,2407.4348	235.89185,210.91835,2326.6453	227.60843,291.48544,2270.993	270.17972,215.08688,2407.4348	302.24103,218.98471,2488.2244	300.7588,277.29303,2496.4158	255.69899,258.57303,2490.674	221.41086,298.5134,2522.3865	226.47517,397.37347,2499.5173	262.0846,299.9509,2625.4402	231.27704,500.5682,2354.5657	266.92285,396.1197,2571.7542	221.41086,298.5134,2522.3865	287.3108,493.66504,2436.8132	292.43887,340.166,2456.3416	258.76996,365.30066,2228.8167	
286.02197,167.13107,2333.8364	270.38297,214.37863,2410.254	236.3074,210.21774,2328.0413	227.58566,291.59705,2266.0022	270.38297,214.37863,2410.254	302.21057,218.26505,2492.4666	300.51157,276.78073,2502.2107	256.0379,258.30176,2489.9248	221.90317,298.82,2517.1616	226.0986,397.7926,2497.2761	262.4345,300.1552,2622.0298	230.42693,501.30704,2345.613	266.76764,396.4391,2570.209	221.90317,298.82,2517.1616	285.39142,494.52203,2434.2842	292.115,339.98325,2466.6343	260.42493,364.81207,2225.0916	
286.27484,165.2994,2337.4436	271.02927,212.98296,2412.2988	237.24751,209.08572,2327.9048	227.80309,291.4676,2266.0195	271.02927,212.98296,2412.2988	302.52722,216.6167,2496.6929	300.29413,276.48883,2507.6086	256.8767,257.20908,2490.0518	223.04047,298.29166,2513.9736	226.85071,397.38632,2494.619	263.2784,299.203,2621.6357	231.36688,500.90683,2350.9004	267.39508,395.58868,2567.0295	223.04047,298.29166,2513.9736	286.5861,493.47272,2439.1948	292.5604,339.6721,2474.5144	261.94827,364.5027,2217.3274	
285.6077,164.15392,2339.7322	270.75275,211.82233,2413.0222	236.9679,207.9164,2328.5925	227.97429,291.05255,2264.5051	270.75275,211.82233,2413.0222	302.25333,215.46416,2497.452	300.19244,275.0643,2511.7988	256.84164,256.34137,2489.0889	223.1996,297.76282,2511.3145	225.96902,396.96136,2492.7222	263.46637,298.65857,2618.9966	229.95718,500.40894,2358.6426	266.81482,394.98248,2570.061	223.1996,297.76282,2511.3145	284.79395,493.05463,2439.4731	293.99564,338.30557,2476.748	264.07935,363.74274,2209.968	
284.68665,161.63058,2339.9001	270.685,209.71965,2412.9346	236.89792,206.36194,2328.1216	228.14142,289.78082,2265.7864	270.685,209.71965,2412.9346	302.17755,212.84932,2497.7476	301.88968,274.90723,2510.0562	257.6522,254.68344,2488.1929	224.84529,296.9019,2509.355	226.9817,395.76752,2498.4268	265.07498,297.10803,2617.5469	231.64804,499.0042,2354.234	267.87494,393.44647,2569.8716	224.84529,296.9019,2509.355	287.3585,491.11243,2438.4604	295.59662,338.9776,2474.1455	264.27502,362.29437,2192.7827	
284.5272,160.49448,2347.4587	270.70746,208.69847,2417.2993	236.96701,205.17938,2332.6685	228.16281,287.52786,2264.8835	270.70746,208.69847,2417.2993	302.16528,211.97949,2501.9302	303.4453,272.1048,2503.525	257.8161,253.89223,2490.2803	225.11772,296.31497,2509.2908	225.42917,395.00003,2501.8948	265.35272,296.7018,2617.2317	230.31079,498.07123,2355.0808	266.84695,392.96927,2572.7727	225.11772,296.31497,2509.2908	285.1517,490.73996,2442.7903	297.60526,336.2843,2471.4382	265.61505,359.1455,2184.3098	
283.70004,158.17468,2352.2456	270.32428,207.07681,2419.7527	236.62198,203.70676,2334.859	228.45554,284.92444,2261.9495	270.32428,207.07681,2419.7527	301.74188,210.21841,2504.6465	305.701,270.29166,2495.7588	257.9354,252.62738,2490.6882	225.69849,295.5665,2507.4827	226.12714,394.48102,2497.5305	265.9168,295.74026,2615.765	230.44217,497.74588,2354.451	266.9264,392.1734,2568.1052	225.69849,295.5665,2507.4827	285.68918,489.9325,2441.386	302.67276,334.3273,2444.897	268.5926,354.48093,2175.3271	
282.8034,156.76266,2361.6372	270.34418,205.96126,2424.662	236.66425,202.80006,2340.0327	228.71375,283.43103,2256.9844	270.34418,205.96126,2424.662	301.75226,208.90923,2509.2915	306.94653,268.92584,2491.3682	258.783,252.01318,2492.0654	227.28438,295.68845,2505.4949	228.13788,394.64746,2496.2437	267.5285,295.59268,2613.4426	230.85641,498.0842,2356.4917	267.70834,392.15695,2564.899	227.28438,295.68845,2505.4949	286.00256,489.92285,2447.4355	305.34802,332.93298,2429.8374	271.57486,350.95282,2162.353	
281.64917,153.77203,2367.8516	270.06207,203.5719,2427.2375	236.55937,200.67944,2341.2844	229.9057,281.38254,2249.025	270.06207,203.5719,2427.2375	301.27316,206.2665,2513.1907	307.5714,267.66867,2488.1902	259.16617,250.07487,2491.7544	228.35428,294.4907,2501.4487	227.50186,393.6599,2491.189	268.42682,293.98126,2611.0938	230.23872,497.11975,2358.3687	267.156,390.5293,2564.713	228.35428,294.4907,2501.4487	285.3702,488.2771,2446.473	308.21774,331.4094,2412.1667	275.54254,346.75446,2156.1343	
280.78528,152.50179,2376.427	269.62653,202.31145,2431.671	236.05423,199.14952,2346.7395	230.72227,279.0057,2240.9917	269.62653,202.31145,2431.671	300.9328,205.25996,2516.6023	309.13846,266.3662,2485.0918	259.02155,249.13457,2492.587	228.36983,293.81134,2499.3364	226.98969,392.65787,2495.8723	268.6215,293.63965,2607.6694	228.53381,495.98587,2361.744	266.4493,390.05902,2567.829	228.36983,293.81134,2499.3364	283.76184,487.93103,2446.4348	311.35306,330.10803,2398.5188	278.0387,342.54053,2144.005	
279.7546,149.99258,2388.2317	269.26477,200.35138,2436.5615	235.83875,197.0045,2350.9553	231.57664,276.95004,2234.9924	269.26477,200.35138,2436.5615	300.42175,203.47107,2522.1677	311.19592,263.76642,2480.5571	259.22467,247.73683,2490.9229	229.06116,293.1165,2490.6887	227.5296,392.22656,2488.7031	269.30252,293.08072,2599.8796	229.56747,495.81342,2354.9763	266.8019,389.88422,2557.519	229.06116,293.1165,2490.6887	284.2111,487.89105,2445.3645	314.57782,326.45667,2380.0977	280.28412,338.20184,2132.8562	
279.0801,148.52615,2411.1409	269.34232,199.12227,2446.1555	236.33858,195.2065,2358.6797	231.10023,273.2635,2237.9595	269.34232,199.12227,2446.1555	300.06708,202.76764,2533.6313	312.35162,262.2123,2479.3389	259.7231,247.09529,2489.3428	229.95692,293.17816,2476.7307	228.07724,392.10583,2485.7668	270.02423,293.67517,2588.3293	229.30856,495.94373,2348.7954	267.30652,390.4892,2556.3313	229.95692,293.17816,2476.7307	284.13947,488.72256,2444.0256	316.9369,324.04736,2364.0264	281.71527,332.34464,2126.6047	
278.19073,145.22974,2413.074	268.5265,196.30307,2446.863	235.42154,192.23721,2360.003	229.90472,269.1469,2244.966	268.5265,196.30307,2446.863	299.3617,200.09015,2533.7231	311.8809,260.0426,2480.1606	259.24734,244.57027,2487.4106	229.7066,290.94223,2472.567	227.39276,389.31854,2491.8267	269.94342,291.6211,2583.3496	227.95303,492.67618,2359.274	266.83044,388.40918,2555.816	229.7066,290.94223,2472.567	283.34805,486.503,2447.7197	319.54742,319.5167,2351.305	281.67477,325.68835,2125.9172	
277.7021,143.41504,2423.0417	268.19,194.34807,2451.2922	235.07039,189.79807,2365.2292	231.17801,266.38058,2243.9534	268.19,194.34807,2451.2922	299.06287,198.58942,2537.3552	312.6772,256.9989,2478.5884	259.0496,242.86388,2486.3271	229.50589,289.37796,2466.4724	227.38705,387.65234,2490.9854	269.94022,290.65698,2576.2517	228.1094,490.97095,2357.466	267.33813,387.2578,2558.369	229.50589,289.37796,2466.4724	282.80515,485.5443,2445.7886	321.26233,316.11304,2340.4133	281.72305,321.6408,2116.7485	
276.4571,142.34015,2428.0276	267.18387,193.01862,2453.5125	233.95355,188.14903,2368.5151	230.35553,262.66687,2245.4592	267.18387,193.01862,2453.5125	298.18887,197.56209,2538.5098	312.95557,254.90952,2475.2947	258.14453,241.69035,2485.0986	228.5546,288.26923,2462.4763	226.86642,386.25452,2493.3457	269.23343,289.9748,2570.8933	227.08612,489.23627,2367.2556	266.95306,386.82962,2552.3745	228.5546,288.26923,2462.4763	281.82712,485.13538,2449.0369	322.73343,312.5194,2328.6785	281.57706,316.24066,2115.74	
