303.23984,133.93547,2392.74	295.76117,184.15166,2438.7288	265.24045,180.49603,2402.0762	246.7541,240.01068,2333.7412	295.76117,184.15166,2438.7288	325.37805,187.69904,2475.3813	363.26334,239.54572,2489.9473	288.5989,233.96487,2484.1619	259.13507,280.40137,2501.5786	262.3523,382.6668,2455.622	303.75854,283.54138,2557.6113	260.7326,486.22092,2391.1187	311.73032,382.8296,2525.3406	259.13507,280.40137,2501.5786	326.92584,482.2534,2460.3616	413.18698,282.59027,2461.4922	279.65552,240.02017,2097.2686	
302.81403,132.80528,2396.5903	295.767,183.3192,2440.7627	265.24005,179.67621,2404.7092	246.5741,239.02051,2340.3784	295.767,183.3192,2440.7627	325.4052,186.85614,2476.8162	365.62936,237.9198,2486.4736	288.7204,233.17291,2485.395	259.34686,279.67047,2502.4683	261.56506,381.82532,2459.618	304.01147,282.8305,2557.5864	260.13184,485.2207,2394.62	310.93015,382.24902,2524.1387	259.34686,279.67047,2502.4683	326.12283,480.6571,2474.212	417.45782,278.33862,2470.9675	278.15707,239.78735,2101.4631	
302.30756,132.27612,2406.5571	295.42944,182.66885,2443.6143	264.95483,178.81573,2407.49	245.16635,238.28323,2344.6821	295.42944,182.66885,2443.6143	325.0162,186.40971,2479.7385	368.09875,236.40909,2484.249	288.3091,232.68494,2483.1326	258.77792,279.38162,2495.036	261.04105,381.8916,2450.9336	303.55563,282.84836,2550.2659	259.32468,485.76202,2384.4666	310.2004,382.45435,2520.1167	258.77792,279.38162,2495.036	325.47903,481.66687,2460.5735	420.9268,275.1753,2481.196	277.2712,239.19653,2107.6367	
301.6213,132.26407,2411.0251	294.78668,182.52089,2444.6226	264.2956,178.5283,2409.2898	245.89166,238.39525,2333.8403	294.78668,182.52089,2444.6226	324.40894,186.39972,2479.9553	369.7469,234.26843,2485.631	287.64407,232.65112,2480.8384	258.00067,279.4575,2490.0435	260.88208,381.78125,2455.792	302.93118,283.18015,2544.065	259.79156,485.58478,2386.9321	309.94073,382.77304,2519.5276	258.00067,279.4575,2490.0435	325.71063,482.01392,2459.2256	423.68744,271.3526,2486.8098	278.52185,237.6974,2100.5715	
301.06995,132.00127,2414.2502	294.51785,182.11699,2445.5327	263.96954,178.12769,2411.866	245.77643,238.32741,2328.9163	294.51785,182.11699,2445.5327	324.23648,185.99796,2479.1995	373.0865,232.02925,2482.31	287.57138,232.3617,2479.19	258.021,279.32886,2487.1084	261.44836,381.62494,2456.3987	303.13885,283.1529,2538.586	261.28195,485.22418,2390.0994	310.78928,382.6081,2520.7231	258.021,279.32886,2487.1084	326.7105,481.91626,2458.412	427.37195,268.30435,2491.3994	280.27408,235.94394,2100.7903	
300.9996,131.88275,2422.8706	294.71017,181.85577,2447.9907	264.20953,177.89774,2413.8306	246.20395,236.5647,2325.9644	294.71017,181.85577,2447.9907	324.3713,185.70486,2482.151	374.72693,229.61288,2477.1582	287.99338,232.22112,2477.4468	258.60812,279.5067,2480.7896	262.04218,382.02942,2451.3027	303.79013,283.25995,2533.016	261.64893,485.73523,2387.0425	311.45837,382.67712,2520.5676	258.60812,279.5067,2480.7896	327.01572,482.06378,2458.2734	431.13702,263.98978,2477.259	282.01138,234.09462,2102.223	
301.67673,131.62299,2419.6736	295.29303,181.31699,2446.4712	264.77817,177.28487,2412.544	245.77365,235.19968,2331.4807	295.29303,181.31699,2446.4712	324.97314,185.23882,2480.3984	374.4296,228.97493,2472.5735	288.36707,231.62753,2478.1016	258.81473,278.7134,2483.796	261.69583,380.82788,2461.02	303.9502,282.58643,2535.668	261.08032,484.17145,2395.416	311.0658,381.79254,2526.2026	258.81473,278.7134,2483.796	326.46988,480.54645,2470.0488	432.1773,261.6278,2433.5376	281.86893,233.90054,2103.9285	
302.69397,131.57657,2418.0737	296.01987,181.15503,2445.7722	265.5204,176.97958,2411.8677	247.68573,234.98871,2323.2375	296.01987,181.15503,2445.7722	325.68533,185.21631,2479.6768	372.58585,228.6444,2467.7795	288.78973,231.39412,2478.8174	258.97977,278.2483,2485.9434	261.91522,380.4975,2457.8088	304.05478,282.33228,2537.7817	260.32297,483.6071,2397.6445	311.1759,381.70172,2523.3074	258.97977,278.2483,2485.9434	325.7216,480.28436,2473.3247	430.24466,260.30164,2384.9841	281.22787,235.08202,2091.5981	
304.4258,132.91046,2419.267	297.3561,182.31721,2444.8022	266.95636,177.81964,2409.6301	247.77676,236.36594,2315.1086	297.3561,182.31721,2444.8022	326.8936,186.68723,2479.9744	370.2898,231.9776,2463.8792	289.5112,232.46855,2477.7876	259.15756,279.03796,2483.882	261.54608,381.25522,2459.24	304.10587,283.51837,2537.6638	260.57562,484.42673,2397.571	311.00366,382.97858,2522.0085	259.15756,279.03796,2483.882	325.97128,481.62366,2471.458	420.124,259.8058,2307.1836	282.12607,237.64648,2086.131	
306.3283,134.60512,2417.8745	298.48965,184.16048,2442.1853	268.12732,179.31894,2406.8523	247.1529,237.9287,2309.558	298.48965,184.16048,2442.1853	327.986,188.86392,2477.5183	367.82443,234.7164,2469.4353	289.98584,234.20836,2475.7795	259.02148,280.4021,2482.362	261.267,382.4972,2462.2366	303.91464,285.37674,2536.3855	259.6558,486.06018,2392.8132	310.93918,384.94733,2519.6206	259.02148,280.4021,2482.362	326.33786,483.4773,2471.7026	404.22833,256.58603,2259.5647	281.35126,241.35672,2077.4678	
308.65573,136.75378,2409.201	299.6876,186.09361,2438.4905	269.3494,180.71251,2403.901	248.04472,240.08871,2305.3333	299.6876,186.09361,2438.4905	329.17715,191.32419,2473.08	364.38962,238.8734,2472.207	290.05927,235.76701,2476.8076	258.11716,280.99243,2488.6785	260.36826,382.79898,2469.3662	302.86102,286.8003,2541.571	259.74588,486.03894,2400.3486	310.4034,385.97418,2528.0203	258.11716,280.99243,2488.6785	325.82178,484.77084,2471.2954	384.88882,252.55035,2225.394	282.51788,244.71672,2072.8015	
310.756,138.15846,2404.841	300.87616,187.06125,2436.051	270.6235,181.17346,2401.0957	248.395,242.43004,2292.1826	300.87616,187.06125,2436.051	330.2729,192.78247,2471.0063	358.4396,240.36792,2483.5876	290.2657,236.46547,2476.6157	257.47516,280.98087,2490.4575	260.94122,382.7597,2469.1506	302.04602,287.50464,2543.9033	259.39365,486.25513,2396.2036	311.0101,386.53473,2528.8965	257.47516,280.98087,2490.4575	325.72598,485.84827,2465.6812	363.74896,245.37325,2224.9353	283.18506,249.4574,2064.0706	
313.3257,140.33966,2395.666	302.25363,189.0233,2431.2832	272.03876,182.74277,2396.1768	250.11423,244.74263,2286.6157	302.25363,189.0233,2431.2832	331.60837,195.12506,2466.3896	353.26166,243.53572,2491.2756	290.7363,238.05148,2476.4106	257.2024,281.7492,2494.7012	261.1631,383.22815,2475.873	301.58765,288.825,2548.375	259.61523,486.81558,2396.5664	310.93533,387.79654,2530.489	257.2024,281.7492,2494.7012	326.25128,486.9254,2468.3118	346.87875,238.56212,2243.4707	285.18713,253.98631,2052.9275	
314.93872,142.95984,2375.5564	303.06448,191.47247,2424.1594	272.86707,185.08151,2387.4578	250.73816,246.3833,2288.7961	303.06448,191.47247,2424.1594	332.36115,197.67282,2460.861	351.48502,247.96553,2487.4084	290.81796,239.89238,2477.7173	256.80374,282.66605,2503.218	261.2574,383.89,2482.0398	300.88702,289.7817,2559.3323	258.96732,487.3335,2401.0847	311.11984,388.51892,2535.3079	256.80374,282.66605,2503.218	326.37808,487.4392,2473.8503	328.3527,227.622,2273.868	286.6621,257.41806,2054.3704	
316.22495,145.25774,2366.5168	303.62396,193.62093,2421.5122	273.4575,187.28732,2383.5212	251.50458,248.36147,2283.887	303.62396,193.62093,2421.5122	332.85846,199.75885,2459.5032	348.11166,249.7845,2497.8982	291.0534,241.63246,2480.206	256.88,283.9116,2509.858	261.51743,385.0354,2484.8904	300.7463,290.8573,2567.942	259.9418,488.80768,2395.9385	312.07117,389.4837,2535.8179	256.88,283.9116,2509.858	326.8869,489.00098,2465.9282	315.10275,218.9285,2321.7488	288.4923,260.5317,2053.652	
317.02356,146.85269,2360.9976	303.67886,194.96005,2420.832	273.58282,188.56032,2381.6309	250.54419,250.34003,2286.9355	303.67886,194.96005,2420.832	332.81573,201.15585,2460.0332	345.0587,251.29483,2508.26	290.6636,242.54991,2483.4634	256.2088,284.27332,2516.127	260.34485,385.48572,2483.3193	299.8548,291.24152,2576.0625	260.24713,489.27982,2395.2546	311.44617,389.84003,2535.8184	256.2088,284.27332,2516.127	326.55728,489.42624,2464.3413	308.76843,213.93517,2351.1377	288.50006,264.349,2059.1726	
317.41113,147.23901,2358.1855	304.04803,195.36852,2419.8384	274.0545,189.06947,2378.4243	249.65631,251.3151,2291.4578	304.04803,195.36852,2419.8384	333.03223,201.45558,2461.2524	343.52988,252.33495,2521.6235	290.8728,242.87819,2483.3213	256.34567,284.63156,2515.1409	260.7427,386.05725,2477.7678	299.8226,291.32394,2578.4675	261.27847,490.2209,2387.5159	312.31723,389.96194,2531.2793	256.34567,284.63156,2515.1409	327.8512,489.67902,2459.844	307.21204,212.63358,2363.19	288.89603,266.2621,2067.9504	
317.49628,147.56299,2350.3674	304.30823,195.54611,2417.7178	274.2629,189.91566,2374.9553	251.11711,252.08669,2286.2258	304.30823,195.54611,2417.7178	333.3092,200.98087,2460.4802	342.63043,253.40266,2529.0027	291.7753,242.93292,2485.4614	257.94434,284.94537,2520.5083	262.59418,386.10876,2484.2603	301.31506,290.5925,2585.9019	262.3042,490.0384,2393.5994	313.64618,388.89154,2540.8625	257.94434,284.94537,2520.5083	330.5397,488.3813,2461.598	307.2474,212.61383,2365.8918	291.90717,267.18762,2071.439	
317.34174,147.76556,2346.9434	304.6949,195.92351,2417.0752	274.6683,190.87318,2372.6653	252.55228,252.86673,2281.6326	304.6949,195.92351,2417.0752	333.638,200.7916,2461.485	341.1991,250.01129,2501.9878	292.75607,243.377,2486.1272	259.54623,285.87564,2521.2266	262.78656,387.4062,2475.6514	302.80402,290.59305,2589.1318	262.30463,491.47668,2390.3337	313.8719,389.09998,2538.6042	259.54623,285.87564,2521.2266	329.69592,489.12878,2454.8577	302.29514,208.10434,2351.83	293.5786,267.76013,2073.5857	
316.96146,146.35977,2351.7292	305.02008,194.93062,2419.8235	275.12286,190.24522,2373.363	251.2362,253.24258,2282.844	305.02008,194.93062,2419.8235	333.7909,199.43948,2466.284	343.01367,248.24136,2479.489	293.50687,242.59955,2487.3638	260.75555,285.68243,2519.3865	262.70813,387.32874,2474.2004	303.85013,289.75723,2590.4216	261.2745,491.70157,2384.5461	313.1128,388.43594,2538.373	260.75555,285.68243,2519.3865	329.3965,488.55975,2451.1516	300.14966,205.1053,2356.202	295.2124,266.66583,2077.677	
315.9863,144.66092,2354.0913	304.55576,193.07529,2421.7422	274.60602,188.464,2375.9578	251.52252,252.81026,2281.4185	304.55576,193.07529,2421.7422	333.39407,197.51543,2467.5266	341.47626,245.05728,2530.6326	293.2568,240.73439,2490.2405	260.70703,283.81,2523.7446	262.2965,385.32907,2476.641	303.8289,287.8188,2593.733	259.5306,489.03598,2395.458	311.83002,386.6193,2535.3984	260.70703,283.81,2523.7446	328.3575,486.3108,2456.3374	319.8211,223.31752,2326.5916	296.68457,264.9841,2083.5063	
314.56668,143.48419,2354.2695	303.5555,191.97293,2421.66	273.50912,187.55708,2376.5723	252.28119,250.53688,2288.707	303.5555,191.97293,2421.66	332.50348,196.22736,2466.7476	346.44614,240.45847,2535.1636	292.6715,239.71117,2490.7812	260.47214,282.96265,2525.4368	261.82666,384.48996,2475.7373	303.6964,286.72943,2594.3684	259.57202,488.31586,2393.0024	311.29904,385.61426,2532.5554	260.47214,282.96265,2525.4368	327.6937,485.10492,2459.056	336.58215,235.02591,2292.5557	296.0885,262.93738,2087.8625	
313.219,141.79968,2361.88	302.9401,190.91562,2423.34	272.8339,186.481,2379.2954	253.77771,251.07733,2283.3472	302.9401,190.91562,2423.34	331.97147,195.19193,2467.3848	354.92456,239.32266,2534.0754	292.45642,239.05466,2488.3599	260.50153,282.7947,2519.7097	262.09393,384.67786,2465.631	303.939,286.63873,2587.0496	260.09473,488.8,2385.724	311.42575,385.83047,2525.2112	260.50153,282.7947,2519.7097	327.73596,485.6027,2452.7136	356.56555,247.7824,2282.8914	295.90326,261.61847,2080.6526	
312.41406,140.45557,2374.1628	302.56323,189.86577,2426.929	272.39792,185.33589,2384.6482	251.84859,250.19113,2284.149	302.56323,189.86577,2426.929	331.6955,194.24052,2469.2097	360.1865,238.07042,2526.0256	292.5547,238.51555,2485.3623	260.8569,282.86554,2511.4712	262.1085,384.84442,2465.2124	304.59915,286.9432,2576.12	260.43872,489.09906,2383.4854	312.17572,386.33203,2522.5435	260.8569,282.86554,2511.4712	327.2204,486.3443,2451.6719	379.2906,258.2496,2291.0168	296.79303,258.37067,2085.5117	
311.36676,139.89221,2379.8096	302.1151,189.4813,2428.4602	271.85062,184.93697,2388.1545	252.95876,250.01544,2282.0608	302.1151,189.4813,2428.4602	331.3914,193.87723,2468.7659	365.5132,238.22739,2506.4993	292.4742,238.41145,2483.6167	260.98813,283.08356,2507.959	261.70563,385.01843,2467.5352	304.98236,287.2964,2569.5874	261.30563,489.22424,2384.6655	312.69443,386.67303,2524.2603	260.98813,283.08356,2507.959	326.3497,486.857,2453.0198	399.8403,265.917,2314.4065	296.90115,255.07304,2075.2473	
310.29532,139.35278,2383.6472	301.4742,189.05002,2429.9463	271.17703,184.5816,2390.1523	253.90863,249.69583,2277.0327	301.4742,189.05002,2429.9463	330.79504,193.37444,2469.7402	370.53156,237.71614,2484.7466	292.17697,238.20662,2482.3213	260.93872,283.24124,2504.2773	261.70465,385.14008,2468.9585	305.0597,287.3727,2565.1152	261.108,489.2677,2386.623	311.85916,386.88898,2523.1143	260.93872,283.24124,2504.2773	326.6456,486.74323,2455.2898	415.22202,269.5004,2347.9187	296.8819,253.60457,2065.1782	
309.57352,139.284,2385.5686	300.7801,188.8608,2430.7944	270.4449,184.20697,2392.1545	253.10486,249.28366,2274.0205	300.7801,188.8608,2430.7944	330.16595,193.36896,2469.4343	373.11618,237.10564,2471.8782	291.3743,238.07405,2481.7139	259.96622,283.04654,2503.0938	260.8515,384.91245,2469.9016	304.21118,287.51816,2562.1729	259.2683,488.9041,2389.2305	310.61346,387.07684,2523.2	259.96622,283.04654,2503.0938	326.3021,486.61926,2458.011	423.38937,271.4912,2386.6653	296.96646,251.81435,2062.8213	
309.7513,138.26477,2378.0356	300.53152,188.0836,2428.2825	270.04544,183.28925,2392.5457	252.6583,247.15115,2283.525	300.53152,188.0836,2428.2825	330.13333,192.73888,2464.0193	375.68463,235.96129,2456.4412	291.00455,237.15067,2482.3228	259.45163,281.67712,2509.0369	261.37628,383.21045,2477.0144	303.83722,286.5244,2563.6892	259.92017,486.7796,2397.4202	311.22668,385.83704,2527.355	259.45163,281.67712,2509.0369	326.5548,485.14624,2463.7017	427.93524,272.0645,2419.1143	293.98438,251.65207,2063.7358	
309.8099,138.93996,2374.2603	300.46875,188.78552,2426.753	269.87384,183.95566,2393.2366	252.47636,246.33598,2289.765	300.46875,188.78552,2426.753	330.23007,193.48378,2460.2693	376.02744,235.74818,2454.2175	290.95935,237.7334,2483.023	259.4135,281.97232,2513.6707	262.20703,383.53375,2475.012	303.88058,287.00082,2564.9153	260.14255,486.97748,2399.2131	311.91736,386.3966,2523.7937	259.4135,281.97232,2513.6707	326.62927,485.8036,2462.6995	429.72455,272.90442,2434.8264	291.38156,252.07146,2060.3025	
310.00574,139.4762,2372.3652	300.62625,188.82153,2425.7297	270.03418,183.88615,2392.0984	252.22011,246.54555,2295.8765	300.62625,188.82153,2425.7297	330.38168,193.62193,2459.361	376.18668,236.23984,2458.601	290.88754,237.66296,2483.246	259.15497,281.68094,2515.056	261.97614,383.2974,2473.3223	303.5751,286.85294,2566.469	259.43994,487.13055,2391.729	311.64243,386.21085,2524.7466	259.15497,281.68094,2515.056	326.94022,485.40826,2464.7766	430.67395,273.23816,2431.3503	290.3015,252.33278,2061.7522	
310.66345,139.88031,2371.9219	301.02304,188.89896,2425.4653	270.46133,183.81178,2391.6116	250.67627,247.66928,2293.4336	301.02304,188.89896,2425.4653	330.74335,193.84608,2459.319	373.7743,237.77934,2467.7988	291.0036,237.66689,2483.2878	259.02472,281.49844,2515.2317	262.40118,383.1629,2471.2078	303.40363,286.87756,2566.989	259.55164,486.91266,2392.6587	311.3451,386.11298,2528.3938	259.02472,281.49844,2515.2317	327.4281,485.26517,2464.6465	429.15973,273.84576,2420.0403	290.00638,252.17043,2061.3828	
311.05618,140.56412,2363.6887	301.07245,189.66246,2422.757	270.52628,184.63513,2387.5542	250.80487,249.73251,2293.2043	301.07245,189.66246,2422.757	330.74365,194.54578,2457.96	371.74313,239.36147,2478.3943	290.86185,238.1798,2484.0342	258.79102,281.72937,2518.3992	262.03598,383.27136,2474.582	303.0271,286.93765,2572.2234	260.18378,486.952,2394.818	311.2075,385.943,2533.813	258.79102,281.72937,2518.3992	326.1856,485.02545,2470.4355	426.18494,273.91138,2385.8774	289.3436,254.96913,2060.317	
311.83167,142.46149,2359.0632	301.24158,191.22757,2420.3948	270.74503,186.08862,2383.8958	253.49963,250.99832,2297.092	301.24158,191.22757,2420.3948	330.83203,196.21382,2456.8938	367.00488,240.72287,2497.1868	290.62323,239.55766,2483.1145	258.2254,282.8317,2517.9312	261.29556,384.50873,2471.438	302.34708,288.12317,2573.7373	259.58105,488.305,2392.8394	310.62408,387.15744,2533.1846	258.2254,282.8317,2517.9312	326.4409,486.50043,2464.183	415.78867,272.71902,2348.8252	289.1581,257.66425,2060.015	
312.4698,143.67653,2350.2473	301.41608,192.1814,2417.5142	271.00772,187.07007,2378.5693	255.40419,252.25957,2297.0183	301.41608,192.1814,2417.5142	330.86023,197.13065,2456.459	362.71655,242.53607,2519.0723	290.34393,240.08372,2484.6504	257.67245,282.8811,2522.01	261.0115,384.3909,2475.2095	301.52463,287.99023,2581.5632	259.3902,488.0002,2397.0027	310.4907,386.60583,2542.2178	257.67245,282.8811,2522.01	326.8962,485.7609,2468.0693	401.0806,267.0705,2318.7856	290.79617,259.75763,2060.1497	
313.8471,145.142,2345.8564	302.39258,193.11676,2416.3083	272.03717,188.19145,2375.9214	253.73425,252.99454,2301.495	302.39258,193.11676,2416.3083	331.74994,197.88013,2456.6953	356.98242,245.12038,2536.5366	291.22018,240.72581,2486.7886	258.575,283.30124,2526.395	262.24832,384.63342,2479.3403	302.22528,288.06247,2588.1426	261.2003,488.36517,2395.6787	312.10443,386.52448,2543.0015	258.575,283.30124,2526.395	328.5727,485.7851,2466.4875	378.49432,259.8487,2297.623	290.61594,262.62802,2067.0156	
315.75647,146.30237,2343.1636	303.7011,194.07974,2415.8145	273.42154,188.9213,2374.9534	252.66353,253.58711,2308.2498	303.7011,194.07974,2415.8145	332.97342,199.06659,2456.6755	349.92505,243.56595,2548.7593	291.9494,241.36447,2488.246	258.8475,283.40656,2529.4421	261.82983,384.81958,2476.4058	302.34683,288.47998,2591.9133	260.91516,488.74744,2391.6763	311.71762,387.10437,2538.487	258.8475,283.40656,2529.4421	327.7907,486.46637,2464.9805	358.25064,248.97133,2292.4702	290.0609,265.24445,2072.59	
316.66022,146.35251,2334.8167	304.15768,194.35808,2411.9495	273.8491,189.15897,2370.926	251.59615,253.36728,2314.6223	304.15768,194.35808,2411.9495	333.45255,199.3833,2452.973	341.37036,241.98573,2579.3752	292.12976,241.34033,2487.7085	258.82965,282.95358,2532.108	261.32196,384.28186,2478.7402	302.26447,288.075,2594.8271	260.29782,488.2174,2391.649	311.72687,386.5976,2540.8281	258.82965,282.95358,2532.108	327.0731,486.3923,2459.4675	340.11197,238.91869,2317.7307	289.70422,266.69092,2078.6736	
316.7465,148.07645,2332.6428	304.16095,195.65866,2411.446	273.8615,190.64563,2369.751	250.03598,252.49634,2320.8027	304.16095,195.65866,2411.446	333.43042,200.50127,2453.141	341.6712,243.88895,2560.0562	292.20544,242.48865,2488.792	259.01947,284.05457,2534.2632	261.4407,385.31857,2481.111	302.38324,288.87677,2598.0127	260.3574,489.25366,2392.838	312.0482,387.27942,2543.9673	259.01947,284.05457,2534.2632	326.75256,487.24933,2459.3962	321.81036,226.48576,2332.4858	289.57715,267.28717,2090.9846	
317.31284,147.3936,2329.5273	304.4749,194.88937,2413.1965	274.38367,190.16043,2368.2295	250.47171,252.81818,2319.3525	304.4749,194.88937,2413.1965	333.4652,199.44528,2458.1636	341.78418,244.22618,2549.4028	292.2071,241.12871,2495.439	258.97223,282.26044,2543.2922	261.47467,383.2316,2485.699	301.89923,286.5177,2612.0706	259.64145,487.03516,2394.6013	311.40936,384.43793,2554.344	258.97223,282.26044,2543.2922	326.57318,483.77164,2470.5383	309.66547,218.26147,2356.3193	292.03925,267.59616,2092.489	
316.90918,146.72345,2335.007	304.3164,194.76071,2414.9429	274.2573,190.13617,2369.4858	252.5857,252.74199,2319.1865	304.3164,194.76071,2414.9429	333.26483,199.21437,2460.4	341.86823,245.01273,2544.845	292.35327,241.3996,2493.7058	259.35336,283.12018,2537.7249	261.9782,384.51752,2471.8298	302.3119,287.1899,2607.2126	259.85745,488.81326,2383.8694	310.97403,385.62802,2538.2036	259.35336,283.12018,2537.7249	327.86096,485.3744,2454.1926	304.70578,214.16495,2366.923	293.99228,267.71384,2091.8096	
316.31946,146.17319,2338.2383	304.16556,194.4784,2416.1548	274.05487,189.94702,2371.422	253.86823,253.22565,2314.0938	304.16556,194.4784,2416.1548	333.18155,198.84503,2460.8875	341.8015,245.72086,2534.345	292.67883,241.56027,2491.3716	260.0105,283.87314,2532.3943	262.12686,385.44247,2470.4875	303.14563,287.83917,2600.7825	261.11322,489.77637,2383.3909	311.86145,386.5233,2533.6714	260.0105,283.87314,2532.3943	328.1541,486.34613,2454.425	302.57968,211.25728,2365.7444	295.10593,267.4342,2088.6123	
315.00552,143.70375,2339.371	303.79636,192.23737,2415.2266	273.62567,188.13782,2370.3137	254.06348,252.44131,2317.5737	303.79636,192.23737,2415.2266	332.86542,196.18724,2460.1394	342.05276,245.99834,2511.0002	293.13693,239.77573,2488.6	261.17648,282.90662,2527.6372	262.7981,384.55884,2469.9744	304.4201,286.2311,2596.31	261.44604,488.93292,2382.068	312.80743,384.97568,2534.029	261.17648,282.90662,2527.6372	328.30972,484.9392,2453.6648	300.50937,207.68521,2361.9678	293.4287,266.3756,2094.2976	
313.80933,142.36797,2347.4292	303.29367,191.20444,2418.1404	273.14343,187.26315,2373.0269	253.86197,251.48233,2308.8013	303.29367,191.20444,2418.1404	332.33954,195.00136,2463.254	345.96448,246.20692,2488.1711	293.18823,239.20915,2487.0674	261.66846,283.06708,2521.5085	262.05988,384.88043,2468.0425	305.00247,286.14105,2590.4802	261.0054,489.10138,2384.647	312.2247,385.1732,2529.7854	261.66846,283.06708,2521.5085	327.13666,484.8823,2458.4534	300.5857,205.73079,2374.018	294.49817,263.4631,2094.2192	
312.7059,140.92165,2350.4817	303.2859,190.15565,2420.5164	273.15192,186.92,2374.7744	254.65826,251.53821,2296.4487	303.2859,190.15565,2420.5164	332.30206,193.27129,2466.2583	343.96085,243.06184,2519.478	294.3091,238.4594,2488.4722	263.86557,283.16934,2521.4514	264.51157,384.91602,2470.5266	307.16122,285.19315,2591.4045	261.77234,488.73514,2391.9756	313.9922,384.11725,2534.0947	263.86557,283.16934,2521.4514	328.6696,483.70215,2462.3533	320.81442,222.46329,2320.0215	295.32745,261.37305,2082.771	
311.86563,139.44276,2360.4895	303.32285,188.80658,2423.9775	273.2762,185.7876,2377.3247	253.67088,251.04858,2294.2522	303.32285,188.80658,2423.9775	332.23474,191.71155,2470.6304	348.3752,238.49855,2528.4246	294.97202,237.55513,2487.1187	265.08994,283.0565,2514.5984	263.9727,385.1612,2461.3608	308.37424,284.70007,2585.9211	260.72244,489.311,2384.2266	312.44324,383.94662,2529.0176	265.08994,283.0565,2514.5984	327.7603,483.56372,2458.47	338.94354,236.2496,2290.2644	296.68237,256.7178,2086.2673	
311.08917,139.02246,2365.4795	302.44232,188.99643,2424.9453	272.39914,185.73032,2378.3916	253.82248,250.81595,2289.6206	302.44232,188.99643,2424.9453	331.3537,192.1395,2471.499	353.5646,239.13196,2518.2231	294.00293,237.98154,2484.1802	263.9424,283.675,2507.8284	261.0216,385.7083,2464.1077	307.3633,285.66705,2579.0017	259.42267,489.85483,2385.3193	310.30548,385.13898,2526.4246	263.9424,283.675,2507.8284	325.37247,484.834,2457.53	360.28058,251.62753,2275.0232	296.8599,254.28769,2079.1672	
309.87173,137.98553,2367.9773	301.33368,187.93668,2424.905	271.1067,184.28613,2381.4236	254.008,249.29353,2291.3098	301.33368,187.93668,2424.905	330.4958,191.45859,2468.3865	359.36533,239.67786,2484.6238	292.77695,237.07742,2481.9324	262.41382,282.63242,2505.7083	260.00525,384.503,2468.8308	306.22168,285.3533,2572.2112	259.31363,488.4773,2388.7517	310.4321,384.88123,2524.7437	262.41382,282.63242,2505.7083	325.42572,484.5988,2456.7627	387.02557,267.03497,2299.8254	293.96088,252.80124,2072.7053	
309.54303,137.85211,2369.2642	300.72406,187.43549,2424.571	270.3402,183.175,2384.8435	255.09424,248.5356,2291.6895	300.72406,187.43549,2424.571	330.12823,191.55858,2464.2986	364.40057,240.42096,2456.3535	291.6328,236.58038,2480.2349	260.60626,281.63208,2505.5146	259.98773,383.599,2466.2412	304.74628,285.4577,2566.2827	258.6254,487.10614,2395.2253	309.94882,384.9237,2525.9917	260.60626,281.63208,2505.5146	325.40137,484.60474,2456.5078	404.659,276.298,2332.306	292.28415,252.19118,2064.8079	
309.7177,138.60962,2370.421	300.33612,188.37535,2423.1213	269.83252,183.54823,2386.8298	254.90114,248.15742,2292.385	300.33612,188.37535,2423.1213	329.93945,193.06001,2459.4128	368.7062,240.68114,2437.716	290.64957,237.44371,2478.2168	258.95743,281.9251,2505.5647	260.32266,383.79193,2468.3347	303.32532,286.77725,2561.0598	258.46777,487.37076,2395.0452	309.7843,386.33417,2522.569	258.95743,281.9251,2505.5647	325.84827,485.43298,2463.0664	414.97058,280.62128,2375.969	291.13123,251.92981,2061.0388	
310.47675,140.01593,2362.9338	300.95587,189.79591,2420.5894	270.39304,185.10979,2384.3662	253.95473,248.21902,2293.6848	300.95587,189.79591,2420.5894	330.61746,194.34387,2456.8125	369.68134,242.81697,2440.8584	291.29898,238.66737,2479.0864	259.6944,282.9371,2509.9055	262.73694,384.4851,2475.514	303.9971,287.5835,2565.2615	260.9173,488.0951,2396.8464	312.18423,386.80353,2528.0513	259.6944,282.9371,2509.9055	327.90906,484.82947,2481.3967	419.455,283.4227,2385.6863	290.58234,252.03279,2060.5786	
310.8043,140.09814,2359.1975	301.1775,189.9206,2419.0242	270.6299,185.33522,2381.6985	251.29213,249.27596,2288.333	301.1775,189.9206,2419.0242	330.79666,194.36661,2456.3499	368.84665,243.63795,2449.4277	291.45844,238.64912,2479.858	259.85388,282.80173,2512.1628	261.73395,384.38855,2475.5623	304.05936,287.2368,2569.2205	260.67218,488.1963,2393.257	311.42206,386.30316,2533.8164	259.85388,282.80173,2512.1628	327.45743,485.09613,2470.8445	418.45648,285.95023,2373.659	290.3952,252.00311,2063.44	
311.46658,141.14362,2350.8274	301.39172,190.435,2415.1936	270.8336,185.7236,2377.3855	252.20267,250.79773,2289.166	301.39172,190.435,2415.1936	331.00784,195.00116,2453.0017	366.4146,242.98158,2461.2039	291.21918,238.82976,2479.9946	259.26505,282.44034,2515.896	261.0295,383.89163,2479.0925	303.3636,287.02728,2573.6953	259.4984,487.74872,2392.8435	310.61865,385.90594,2538.9565	259.26505,282.44034,2515.896	325.58658,485.1954,2467.5625	414.03763,286.1526,2357.062	289.64578,255.71931,2059.8027	
312.42346,142.31583,2346.136	301.84555,191.35974,2412.7727	271.3433,186.55164,2373.665	254.22557,252.1511,2296.0735	301.84555,191.35974,2412.7727	331.37476,196.01447,2451.8804	363.59256,243.22495,2479.0881	291.20148,239.44524,2480.477	258.89838,282.62238,2518.2852	261.2335,383.98605,2480.9507	302.83228,287.27408,2578.0776	259.96606,488.0546,2388.9268	311.28854,385.99567,2540.2908	258.89838,282.62238,2518.2852	325.35397,485.46747,2467.9524	407.09027,284.30005,2333.439	289.7485,257.925,2063.078	
313.80777,145.55301,2328.8	302.1345,194.03181,2407.522	271.61935,189.18233,2367.6426	252.98535,253.09575,2295.533	302.1345,194.03181,2407.522	331.65518,198.72327,2447.4014	359.56592,245.40176,2500.53	290.86716,241.26987,2483.1418	258.15707,283.34973,2528.2761	260.71793,384.46448,2486.6025	301.85382,288.02625,2589.2473	259.87463,488.14197,2397.8408	310.70892,386.37256,2549.2344	258.15707,283.34973,2528.2761	325.60455,485.73602,2470.2537	395.82187,280.0227,2306.0159	289.6002,262.69354,2061.1853	
315.2466,148.34738,2321.1343	303.12262,195.97943,2405.5652	272.63287,191.17609,2365.019	251.66147,253.76144,2305.26	303.12262,195.97943,2405.5652	332.60156,200.62354,2446.1113	357.63452,248.0665,2515.2617	291.51422,242.67067,2485.939	258.61554,284.11786,2535.317	261.49515,385.2029,2485.4456	302.12488,288.70132,2597.3086	260.97665,488.91144,2397.607	311.85522,386.94562,2548.2188	258.61554,284.11786,2535.317	326.65402,486.68787,2463.892	379.47607,273.20053,2279.9958	289.13232,265.64594,2071.4678	
317.36008,147.79141,2311.2803	304.16336,195.20895,2401.8743	273.7766,190.26587,2359.417	252.19804,255.21681,2308.6108	304.16336,195.20895,2401.8743	333.4945,199.98033,2444.3315	352.57236,248.34,2530.5994	291.7255,241.12285,2488.4048	258.25714,281.57675,2542.4746	260.75034,382.5282,2485.5977	301.44556,286.2659,2607.396	259.79813,486.15985,2397.3833	311.11423,384.33807,2548.592	258.25714,281.57675,2542.4746	325.94,483.74957,2468.6216	364.03915,263.02344,2272.7415	288.71112,270.35742,2072.6177	
317.67615,149.2034,2304.378	304.14322,196.54971,2399.509	273.7237,191.6422,2357.0042	251.23029,256.0768,2310.3042	304.14322,196.54971,2399.509	333.50378,201.28639,2442.014	346.15085,245.95702,2544.7996	291.48273,241.91518,2490.4863	257.90115,281.72995,2548.972	260.3899,382.45407,2491.311	300.98584,286.37766,2613.9553	260.3741,486.1977,2394.6052	310.28253,384.41095,2547.8625	257.90115,281.72995,2548.972	326.42426,483.5304,2469.7568	347.30624,250.87866,2281.4617	288.45056,273.3457,2078.9216	
318.35248,150.93051,2300.923	304.40118,198.12958,2398.3533	273.98895,193.2554,2355.5317	252.98305,257.91144,2306.6475	304.40118,198.12958,2398.3533	333.74652,202.83276,2441.1748	343.0742,246.52599,2511.1145	291.55487,243.1358,2491.787	257.86465,282.56293,2552.4858	260.9545,383.3281,2485.7522	300.86502,287.15656,2617.956	261.03998,487.0125,2396.0498	311.01016,385.10767,2544.5269	257.86465,282.56293,2552.4858	326.81674,484.4895,2465.8433	326.41113,234.14957,2271.8457	289.87592,275.52356,2079.3037	
318.22974,151.70682,2299.7334	305.04718,198.78906,2399.8064	274.64798,194.89413,2355.7253	253.86234,259.60452,2300.8267	305.04718,198.78906,2399.8064	334.34973,202.54349,2443.8875	342.2483,246.12613,2509.238	293.0934,243.46294,2497.708	260.35864,283.15894,2561.8938	263.64746,383.65204,2490.5867	303.1681,286.33337,2629.3254	263.31616,487.2284,2399.59	313.32504,383.8801,2553.6772	260.35864,283.15894,2561.8938	330.15173,482.7265,2474.1047	315.1021,222.44455,2294.3748	290.36038,278.34296,2077.333	
318.4233,151.18658,2300.617	305.4796,198.18803,2401.6567	275.17572,194.82454,2355.8926	254.31364,259.7955,2302.4185	305.4796,198.18803,2401.6567	334.65024,201.42575,2447.421	342.01392,246.22723,2516.4087	293.87305,242.76347,2501.196	261.5791,282.7349,2565.7505	262.36752,383.28076,2482.9092	304.15793,285.087,2635.7202	262.66705,486.94977,2396.1265	312.0563,382.6647,2549.7852	261.5791,282.7349,2565.7505	328.2814,481.8275,2468.439	308.89093,215.38701,2323.354	291.4837,278.29666,2080.93	
318.18433,149.90242,2298.5408	305.2595,197.11119,2401.2683	274.9298,193.84485,2355.4766	255.30707,259.4785,2308.2014	305.2595,197.11119,2401.2683	334.45407,200.2553,2447.06	341.90628,245.70544,2512.9512	293.72913,241.56857,2502.3457	261.53333,281.44897,2568.4248	261.15286,381.93988,2481.4565	304.0829,283.66895,2638.4214	261.33594,485.67664,2393.8071	310.74426,381.26157,2543.9163	261.53333,281.44897,2568.4248	326.8183,480.42242,2466.7007	305.16602,210.59332,2335.9155	292.17435,277.55994,2084.6274	
317.05984,148.45038,2306.007	305.06354,196.24562,2404.1174	274.71973,193.09778,2358.793	257.08984,259.34262,2308.107	305.06354,196.24562,2404.1174	334.28436,199.27696,2449.442	342.12363,245.67389,2507.629	294.111,241.37143,2500.8179	262.34128,282.0974,2562.8728	262.87976,382.85928,2473.1387	305.0371,284.14993,2632.1638	261.10678,486.97025,2386.0964	312.01697,382.01782,2535.8403	262.34128,282.0974,2562.8728	327.2851,481.68658,2458.4924	303.19186,208.13884,2341.5662	294.2917,276.39786,2082.394	
316.42426,147.32135,2309.2395	304.91348,195.42206,2404.75	274.51086,192.43697,2360.1504	256.45523,257.25214,2311.558	304.91348,195.42206,2404.75	334.2089,198.29843,2449.3496	345.78134,245.9051,2512.1973	294.6212,241.21437,2497.3174	263.33768,282.80408,2555.7908	263.68954,383.87756,2468.4724	306.22696,284.63834,2623.9788	261.14407,488.1264,2383.4866	312.32123,382.9013,2530.9695	263.33768,282.80408,2555.7908	327.6106,482.68213,2455.7854	304.58978,209.98656,2347.8152	294.87775,273.25317,2091.6326	
315.92062,145.57217,2310.8574	304.91208,194.09222,2405.0938	274.4667,191.2406,2361.0212	256.22308,256.12766,2307.284	304.91208,194.09222,2405.0938	334.26172,196.84122,2449.1663	347.99133,245.88553,2499.2542	295.135,240.39197,2494.6487	264.24127,282.64557,2550.5122	263.1952,383.88788,2467.9636	307.26898,284.29834,2617.895	261.3589,488.06396,2384.847	312.30057,382.81055,2530.1653	264.24127,282.64557,2550.5122	328.1829,482.478,2455.8088	303.67847,209.82713,2348.7932	295.40787,270.30746,2089.0183	
314.56573,144.90628,2326.1714	304.3107,194.07616,2410.241	273.95065,191.21452,2365.713	254.85107,253.67117,2309.1453	304.3107,194.07616,2410.241	333.5693,196.83398,2454.769	340.9072,241.8888,2532.5732	295.0499,241.24123,2491.0732	264.49594,284.62787,2537.8657	262.88794,386.39435,2459.9404	307.67496,286.2341,2605.9453	260.137,490.94183,2377.9888	311.89938,385.2918,2521.663	264.49594,284.62787,2537.8657	326.96912,485.20056,2452.561	318.62115,223.70503,2314.9019	293.69507,267.4852,2092.5137	
313.19388,142.88972,2339.8228	303.62097,192.48558,2413.168	273.3383,189.55777,2367.8938	255.52267,252.74779,2300.5725	303.62097,192.48558,2413.168	332.7883,195.30554,2458.4421	349.59198,237.61395,2527.7825	294.75,240.42293,2486.2324	264.43652,284.80078,2524.6858	262.27856,386.92474,2455.8196	307.7488,286.42365,2593.908	260.57883,491.52997,2376.3232	311.93817,385.87576,2515.8237	264.43652,284.80078,2524.6858	326.56992,485.69128,2453.3284	332.86108,234.376,2281.9775	294.63315,263.837,2085.8179	
312.16013,142.04083,2348.1433	302.99326,192.03723,2415.3323	272.70337,189.07112,2370.4226	254.41925,251.8881,2298.7778	302.99326,192.03723,2415.3323	332.17734,194.89507,2460.242	354.29034,240.1759,2517.8872	294.55563,240.53857,2482.3052	264.51196,285.64374,2514.946	262.09094,387.84985,2458.2737	308.02466,287.31677,2583.61	260.48938,492.1985,2381.8171	311.99384,386.87207,2519.985	264.51196,285.64374,2514.946	326.68146,486.84595,2452.6116	348.452,247.45842,2261.807	294.98404,260.4086,2086.5125	
311.4575,140.84392,2352.8	302.50854,190.89468,2416.42	272.10663,187.71425,2373.6282	254.53632,251.63727,2286.3743	302.50854,190.89468,2416.42	331.85245,193.96445,2459.2117	357.752,240.43762,2500.4407	294.2295,239.70839,2480.0906	264.1813,285.02002,2511.0425	261.9756,387.06335,2464.2427	307.98508,287.11005,2576.48	259.84424,491.29852,2384.9087	311.6432,386.73727,2521.5154	264.1813,285.02002,2511.0425	326.77005,486.64465,2453.102	369.2465,261.63953,2263.9119	296.11908,256.0464,2074.1362	
310.49615,140.08205,2355.626	301.84256,190.19113,2416.8357	271.35025,186.75224,2375.812	254.52734,251.3993,2277.6853	301.84256,190.19113,2416.8357	331.317,193.51523,2457.8594	361.64447,240.33783,2481.226	293.49945,239.16707,2478.4363	263.2802,284.47253,2508.6736	261.84952,386.46765,2466.437	307.29828,287.03085,2571.4001	259.15982,490.60046,2386.8743	311.08316,386.64392,2523.6003	263.2802,284.47253,2508.6736	325.71927,486.54407,2455.1345	387.26547,273.19983,2285.2256	296.48038,253.97743,2064.636	
309.93945,139.68011,2355.5508	301.55945,189.76329,2416.6538	270.92694,186.08755,2378.6	254.0076,250.3764,2277.3438	301.55945,189.76329,2416.6538	331.24222,193.32506,2454.7075	364.97168,240.75594,2461.1147	293.18674,238.80482,2477.5918	262.82498,283.93777,2509.4326	261.974,385.78345,2470.52	307.09955,287.01068,2567.627	260.4298,489.7497,2390.332	311.4543,386.4797,2527.6128	262.82498,283.93777,2509.4326	326.6238,486.28632,2456.4834	400.54376,281.08405,2317.7488	293.89072,252.77614,2058.5862	
310.23438,139.43889,2356.019	301.47247,189.44215,2416.1814	270.71616,185.3815,2381.6177	254.00647,249.59358,2281.689	301.47247,189.44215,2416.1814	331.36127,193.38826,2450.745	368.90353,240.85234,2438.5728	292.84143,238.47147,2476.9214	262.1414,283.21622,2511.2312	261.47308,384.9237,2473.9663	306.6422,287.05124,2564.0916	260.51532,489.00583,2388.2305	311.05035,386.53418,2527.7527	262.1414,283.21622,2511.2312	326.64835,486.0332,2460.3994	412.56613,282.96957,2363.9458	293.35733,250.23291,2056.659	
310.16565,140.11896,2358.2227	301.27094,189.78668,2416.5134	270.42532,185.38655,2385.341	253.02252,247.65784,2293.3557	301.27094,189.78668,2416.5134	331.3309,194.07472,2447.6858	371.82172,241.61679,2422.7996	292.43814,238.80365,2476.6826	261.47595,283.20996,2513.019	261.65216,384.9529,2472.6838	306.15298,287.73843,2560.6846	260.11026,488.97336,2389.3064	310.86566,387.16638,2529.0522	261.47595,283.20996,2513.019	326.463,486.54147,2463.1462	419.30377,283.69775,2401.0994	290.00754,248.56447,2061.0735	
310.84207,140.16449,2356.9312	301.3391,189.88773,2415.4495	270.46915,185.03699,2386.1992	252.3988,246.32535,2298.7068	301.3391,189.88773,2415.4495	331.47037,194.62238,2444.6997	373.90396,242.71051,2419.9148	291.94547,238.7494,2476.476	260.45468,282.59103,2515.145	261.18683,384.2726,2473.703	305.15878,287.88403,2559.8604	259.33286,488.2137,2390.6523	310.38834,387.1975,2531.2207	260.45468,282.59103,2515.145	325.71942,486.49628,2465.8123	422.92303,284.1898,2431.6997	287.686,247.76616,2062.4126	
311.71286,141.53549,2349.6865	301.49124,190.97073,2412.1233	270.60068,185.59744,2384.7532	253.04172,246.5331,2303.9062	301.49124,190.97073,2412.1233	331.68863,196.22345,2439.4934	375.8979,244.19908,2423.9675	291.35083,239.47296,2476.2754	259.2072,282.4229,2519.5044	260.528,383.87238,2479.1956	303.87012,288.57758,2561.3506	259.39737,487.7038,2393.3677	309.89984,387.66162,2535.706	259.2072,282.4229,2519.5044	326.64737,487.00806,2462.124	425.17722,286.50827,2449.8547	285.29587,249.70494,2058.7312	
312.72025,143.33426,2345.1106	301.46024,192.45172,2410.1265	270.63654,186.41606,2383.475	250.5357,248.1393,2303.9949	301.46024,192.45172,2410.1265	331.60968,198.35535,2436.7778	374.7957,246.46432,2434.4934	290.31372,240.60168,2475.715	257.2885,282.66205,2520.93	259.37408,384.1272,2477.936	301.83945,289.81314,2561.6775	258.72516,488.15045,2389.5415	309.40546,388.9184,2532.8342	257.2885,282.66205,2520.93	324.85648,488.6413,2459.4084	425.54047,289.28445,2445.306	283.5377,251.20105,2058.1687	
314.13605,145.64546,2336.2793	301.8269,194.49525,2406.9905	271.07654,188.06697,2378.9524	251.76657,250.20807,2299.5037	301.8269,194.49525,2406.9905	331.8691,200.77548,2435.0286	374.20453,247.92747,2446.713	289.7959,242.0485,2477.0103	256.08777,283.14374,2525.5984	260.5542,384.33292,2481.512	300.3922,290.7665,2568.4617	259.03156,488.1393,2394.6226	310.01422,389.25958,2543.1492	256.08777,283.14374,2525.5984	326.09265,488.75528,2464.675	424.84937,291.9152,2432.3289	282.52463,255.6496,2050.7698	
315.4106,147.49847,2326.847	302.061,195.79642,2402.9062	271.43234,188.88188,2372.6084	250.80048,252.88531,2294.7478	302.061,195.79642,2402.9062	331.92694,202.53876,2433.204	371.24155,249.93266,2456.7988	288.8951,242.63022,2477.6738	254.30042,282.59406,2529.2778	259.6409,383.61508,2484.1377	298.30133,290.77228,2575.605	258.22995,487.68832,2388.6348	309.5197,389.09796,2543.3892	254.30042,282.59406,2529.2778	325.87473,488.37897,2467.6875	419.80298,295.67737,2412.8003	283.77155,258.89343,2052.2617	
316.43823,149.42026,2313.1167	302.44626,197.28107,2397.6787	271.87683,190.52211,2363.5627	249.9021,256.19894,2295.8123	302.44626,197.28107,2397.6787	332.15793,203.85039,2431.7947	366.60007,251.72586,2467.3684	288.7744,243.30309,2479.5537	253.913,282.48166,2535.3418	260.28705,383.23242,2488.6692	297.5954,290.2056,2587.5156	260.18945,487.0978,2392.725	310.81912,388.07178,2547.8743	253.913,282.48166,2535.3418	327.90063,487.01697,2472.1667	411.52756,298.2441,2383.401	283.13467,263.34937,2058.4238	
317.75662,152.32465,2306.7864	303.34207,199.71411,2396.133	272.81805,193.29614,2359.4563	249.40894,258.6679,2290.3801	303.34207,199.71411,2396.133	332.94574,205.93857,2432.8098	361.69827,253.28978,2475.6885	289.56717,245.21626,2482.331	254.75285,284.0786,2540.4932	261.13208,384.71997,2491.8245	298.20648,291.1727,2596.565	261.6496,488.6768,2391.908	311.64978,388.9568,2549.1504	254.75285,284.0786,2540.4932	329.1648,488.09082,2468.17	402.22345,297.84177,2346.2415	282.51276,269.5715,2055.0603	
318.42496,154.14755,2302.6208	303.77148,201.2171,2395.0347	273.32486,195.1757,2355.472	249.52104,260.09497,2295.1687	303.77148,201.2171,2395.0347	333.22855,207.06216,2434.5974	356.83896,255.66647,2502.3457	289.91858,246.35449,2484.147	255.1471,285.1241,2543.0134	261.09225,385.90106,2487.722	298.39487,291.53186,2603.5051	260.77197,490.15057,2386.9792	311.75162,389.31705,2548.1484	255.1471,285.1241,2543.0134	327.4852,489.01282,2463.3809	384.3657,292.25748,2313.6223	283.43338,274.02072,2061.534	
319.01962,159.43085,2303.5403	303.9176,205.72626,2398.151	273.56985,199.77304,2357.4202	252.63472,263.05215,2299.0737	303.9176,205.72626,2398.151	333.2517,211.48062,2438.8816	352.12872,259.5585,2518.6646	289.78607,250.26215,2489.733	254.88379,288.48062,2550.1855	259.5096,389.19113,2492.696	297.9119,294.71988,2612.4443	261.7091,493.33618,2389.7905	310.567,392.4745,2552.193	254.88379,288.48062,2550.1855	327.76355,492.10437,2462.289	366.25024,281.36896,2286.5486	285.29962,278.3551,2058.4485	
319.6572,160.64429,2302.5393	305.21512,206.80283,2398.408	274.80267,201.67215,2357.0623	254.92535,265.7814,2300.5676	305.21512,206.80283,2398.408	334.5968,211.7596,2439.7537	343.56995,256.18683,2534.8618	292.02716,251.4628,2491.262	257.9992,290.3572,2552.5032	263.23557,391.2475,2483.0425	301.04803,295.40753,2615.7288	265.32275,495.79117,2383.2732	315.0683,393.06964,2546.8096	257.9992,290.3572,2552.5032	331.41968,493.34354,2452.7869	348.60776,266.92593,2280.0393	286.95508,281.0232,2057.5256	
319.90295,162.16039,2302.0042	305.5109,207.94516,2398.4683	275.10556,202.92014,2356.7544	255.34448,266.6182,2293.2717	305.5109,207.94516,2398.4683	334.8767,212.79839,2440.1821	340.56915,252.0241,2543.934	292.3596,252.55736,2491.5725	258.3851,291.48407,2552.7952	260.28128,392.59918,2480.7888	301.3958,296.36682,2616.5583	262.26938,497.47183,2377.4617	312.2874,394.48828,2544.3647	258.3851,291.48407,2552.7952	328.66742,494.95294,2449.4722	331.78925,251.5667,2300.814	288.23523,282.40466,2057.3926	
320.91116,160.06198,2307.2405	306.26733,206.5123,2400.967	276.0381,201.6954,2356.764	257.9851,266.96854,2295.638	306.26733,206.5123,2400.967	335.40363,211.15503,2445.1702	341.1374,253.20476,2530.7515	293.03992,251.25972,2492.912	259.06384,290.56488,2551.0613	260.3528,391.77032,2479.694	301.88336,295.0243,2618.653	263.32745,496.64838,2375.4524	312.74515,393.10532,2544.7043	259.06384,290.56488,2551.0613	328.88345,493.60602,2448.741	315.61334,235.08658,2326.2039	289.03482,282.5589,2059.9402	
320.19107,158.89906,2306.859	305.56372,205.16794,2402.5308	275.39075,200.62193,2356.9868	257.97687,265.41174,2294.312	305.56372,205.16794,2402.5308	334.61404,209.54482,2448.0747	341.6154,253.60406,2526.6401	292.46344,249.77457,2496.0688	258.68628,289.12454,2554.792	258.99847,390.11755,2486.0474	301.35904,293.13898,2624.4219	262.85266,494.6657,2379.923	311.34064,391.08734,2548.7422	258.68628,289.12454,2554.792	327.80133,491.10107,2456.3428	308.76392,224.72256,2346.0417	289.95895,282.08023,2060.435	
320.00183,156.43051,2303.6638	305.28683,202.43198,2401.3955	275.1102,198.06299,2355.1592	257.06647,264.14145,2292.6448	305.28683,202.43198,2401.3955	334.32343,206.63591,2447.6318	341.64548,253.91025,2525.2278	292.23813,246.8318,2497.6997	258.57858,286.04187,2558.6606	259.64993,386.8853,2484.4292	301.1578,289.77698,2629.3472	262.70166,491.22772,2382.6077	311.32193,387.51712,2546.981	258.57858,286.04187,2558.6606	328.49503,487.23077,2456.8706	306.9508,219.55899,2349.6257	291.2169,280.0844,2061.1501	
318.59995,154.34068,2308.5718	304.48428,200.69589,2403.0886	274.2765,196.34074,2357.2603	256.02594,262.32233,2284.3252	304.48428,200.69589,2403.0886	333.5615,204.88803,2448.917	341.75534,254.12709,2521.3374	291.7693,245.53928,2496.8003	258.338,285.25232,2555.48	260.02942,386.27463,2475.643	301.03302,288.97382,2625.544	261.25064,490.75903,2379.9937	311.14648,386.90027,2538.9927	258.338,285.25232,2555.48	327.43274,486.94006,2451.7437	306.49155,216.4599,2349.0308	293.9808,276.52075,2064.952	
317.1122,150.47002,2325.0037	304.37234,198.0659,2407.5984	274.15417,193.66977,2362.7202	256.50388,259.59494,2284.6462	304.37234,198.0659,2407.5984	333.48462,202.30115,2452.4766	342.06458,249.06967,2484.9272	292.44803,244.1917,2491.2764	259.50415,285.3995,2540.6465	262.20956,387.00696,2460.5537	302.52014,289.1892,2609.2622	262.83325,491.85565,2371.913	312.99655,387.68713,2526.2583	259.50415,285.3995,2540.6465	328.93893,488.3974,2438.4214	301.5071,210.02185,2330.5706	295.69608,270.7225,2067.511	
315.20688,148.13336,2333.216	303.41467,196.43967,2410.3647	273.12396,192.03006,2366.8503	255.97385,257.35474,2284.3032	303.41467,196.43967,2410.3647	332.63107,200.6929,2453.8792	344.9164,244.6177,2443.4407	292.12326,243.36465,2487.7412	259.57733,285.50314,2531.851	261.84265,387.17804,2465.8955	302.88715,289.3641,2598.3843	260.08002,491.69244,2379.6812	311.66357,388.21182,2527.661	259.57733,285.50314,2531.851	328.40167,488.5098,2444.009	298.34763,203.96147,2330.0247	296.36255,265.47638,2064.941	
313.57065,145.62482,2344.3264	302.6541,194.55478,2414.4194	272.36093,190.25847,2371.2632	256.47128,254.6978,2288.656	302.6541,194.55478,2414.4194	331.88336,198.7002,2457.5757	353.59222,242.27458,2482.312	292.03543,242.1978,2485.4265	259.97556,285.31906,2523.4426	261.71625,387.0498,2468.9104	303.4763,289.02148,2589.4246	260.6451,491.61957,2379.3708	311.90817,387.90506,2532.081	259.97556,285.31906,2523.4426	328.63403,488.17664,2445.3079	329.52563,221.61563,2283.4976	294.03214,261.74277,2062.5842	
312.2328,143.60919,2350.879	302.10226,192.98032,2416.8691	271.72662,188.78525,2375.2217	256.52136,252.93199,2279.3164	302.10226,192.98032,2416.8691	331.4488,197.03325,2458.5166	356.51,238.73492,2498.9321	292.1305,241.13696,2483.5808	260.53293,284.9352,2518.4524	261.89484,386.72473,2469.602	304.28174,288.56784,2582.1326	261.41617,491.1303,2382.4473	312.3395,387.51837,2533.5547	260.53293,284.9352,2518.4524	328.80606,487.7387,2447.3296	355.97806,232.97957,2263.1418	294.63947,258.1279,2056.272	
311.0646,142.20972,2354.176	301.6753,191.66826,2418.4268	271.22668,187.55882,2378.073	256.241,252.31102,2272.6558	301.6753,191.66826,2418.4268	331.12445,195.64279,2458.7805	361.93213,237.0522,2488.456	292.10352,240.04219,2483.7954	260.81302,284.12335,2518.3145	261.72418,385.71777,2475.5596	304.70117,287.70374,2580.0137	260.8717,489.87466,2387.7559	312.41113,386.65103,2535.25	260.81302,284.12335,2518.3145	327.1679,486.7718,2454.0122	381.5522,245.96901,2258.7498	294.01047,256.04855,2054.9438	
310.32574,141.22847,2354.8228	300.95847,190.57521,2418.9194	270.41702,186.32587,2380.5095	255.8072,251.30583,2281.3286	300.95847,190.57521,2418.9194	330.5451,194.69171,2457.3293	366.71118,236.41267,2466.7253	291.43665,239.00801,2484.0493	260.12592,282.99683,2519.8132	260.45352,384.51178,2477.7268	304.16953,286.89026,2578.5452	260.39017,488.5063,2390.1328	311.18692,385.8061,2537.775	260.12592,282.99683,2519.8132	326.55673,485.6974,2456.563	402.18524,256.60516,2272.8748	292.365,253.95328,2059.6067	
310.01083,140.98053,2355.153	300.49924,190.03151,2419.0947	269.8868,185.50542,2382.7656	253.70789,251.60455,2277.1726	300.49924,190.03151,2419.0947	330.2058,194.42366,2455.4238	370.73178,236.29973,2440.8687	290.8034,238.46443,2483.934	259.27136,282.20255,2520.998	260.56787,383.6599,2478.4036	303.449,286.61563,2576.5488	260.36243,487.43872,2393.8472	310.88315,385.64832,2533.9304	259.27136,282.20255,2520.998	326.27484,485.50153,2456.2395	416.44086,264.7511,2296.6575	291.3702,252.83752,2054.8855	
309.55414,140.96327,2355.7866	300.22995,190.20862,2419.043	269.4738,185.67926,2386.203	253.34464,251.49178,2277.0664	300.22995,190.20862,2419.043	330.16223,194.61665,2451.883	372.69885,235.87704,2420.4133	290.90048,238.74586,2483.4966	259.61758,282.49344,2522.8384	261.88712,383.89127,2479.1963	304.0308,287.11597,2573.062	260.84946,487.6015,2395.6523	312.11005,386.04034,2535.915	259.61758,282.49344,2522.8384	327.41907,486.01535,2455.138	423.89383,269.1293,2330.8552	290.79376,252.23369,2051.6355	
309.51123,140.89708,2355.6338	300.30957,190.341,2418.8127	269.4739,185.68358,2388.555	253.57526,251.81125,2278.034	300.30957,190.341,2418.8127	330.3833,194.88333,2449.0706	374.00064,236.14163,2412.703	291.01068,238.84041,2483.906	259.72992,282.36154,2525.8687	261.8507,383.68243,2481.0747	304.2397,287.31903,2572.13	260.38593,487.47375,2394.418	312.04056,386.216,2537.4897	259.72992,282.36154,2525.8687	326.67636,486.00354,2460.9067	427.62,271.35345,2360.429	290.50046,251.94995,2049.9636	
309.62393,140.89603,2349.0718	299.7067,190.37936,2416.5413	268.87823,185.20712,2387.054	252.67325,251.90508,2291.0557	299.7067,190.37936,2416.5413	329.79184,195.42693,2446.0286	375.1141,236.87209,2409.8503	289.6198,238.50223,2484.6228	257.66318,281.1626,2530.1638	259.4186,382.39514,2482.287	302.08655,286.90305,2575.2449	258.0761,486.0468,2396.4463	309.314,385.55432,2544.6223	257.66318,281.1626,2530.1638	324.16974,485.3145,2461.6614	428.0723,275.66434,2369.0923	288.29834,253.158,2052.3323	
309.4902,142.05383,2345.2798	299.21494,191.19586,2415.321	268.39792,185.69122,2386.329	252.94012,252.48189,2292.041	299.21494,191.19586,2415.321	329.3009,196.56993,2444.313	373.97598,238.91838,2419.9246	288.63266,239.08864,2484.831	256.24695,281.22504,2532.1802	260.47482,382.28314,2482.9346	300.6207,287.4705,2576.502	258.52582,486.13742,2392.4336	310.07867,385.9906,2542.598	256.24695,281.22504,2532.1802	324.95682,485.73135,2462.0225	427.26544,278.96924,2363.122	285.5385,256.33417,2047.6167	
309.69455,143.62413,2342.8909	299.56146,192.44534,2414.831	268.76767,187.37357,2383.2886	253.62923,253.50902,2294.5305	299.56146,192.44534,2414.831	329.5612,197.38632,2446.3735	371.21973,241.9417,2438.4805	289.29276,240.31071,2485.3381	257.23566,282.77142,2531.7275	262.41965,383.8437,2482.2407	301.52765,288.2473,2579.963	262.19623,487.96906,2387.2515	312.40002,386.53812,2545.0825	257.23566,282.77142,2531.7275	328.07443,486.33868,2459.3982	424.64227,279.7493,2343.0278	284.0643,258.3169,2046.5405	
309.8503,144.81067,2342.6758	298.8709,193.79916,2413.9736	268.16928,188.27087,2381.2712	252.46475,255.05745,2291.26	298.8709,193.79916,2413.9736	328.75177,199.17969,2446.676	367.52136,242.01773,2459.2341	287.7857,241.48526,2483.912	254.99503,283.49716,2528.852	259.11234,384.66754,2482.4575	299.18774,289.56256,2578.849	258.18274,489.05273,2382.702	309.04285,388.152,2540.7808	254.99503,283.49716,2528.852	324.79196,488.01758,2457.8467	414.64734,279.9447,2317.0425	284.5442,260.22687,2050.223	
311.05264,145.81165,2334.5496	299.32407,194.47455,2411.3137	268.7084,188.86594,2376.1343	252.3136,256.5328,2296.1038	299.32407,194.47455,2411.3137	329.05923,199.92184,2446.4932	363.01813,243.32668,2482.087	287.6396,241.63782,2485.6968	254.439,283.0109,2533.1855	260.5108,383.8004,2488.7314	298.36774,289.04657,2586.974	260.57263,487.75647,2391.3105	310.78238,386.93103,2550.3015	254.439,283.0109,2533.1855	326.2802,486.38605,2467.9548	403.84634,275.55515,2293.288	283.47546,263.87646,2054.539	
312.29694,146.81577,2325.0022	300.07162,195.10623,2408.4497	269.4632,189.59177,2372.0972	251.25943,259.0528,2295.0347	300.07162,195.10623,2408.4497	329.76984,200.45671,2444.8027	360.19205,246.83012,2502.5405	288.10544,241.61458,2489.1538	254.80553,282.25336,2542.0708	261.59134,382.70074,2495.173	298.50366,288.0872,2597.645	261.06305,486.3822,2397.0986	311.8541,385.6776,2553.6626	254.80553,282.25336,2542.0708	327.26398,485.01025,2470.6465	384.78354,269.7927,2271.5	281.3845,267.66763,2057.77	
313.37952,148.34793,2311.2368	300.89594,196.20561,2404.589	270.23944,190.91098,2367.7036	250.46729,260.44565,2293.9958	300.89594,196.20561,2404.589	330.62613,201.34027,2441.4746	352.69556,248.40657,2523.7844	288.8245,241.8632,2493.2583	255.59753,281.60596,2553.7317	262.01135,381.85446,2496.9094	299.09177,287.10367,2610.1233	261.38348,485.33914,2400.9133	311.81985,384.62152,2554.0933	255.59753,281.60596,2553.7317	327.70108,483.4591,2477.6465	365.75134,261.86053,2268.713	281.4961,270.58493,2057.9888	
313.7126,150.51526,2306.361	301.23135,197.76205,2403.8542	270.58762,192.98666,2365.2964	251.0813,261.59836,2297.979	301.23135,197.76205,2403.8542	330.90753,202.38669,2442.412	346.85263,246.0085,2532.4185	289.40375,242.93971,2497.1367	256.5255,282.49402,2560.9382	262.5763,382.69476,2495.49	299.83755,287.17987,2619.9001	260.73077,486.3828,2397.2844	311.85696,384.6491,2554.486	256.5255,282.49402,2560.9382	327.11105,483.91364,2471.5947	349.10297,251.54396,2269.707	281.92004,273.259,2056.588	
314.50314,152.75209,2301.9187	301.8473,199.52493,2402.389	271.15503,194.95236,2364.0596	250.11108,261.65277,2302.9817	301.8473,199.52493,2402.389	331.57556,203.95389,2440.7183	341.7879,244.6495,2564.716	290.10217,244.1785,2499.9946	257.3869,283.23956,2568.3022	262.1549,383.37494,2496.8118	300.60504,287.66315,2626.8984	261.9519,487.1396,2395.3618	312.03107,385.15527,2550.3748	257.3869,283.23956,2568.3022	327.26102,484.5523,2468.8135	334.31924,241.61584,2306.3604	281.57196,275.12003,2064.4036	
315.91672,153.55536,2299.1914	302.563,200.05943,2402.2268	271.9315,195.60188,2362.668	249.48268,261.2708,2308.9795	302.563,200.05943,2402.2268	332.20203,204.37254,2441.7856	341.24133,245.69026,2546.2708	290.63196,244.41035,2501.839	257.82736,283.23688,2571.2102	261.94885,383.41504,2492.1628	300.90115,287.44382,2631.6926	260.7788,487.3664,2391.666	311.63815,384.91556,2550.9167	257.82736,283.23688,2571.2102	326.7271,484.61096,2463.18	316.79413,228.58105,2324.2764	281.21695,276.03918,2075.316	
316.30322,153.7569,2298.332	302.99207,200.10815,2404.3389	272.4451,196.16391,2362.9692	249.67441,261.56744,2312.463	302.99207,200.10815,2404.3389	332.5056,203.91898,2445.708	341.46622,245.56201,2537.7517	291.21432,243.86725,2508.4678	258.7144,282.40692,2580.9653	262.1212,382.25488,2499.4119	301.5182,285.828,2644.2285	261.6053,485.95554,2396.0771	312.2303,382.81418,2561.4072	258.7144,282.40692,2580.9653	326.69012,482.3471,2468.4365	305.94675,220.25787,2350.8452	282.23605,277.01035,2079.2793	
316.61118,155.60704,2290.8896	302.69275,201.27934,2404.8362	272.2074,197.35484,2362.3994	249.64876,261.5922,2314.2163	302.69275,201.27934,2404.8362	332.12082,205.06775,2447.273	341.75525,245.62378,2538.9634	290.34875,243.68405,2516.4937	257.55005,280.7702,2595.713	259.96548,380.08783,2504.3167	300.03284,284.15918,2660.5894	259.30188,483.4064,2403.0474	309.63928,380.64484,2567.047	257.55005,280.7702,2595.713	324.472,479.75812,2474.9617	301.9403,217.27399,2360.7078	282.43408,278.96814,2081.9832	
316.8386,155.78296,2293.6733	302.39255,201.6029,2407.1968	272.0416,197.51187,2363.3198	249.70505,261.71698,2317.0996	302.39255,201.6029,2407.1968	331.6569,205.54745,2451.0737	341.4286,245.78366,2533.9575	289.51944,243.78186,2519.0098	256.30988,280.5729,2597.2803	260.06683,379.74573,2496.4077	298.63168,284.13272,2664.3652	258.62292,483.53366,2391.8657	309.32187,380.28516,2554.9133	256.30988,280.5729,2597.2803	324.8509,479.62564,2465.9902	299.51498,215.20059,2361.499	282.79144,280.02548,2083.8765	
316.17447,155.72484,2296.0784	301.76324,201.67491,2407.4897	271.4222,197.4468,2363.5413	249.32983,261.53894,2317.552	301.76324,201.67491,2407.4897	331.01642,205.75142,2451.4382	341.53662,245.71301,2529.489	288.8115,244.11008,2517.3975	255.48679,281.10294,2593.7102	260.9693,380.30292,2487.8943	297.85812,284.83905,2660.9001	258.94162,484.27063,2388.496	309.6444,381.01196,2545.913	255.48679,281.10294,2593.7102	325.63077,480.3749,2463.0767	298.26825,214.18321,2360.6401	282.77313,280.79068,2084.7085	
315.83203,154.52899,2297.781	302.03223,200.70543,2407.188	271.62347,196.74762,2363.8105	249.04803,261.44037,2318.7876	302.03223,200.70543,2407.188	331.36444,204.52313,2450.566	341.52036,246.0199,2524.0203	289.67703,243.66646,2515.1816	256.81915,281.38354,2590.0137	263.12622,380.70258,2484.6047	299.32178,284.75415,2656.3364	261.186,484.55222,2391.2593	312.36368,380.9602,2541.7097	256.81915,281.38354,2590.0137	327.87253,480.42047,2462.271	297.52664,213.44269,2358.9634	282.97885,280.7254,2086.7148	
315.27106,153.671,2298.1216	302.23898,200.34248,2405.0935	271.71674,196.57329,2362.8425	248.87378,260.90158,2318.3962	302.23898,200.34248,2405.0935	331.7074,203.98154,2447.3445	341.59143,245.92032,2520.3816	290.56244,244.0883,2509.2637	258.17566,282.7602,2581.1335	263.02423,382.62476,2479.8186	300.9294,285.8946,2645.7341	260.93866,486.92932,2382.9722	312.1866,382.8375,2535.9138	258.17566,282.7602,2581.1335	329.12122,482.3574,2456.289	296.78342,213.52937,2356.7458	285.4064,278.45096,2089.297	
314.7401,152.26913,2297.2979	302.35626,199.075,2403.358	271.7447,195.46228,2361.9504	249.56644,260.90942,2315.202	302.35626,199.075,2403.358	331.93088,202.56534,2444.7654	341.4133,245.92073,2513.2468	291.19592,243.35689,2505.316	259.18463,282.6887,2575.6191	262.41006,382.8705,2478.797	302.11108,285.6266,2638.9287	260.81702,486.92325,2388.1611	312.18692,382.96307,2539.0913	259.18463,282.6887,2575.6191	329.01138,482.45972,2458.003	295.69717,212.92276,2354.8982	286.5125,277.16034,2087.4055	
314.14392,151.57925,2298.383	302.4595,198.49591,2403.159	271.7742,195.04352,2362.735	252.01366,260.4195,2313.1025	302.4595,198.49591,2403.159	332.12955,201.83409,2443.5828	341.82974,245.52698,2509.5405	291.85458,243.30377,2502.4192	260.25375,283.30304,2570.7764	262.2182,383.72125,2481.095	303.35205,286.0495,2632.5825	260.80612,488.0222,2383.7607	311.9849,383.78256,2539.2092	260.25375,283.30304,2570.7764	328.74237,483.4057,2456.4045	295.659,210.73969,2360.6533	287.34085,276.28717,2084.8955	
314.11142,149.26428,2312.9456	302.59924,197.22885,2408.1729	272.06625,193.87433,2366.1572	253.01953,259.93256,2312.576	302.59924,197.22885,2408.1729	332.0851,200.46835,2450.189	341.2571,263.11914,2531.5405	292.2948,242.92723,2499.996	260.89307,284.1232,2559.6973	261.90082,385.049,2472.5334	304.01346,286.621,2623.941	260.0946,489.67334,2377.6895	311.6884,384.77658,2535.4292	260.89307,284.1232,2559.6973	328.5538,484.54022,2453.247	293.4834,242.37166,2352.5676	287.84662,274.8398,2085.642	
313.19183,148.49916,2319.7295	302.1085,196.383,2411.0413	271.70557,193.3432,2367.042	252.6758,258.80457,2313.3184	302.1085,196.383,2411.0413	331.42163,199.31383,2455.0405	337.5973,263.1764,2523.908	292.17615,242.52618,2499.5825	261.13113,284.53235,2554.483	261.65396,385.60223,2474.7185	304.15637,286.4669,2621.7646	260.24426,489.86407,2385.5	311.26367,384.62915,2542.628	261.13113,284.53235,2554.483	327.30167,484.26483,2459.7578	289.2433,255.08829,2326.4348	288.74176,273.17505,2087.234	
311.92212,148.04922,2325.61	301.42352,196.10904,2414.406	271.05322,193.26694,2370.1018	250.93341,256.57544,2319.6707	301.42352,196.10904,2414.406	330.6993,198.84872,2458.7102	334.8452,263.53067,2515.8376	291.9002,242.51407,2500.9497	261.22318,284.9882,2553.6272	261.50922,386.0633,2477.6587	304.24173,286.6202,2621.3596	259.63614,490.29053,2387.1536	311.20862,384.84973,2541.3357	261.22318,284.9882,2553.6272	326.61127,484.31235,2464.604	287.30396,267.45868,2309.0845	288.6181,270.62344,2094.7925	
311.73868,146.1308,2333.5432	301.32538,194.5598,2417.4714	270.9644,191.55637,2373.7222	250.91524,255.3428,2322.3303	301.32538,194.5598,2417.4714	330.60696,197.45647,2461.2207	333.3814,262.71976,2508.01	291.9153,241.34268,2500.5474	261.2684,284.16748,2550.1797	261.42953,385.349,2475.459	304.3942,286.0422,2617.067	259.8549,489.83566,2381.108	311.42935,384.42102,2537.488	261.2684,284.16748,2550.1797	327.11502,484.12286,2458.3247	287.72998,277.45035,2299.1309	288.45898,269.1207,2096.0815	
311.09232,144.21957,2339.012	300.7555,192.61401,2419.674	270.4281,189.2528,2376.0754	250.90813,254.60402,2323.6658	300.7555,192.61401,2419.674	330.00934,195.85622,2463.2727	335.7903,235.73734,2499.595	291.04843,239.58678,2500.3696	260.07956,282.41656,2547.7346	260.00113,383.56085,2477.7275	303.25946,284.7975,2614.3958	259.11386,487.92035,2382.333	309.9574,383.21478,2538.2937	260.07956,282.41656,2547.7346	325.77515,482.7508,2460.3872	301.22455,243.46405,2334.784	288.5612,268.25708,2096.6082	
310.8348,144.02231,2341.2493	300.8088,192.7781,2420.361	270.46198,189.55928,2377.0283	249.84961,253.48093,2326.3406	300.8088,192.7781,2420.361	330.0881,195.88371,2463.6938	338.94165,239.71242,2511.1472	291.46713,239.99928,2499.1396	260.79135,283.22778,2544.7925	262.0752,384.4433,2476.6577	304.04562,285.41293,2611.044	261.67117,488.7204,2384.5266	311.75674,383.8328,2538.725	260.79135,283.22778,2544.7925	327.46127,483.35626,2461.648	305.27173,253.02386,2329.3545	288.27982,267.98322,2101.0403	
310.09146,143.38129,2348.3672	300.37512,192.32846,2422.8894	270.08572,189.15857,2378.9536	250.36331,253.43192,2325.179	300.37512,192.32846,2422.8894	329.5856,195.38544,2466.8252	340.17856,243.02116,2523.5981	291.30954,239.93478,2497.5876	260.8393,283.72845,2538.6985	261.74298,385.193,2472.0024	304.13626,285.79684,2605.8733	260.4322,489.43918,2385.0393	311.2105,384.41806,2536.9075	260.8393,283.72845,2538.6985	326.96188,484.18964,2456.775	309.56915,264.19336,2324.9724	289.45035,268.47928,2096.6782	
309.2907,143.48483,2351.4263	299.94818,192.45096,2423.9055	269.7003,189.37154,2379.2964	250.27771,253.02945,2325.5977	299.94818,192.45096,2423.9055	329.1028,195.41907,2468.5146	340.5146,245.84837,2531.1196	291.08704,240.2713,2496.3833	260.78857,284.4339,2534.7583	261.13,385.97348,2472.8535	304.0884,286.3274,2602.9639	261.30444,490.28522,2383.9316	311.09872,384.9206,2540.9214	260.78857,284.4339,2534.7583	326.9596,484.82233,2454.846	314.6717,275.13647,2323.1362	290.458,268.78525,2095.9458	
309.00122,143.43024,2353.4573	299.87222,192.45955,2425.4849	269.67365,189.43628,2380.3416	250.00468,252.84686,2322.3037	299.87222,192.45955,2425.4849	328.96722,195.37234,2470.6282	340.49905,246.72752,2535.1577	291.1048,240.36319,2496.8916	260.9048,284.7005,2533.7876	261.3252,386.19974,2475.2754	304.16373,286.48178,2602.809	260.74216,490.50256,2385.0933	311.20175,385.0067,2544.0715	260.9048,284.7005,2533.7876	327.112,484.84088,2456.7385	320.14893,283.7744,2332.0896	292.9115,268.28796,2094.3396	
308.48236,142.72829,2355.969	299.68213,191.96745,2426.9333	269.51132,189.10199,2381.4253	249.16837,252.37537,2322.1582	299.68213,191.96745,2426.9333	328.74228,194.72743,2472.4414	340.43405,249.46179,2535.9507	291.19278,239.98094,2497.5186	261.26117,284.57834,2533.3135	261.588,386.0722,2475.8313	304.49335,286.11108,2602.894	260.6169,490.22223,2388.2085	311.2631,384.6403,2544.5515	261.26117,284.57834,2533.3135	327.99854,484.3789,2455.5073	325.35535,294.9239,2351.5913	294.4386,268.0196,2098.6265	
308.48486,142.46988,2356.191	299.61392,191.9053,2427.6392	269.4532,189.07423,2382.052	249.50565,251.87323,2326.546	299.61392,191.9053,2427.6392	328.66278,194.63202,2473.2263	338.48825,253.75609,2519.6863	291.14542,239.87814,2498.6406	261.25092,284.44873,2534.7922	261.07898,385.9453,2475.14	304.45294,285.931,2604.492	260.6531,489.91107,2391.256	311.16156,384.39767,2546.3015	261.25092,284.44873,2534.7922	327.44064,483.9984,2460.0596	339.52567,315.66632,2455.491	295.07196,267.87918,2101.1948	
