459.4382,101.996445,2141.4814	458.7948,157.71936,2110.2275	419.09732,153.04376,2076.9487	414.99002,224.00151,1906.8616	458.7948,157.71936,2110.2275	497.2597,162.24979,2143.5063	551.98926,207.4046,2038.7949	457.88245,215.36795,2080.4644	430.98035,272.8591,2029.4497	429.5846,391.7381,2064.8335	482.3742,276.4832,2071.9526	430.3603,511.57507,2025.3301	482.0047,393.556,2100.062	430.98035,272.8591,2029.4497	499.02655,510.08377,2064.959	616.136,244.13234,1815.3381	498.37988,251.55675,1761.6138	
459.31134,101.6725,2140.3345	458.46527,157.56223,2110.1213	418.6966,152.89046,2077.44	418.94598,225.42401,1895.9358	458.46527,157.56223,2110.1213	497.02087,162.09146,2142.8027	551.83057,207.10281,2039.8181	457.4339,215.23363,2080.8105	430.36957,272.70322,2030.629	429.4965,391.73657,2063.7021	481.85284,276.3655,2072.3704	428.33557,511.17224,2028.386	481.03345,393.28442,2102.0625	430.36957,272.70322,2030.629	498.45258,510.11212,2062.9207	616.5604,242.71092,1815.2026	504.6007,253.17397,1755.0957	
458.8863,102.316895,2139.7158	458.26056,158.46399,2109.2202	418.48218,154.00684,2076.2825	420.57635,225.2403,1891.4454	458.26056,158.46399,2109.2202	496.81567,162.78406,2142.158	551.789,206.93849,2041.6992	457.44006,216.22389,2080.6633	430.61096,273.89462,2031.0718	430.2915,393.05322,2062.3208	482.0553,277.2537,2073.141	429.4411,512.49646,2028.1958	481.61578,394.19385,2102.0015	430.61096,273.89462,2031.0718	499.48785,510.69376,2065.384	617.16907,241.0851,1815.422	508.3084,254.16788,1754.8882	
458.78302,102.46475,2139.4006	458.1234,158.76292,2108.7703	418.3274,154.42465,2075.8115	420.82266,225.01688,1891.1936	458.1234,158.76292,2108.7703	496.69464,162.96768,2141.7288	553.1772,206.18716,2040.281	457.42468,216.56207,2080.5227	430.71994,274.33536,2031.2274	430.06787,393.5598,2061.6692	482.16577,277.53644,2073.323	430.50476,513.32465,2025.3083	481.36804,394.74164,2099.186	430.71994,274.33536,2031.2274	499.31073,510.5913,2069.2334	618.1101,239.68234,1811.301	510.1302,254.40736,1753.0171	
458.40045,102.61189,2140.2693	457.87933,158.67184,2108.9612	418.07065,154.39682,2076.0737	416.80606,223.34961,1903.1232	457.87933,158.67184,2108.9612	496.4655,162.81558,2141.8484	553.5554,205.17688,2038.9323	457.26044,216.46863,2080.7097	430.6308,274.278,2031.4562	430.24963,393.40387,2062.787	482.0917,277.40308,2073.4604	428.8701,512.85425,2028.3076	481.6854,394.3485,2102.0273	430.6308,274.278,2031.4562	498.6178,510.81232,2066.5815	620.33105,236.76413,1809.8951	504.86847,251.02296,1752.9897	
458.4917,102.609314,2145.709	458.32736,158.2835,2111.3733	418.74942,153.89394,2076.912	413.25406,220.59393,1914.0637	458.32736,158.2835,2111.3733	496.6341,162.53207,2145.8345	554.557,204.09102,2038.0508	457.9579,215.92336,2081.3398	431.6999,273.65042,2029.298	431.56433,393.0065,2059.5933	482.90588,276.81766,2073.315	430.57635,512.398,2027.4695	482.44662,393.69025,2102.8828	431.6999,273.65042,2029.298	500.11325,510.17392,2066.0813	622.16895,233.16283,1805.7267	499.59497,248.77853,1757.8334	
458.06335,102.84964,2149.9297	458.54028,158.02173,2112.8835	419.1463,153.75693,2076.966	409.8837,217.94244,1925.0433	458.54028,158.02173,2112.8835	496.61737,162.14395,2148.801	555.68414,202.76515,2035.8137	458.75836,215.53496,2081.0215	433.19965,273.36728,2026.2212	431.9579,393.01086,2055.4417	484.1958,276.27365,2072.0977	430.26666,511.83942,2030.2183	483.1513,393.72644,2096.0605	433.19965,273.36728,2026.2212	499.9796,509.4089,2069.8413	625.69604,228.51518,1802.6589	493.84695,246.1753,1763.3906	
458.22867,102.38316,2151.0378	459.12378,157.60085,2114.2815	419.91068,153.54675,2076.9678	408.72656,216.60835,1929.021	459.12378,157.60085,2114.2815	496.9768,161.51431,2151.5952	556.41833,200.87862,2034.6821	459.80264,215.0869,2082.4934	434.85706,273.07474,2026.8757	432.02115,392.35046,2059.5073	485.55884,275.6061,2074.535	430.78918,511.3313,2030.9512	483.67694,392.68484,2101.3306	434.85706,273.07474,2026.8757	498.6926,508.60165,2072.4414	627.92096,224.84315,1801.8318	491.23358,244.35133,1762.017	
457.99335,102.72249,2145.575	458.87494,158.39313,2111.5981	419.46747,154.73553,2075.317	407.44513,215.52776,1933.4968	458.87494,158.39313,2111.5981	496.9511,161.92715,2147.8794	557.29083,199.70444,2033.3772	459.65454,216.09158,2082.1934	434.74136,274.39087,2029.6188	430.2346,393.40894,2062.7607	485.59756,276.47174,2075.9585	429.19324,512.6162,2030.6948	482.18414,393.9199,2097.1921	434.74136,274.39087,2029.6188	498.481,509.5335,2071.6511	629.7046,220.43085,1797.4425	487.95276,242.21126,1762.0557	
458.04388,102.66644,2148.374	458.90567,158.17902,2113.054	419.5048,154.43002,2076.9885	407.31732,215.71158,1934.2695	458.90567,158.17902,2113.054	496.98413,161.80215,2149.1194	558.61865,198.54198,2033.4006	459.73804,215.75851,2082.1445	434.8486,273.94904,2028.204	430.4009,393.21738,2059.7395	485.77063,276.1726,2074.266	429.21857,512.6708,2027.0502	481.98492,393.73468,2095.4253	434.8486,273.94904,2028.204	499.05054,509.8253,2066.0977	631.14307,217.90567,1795.3699	486.1521,240.7914,1760.0001	
458.11188,102.79901,2156.757	459.35132,157.62366,2116.4114	420.08728,153.61588,2079.8918	407.5771,215.64984,1934.1339	459.35132,157.62366,2116.4114	497.2833,161.49547,2152.931	559.0066,197.15652,2033.5237	460.3836,214.89394,2081.8306	435.70703,272.8109,2023.9281	430.72778,392.15298,2057.4087	486.6145,275.35797,2070.5715	430.0481,511.9044,2023.2253	481.99554,393.03888,2092.7327	435.70703,272.8109,2023.9281	500.64172,508.8186,2065.3257	632.86426,215.99388,1798.0492	485.07654,240.72678,1757.7854	
458.07623,102.69531,2154.4202	459.34668,157.18645,2115.6277	420.10718,153.24124,2078.714	407.65833,215.33377,1935.0305	459.34668,157.18645,2115.6277	497.24036,160.99635,2152.5413	559.2726,196.79137,2033.7695	460.4057,214.52808,2081.9287	435.79688,272.52707,2024.6566	429.77182,391.49466,2061.3281	486.61725,274.95804,2071.803	429.34692,510.5379,2031.3699	480.56927,391.91187,2100.9683	435.79688,272.52707,2024.6566	499.74536,507.6331,2069.4502	633.49164,215.09184,1798.3228	484.17432,240.78308,1759.024	
457.9085,102.48833,2153.2634	458.99634,156.97253,2115.1675	419.825,152.8776,2077.6018	408.34476,215.45662,1934.4937	458.99634,156.97253,2115.1675	496.80057,160.92459,2152.7332	559.32587,197.25348,2033.9976	459.84637,214.3533,2082.0203	435.07758,272.28915,2024.8828	429.12064,391.26468,2061.4507	485.7766,274.86212,2072.8633	428.41272,510.46677,2029.9502	479.5417,391.66183,2103.176	435.07758,272.28915,2024.8828	498.82867,507.878,2066.2231	633.81287,214.71185,1797.9413	484.66434,241.81882,1762.6155	
457.858,103.04599,2158.7053	459.28406,157.01239,2116.6292	420.20184,152.74394,2078.6711	410.10883,216.35416,1929.2507	459.28406,157.01239,2116.6292	496.98914,161.13045,2154.5872	558.56433,197.83234,2036.2941	460.37592,214.16779,2080.334	435.84717,271.94388,2019.798	430.5145,391.21777,2056.5972	486.5645,274.72903,2068.2795	429.75778,510.66235,2025.4941	481.133,392.1057,2095.2776	435.84717,271.94388,2019.798	500.6151,508.30115,2062.228	632.54193,214.86855,1798.7922	486.72333,243.62706,1758.7059	
457.955,103.075165,2155.4092	458.98413,157.29321,2114.9856	419.72876,153.09668,2078.192	414.64664,219.35011,1913.1256	458.98413,157.29321,2114.9856	496.89703,161.34622,2151.7793	557.41486,199.25346,2038.3108	459.83444,214.57985,2080.0833	434.96344,272.4212,2021.6833	429.03662,390.94318,2064.6707	485.87912,275.1905,2068.6785	428.1065,510.41214,2028.8494	479.49725,392.1057,2100.1855	434.96344,272.4212,2021.6833	498.85944,507.8402,2068.7908	631.17584,218.48274,1803.7709	493.7377,248.42168,1752.3496	
458.2854,102.05316,2153.773	458.73938,156.83936,2113.9148	419.4186,152.2343,2077.7502	419.01883,223.99586,1900.0706	458.73938,156.83936,2113.9148	496.7374,161.28952,2150.0793	556.1898,201.07707,2040.6711	458.93826,214.1325,2079.0986	433.33386,271.68555,2021.1863	428.48972,390.47156,2062.247	484.37726,275.03098,2067.3787	427.0516,509.8956,2028.0039	479.4153,392.41766,2094.8542	433.33386,271.68555,2021.1863	497.5665,507.4265,2073.0276	629.76715,222.52911,1809.4934	500.437,254.88411,1744.4938	
458.8302,101.66269,2158.9587	459.5866,156.09132,2115.6516	420.3836,151.12189,2079.1108	421.4873,227.54842,1891.5312	459.5866,156.09132,2115.6516	497.45837,160.89201,2152.1924	553.96185,203.34717,2044.6699	459.8404,213.09293,2077.2544	434.28418,270.31262,2015.5217	430.9159,389.32388,2058.0657	485.33902,274.1268,2062.1926	429.8479,508.7609,2025.8887	482.02124,391.9004,2089.016	434.28418,270.31262,2015.5217	499.36304,506.66104,2072.6577	625.7527,229.33853,1818.0579	504.90753,261.75528,1741.2216	
459.00098,102.04553,2150.0667	458.82547,156.78033,2111.7788	419.2422,151.79422,2078.0044	422.65204,230.11554,1888.7874	458.82547,156.78033,2111.7788	497.16254,161.60947,2145.5532	552.496,205.76645,2047.1979	458.24603,214.07281,2076.7197	431.62726,271.3016,2020.0887	427.70978,389.78436,2065.0571	483.12207,275.32178,2063.2324	426.19183,508.11206,2039.0771	478.12134,392.0723,2099.8276	431.62726,271.3016,2020.0887	497.08264,507.21722,2073.5278	621.0597,238.21225,1827.1858	507.81482,269.0238,1741.8041	
459.2912,102.14865,2145.1035	458.53146,156.88179,2109.0874	418.799,151.65642,2076.3772	422.55603,231.41238,1891.4021	458.53146,156.88179,2109.0874	497.0503,161.94757,2141.7976	550.3281,209.67426,2050.3342	457.24377,214.33023,2075.9263	429.8309,271.42334,2021.877	428.96814,390.11237,2063.4597	481.4696,275.81937,2063.6533	426.9181,509.03186,2032.871	479.74338,393.00714,2095.2615	429.8309,271.42334,2021.877	496.88177,508.04562,2074.1348	615.3501,247.72232,1835.7668	506.4068,277.6044,1739.6716	
459.42004,102.64958,2143.111	458.26886,157.39436,2107.604	418.43753,152.0177,2075.6619	420.5437,233.29362,1898.2041	458.26886,157.39436,2107.604	496.91083,162.61049,2139.5461	548.31384,214.34213,2053.1523	456.55298,214.92429,2075.351	428.64606,271.92584,2022.7002	430.04004,390.85248,2060.8955	480.40305,276.56894,2063.496	427.04205,509.7045,2032.1123	480.474,393.87402,2093.7988	428.64606,271.92584,2022.7002	497.3214,509.15665,2071.9575	608.5663,258.33197,1848.7805	501.98654,284.83954,1749.251	
460.19562,102.95889,2142.1099	458.43024,157.86668,2107.0884	418.71707,152.12158,2074.2954	418.75372,234.69145,1905.0919	458.43024,157.86668,2107.0884	496.92627,163.43573,2139.8816	544.2134,219.12039,2061.0642	456.12665,215.44936,2076.0703	427.71432,272.2285,2024.1099	430.2417,391.22885,2060.4834	479.264,277.27734,2065.9946	427.1767,509.88446,2033.7451	479.43634,393.60257,2104.7822	427.71432,272.2285,2024.1099	498.5419,509.9524,2065.5605	601.44275,267.89282,1864.8433	496.05905,292.41547,1757.3438	
461.26038,102.79727,2134.6187	458.386,158.32855,2104.0984	418.6346,152.3162,2071.383	417.58557,236.59514,1908.05	458.386,158.32855,2104.0984	496.9201,164.15683,2136.8137	540.97437,223.86015,2064.5168	455.18817,216.13611,2077.0234	425.92438,272.7572,2029.0563	429.4834,391.63544,2063.3555	477.36322,278.12936,2070.8406	426.92487,510.08548,2037.1935	479.23364,394.6645,2104.1777	425.92438,272.7572,2029.0563	497.07983,510.65237,2070.3584	592.90393,278.4042,1877.3518	491.2486,299.8081,1766.9847	
462.23822,102.03264,2130.8752	459.21243,157.97331,2103.1018	419.73068,152.0163,2067.777	416.41696,238.74615,1912.0173	459.21243,157.97331,2103.1018	497.38977,163.73354,2138.4265	537.5994,226.96353,2072.2656	455.90808,215.97118,2079.5525	426.81128,272.7304,2033.4413	431.57404,391.602,2064.6167	477.6866,277.8091,2078.565	429.65518,510.1242,2037.339	481.21246,394.25055,2107.8257	426.81128,272.7304,2033.4413	499.56152,510.1817,2072.4248	581.8335,286.32654,1895.641	485.47034,307.60248,1776.1609	
462.92914,102.26614,2123.4983	459.46454,158.87286,2099.8406	420.1037,152.88763,2062.9216	415.26044,241.62538,1913.498	459.46454,158.87286,2099.8406	497.46524,164.65128,2136.7595	532.9891,230.2022,2083.1277	455.7292,217.10878,2080.2026	426.37973,273.9448,2036.9884	430.82013,393.16602,2062.276	476.8877,278.90784,2084.1409	426.49863,511.23276,2039.3499	480.0056,395.59372,2107.5837	426.37973,273.9448,2036.9884	499.00275,512.0462,2067.3591	571.1909,293.26547,1913.532	480.83923,314.84082,1780.7574	
463.86633,102.48494,2120.3096	460.12708,159.4101,2099.156	420.95923,153.47952,2060.5012	413.3631,242.00635,1919.7377	460.12708,159.4101,2099.156	497.87854,165.12619,2137.8108	528.9358,233.7452,2091.0647	456.22925,217.7709,2082.2852	426.9171,274.68454,2040.7288	431.443,394.09296,2061.5366	477.01956,279.42905,2090.0999	426.93866,511.9631,2040.7972	481.03168,396.20892,2108.433	426.9171,274.68454,2040.7288	499.5095,512.4509,2070.4265	561.20715,300.264,1934.0244	473.09686,319.86365,1790.8534	
464.68283,102.39003,2112.2175	460.54446,159.90633,2096.168	421.52322,154.12358,2055.7463	412.04462,242.34055,1924.354	460.54446,159.90633,2096.168	498.0892,165.47028,2136.5898	524.3271,237.57512,2099.0376	456.26913,218.49011,2084.4326	426.80914,275.5143,2046.8827	430.11414,394.79514,2065.6182	476.46326,279.90555,2098.5117	427.98456,512.7173,2043.1301	480.67548,396.7351,2110.7993	426.80914,275.5143,2046.8827	498.72144,512.6575,2074.974	550.38135,307.3818,1951.8102	465.405,324.1956,1801.1487	
465.30078,102.59262,2101.6824	461.12775,160.86438,2092.1492	422.12042,155.70227,2050.6462	410.80228,243.55089,1929.6528	461.12775,160.86438,2092.1492	498.61758,165.82567,2133.652	520.0119,238.52147,2107.0486	456.977,219.71759,2086.099	427.81738,277.1447,2053.543	431.01468,396.59564,2065.7424	477.15802,280.63712,2106.5552	429.00317,514.3686,2044.7777	480.6366,397.40598,2114.5737	427.81738,277.1447,2053.543	501.70074,513.68555,2069.7974	541.8267,309.93454,1973.2424	459.75797,328.1675,1811.2931	
466.76575,102.49625,2090.907	461.80463,161.0974,2089.1953	422.86893,156.19423,2046.5992	409.38055,246.3939,1930.3087	461.80463,161.0974,2089.1953	499.18433,165.80463,2131.7915	515.82007,240.49266,2112.536	457.2199,220.10727,2089.1309	427.83435,277.5699,2061.8652	429.9234,396.74158,2072.0625	476.79797,280.63177,2116.2676	427.498,515.4129,2039.6143	479.00598,397.48602,2116.5762	427.83435,277.5699,2061.8652	501.11783,513.56067,2071.2832	534.0442,313.88837,1991.6719	453.77795,333.02054,1819.3417	
467.92224,102.62808,2086.032	462.16833,161.56464,2087.372	423.19177,156.2862,2045.1179	406.64685,247.36417,1932.6632	462.16833,161.56464,2087.372	499.5982,166.63362,2129.6262	512.742,239.91457,2119.091	456.67554,220.59451,2089.7585	426.40317,277.69244,2065.1616	428.49152,397.35995,2066.6611	475.35602,281.2412,2119.1284	425.34064,515.72266,2039.738	478.3713,398.61658,2109.8918	426.40317,277.69244,2065.1616	498.96933,515.36304,2064.4521	524.9064,314.83463,2015.5793	447.717,335.74295,1828.5988	
469.3285,103.47623,2078.0479	463.46582,163.20514,2085.4287	424.9088,158.37584,2039.7482	404.43713,247.08684,1935.8279	463.46582,163.20514,2085.4287	500.36987,167.82742,2131.1094	509.79333,240.81012,2124.9478	458.0645,222.33394,2092.0566	428.26947,279.71088,2069.504	431.04324,399.14032,2070.8345	476.4552,282.42984,2127.8652	430.1424,518.33154,2035.102	480.7256,399.39215,2117.5278	428.26947,279.71088,2069.504	501.5175,516.4326,2065.538	518.4102,316.54852,2032.4005	441.30484,337.28012,1834.9014	
470.33386,103.405685,2073.609	464.5614,163.31538,2084.4204	426.1953,159.18887,2037.0717	403.70123,246.94736,1939.4038	464.5614,163.31538,2084.4204	501.22314,167.25859,2131.7693	507.5031,242.66925,2129.324	459.54285,222.51048,2095.338	430.38895,280.22153,2076.017	431.06778,399.4688,2075.0994	478.07904,281.93768,2136.4937	430.63718,519.2953,2031.4382	481.39447,398.92786,2118.874	430.38895,280.22153,2076.017	502.15112,516.0662,2065.3772	514.9592,318.8933,2043.7048	436.79855,337.95444,1846.7076	
471.64337,103.060455,2071.3687	465.4375,163.20537,2083.5886	427.22833,158.90616,2035.1807	402.4705,248.66129,1940.6907	465.4375,163.20537,2083.5886	501.91153,167.30936,2131.9966	505.8163,242.12729,2135.0874	459.8133,222.38264,2097.0073	430.21783,279.86877,2079.517	428.7152,399.18433,2074.6707	477.6093,281.71887,2141.335	428.36322,519.59674,2025.7668	478.84293,398.83167,2117.305	430.21783,279.86877,2079.517	500.377,516.10547,2062.2732	512.8684,318.4982,2055.4673	435.58597,340.12585,1854.0142	
472.06793,103.1678,2064.7307	465.29407,163.52515,2081.1516	426.90765,159.4094,2033.5364	402.7919,249.97253,1940.3363	465.29407,163.52515,2081.1516	501.9632,167.45676,2128.7668	505.17508,241.4642,2137.5105	459.40533,222.73312,2097.8047	429.52118,280.15805,2084.0527	427.5738,398.93628,2083.1091	477.01465,281.83478,2144.8628	429.0676,520.2993,2018.9752	478.38354,399.095,2115.2957	429.52118,280.15805,2084.0527	500.458,516.25305,2061.6897	511.58447,318.05453,2065.3213	434.79968,342.46857,1855.4789	
473.01492,102.95682,2055.4133	465.35138,163.77527,2078.073	426.78165,159.76303,2031.2972	402.95404,251.07442,1940.1643	465.35138,163.77527,2078.073	502.22296,167.61087,2124.8489	504.64734,241.6103,2140.105	458.86322,222.95996,2099.5059	428.39667,280.13333,2091.0684	426.57947,399.1769,2080.6624	475.9461,281.74097,2150.809	428.8093,519.90515,2025.0281	477.42426,398.86133,2118.096	428.39667,280.13333,2091.0684	501.13272,515.83386,2062.065	511.4026,318.2821,2072.1199	434.52454,343.892,1855.4358	
473.4975,103.2262,2051.756	465.42993,164.22159,2076.0366	426.70087,160.10704,2030.1772	403.20294,252.96153,1939.5842	465.42993,164.22159,2076.0366	502.48495,168.15831,2121.896	504.3882,241.94633,2142.8582	458.55618,223.41344,2098.9648	427.64584,280.41577,2092.607	426.36786,399.48358,2081.02	475.35757,282.2116,2151.1792	429.67322,521.0751,2016.5054	477.83188,399.57788,2113.7002	427.64584,280.41577,2092.607	501.4881,516.8322,2057.807	511.51022,318.71436,2083.4646	437.1419,345.30145,1853.4191	
474.11017,104.150024,2049.943	465.4121,164.88788,2074.572	426.51935,160.46936,2029.8536	403.66724,254.35788,1938.3052	465.4121,164.88788,2074.572	502.6636,169.11992,2119.2903	504.24542,242.59259,2144.99	457.91577,224.03831,2098.7205	426.31384,280.7029,2094.31	425.6275,399.4815,2085.7087	474.2215,282.9529,2151.4277	428.86255,521.70184,2011.1062	477.2164,400.41647,2112.2222	426.31384,280.7029,2094.31	501.16,517.2158,2060.8174	511.69568,319.38995,2090.4155	439.88208,345.7828,1855.0226	
474.63684,104.90413,2048.5195	465.65094,165.5563,2073.2185	426.74167,160.99265,2028.5332	405.15417,255.78062,1939.6409	465.65094,165.5563,2073.2185	502.91833,169.92737,2117.9038	504.58698,243.7861,2144.7441	457.8396,224.69936,2097.986	425.9323,281.23233,2094.2178	426.2699,400.0503,2085.2983	473.8447,283.6596,2151.2896	430.4254,522.6322,2007.4458	478.40204,400.99255,2114.531	425.9323,281.23233,2094.2178	501.4536,518.5432,2056.6016	511.99225,320.67645,2092.634	443.8464,345.7735,1856.3215	
475.14368,105.27701,2041.805	465.79626,166.16432,2070.871	426.85828,161.81352,2025.9832	407.03198,255.7442,1941.306	465.79626,166.16432,2070.871	503.08203,170.3305,2115.759	505.3781,244.39032,2141.5874	457.75397,225.26831,2099.083	425.7028,281.7156,2098.629	426.6505,400.21793,2090.6892	473.5031,283.86475,2155.961	430.63144,522.3716,2014.3182	478.31714,401.06964,2116.894	425.7028,281.7156,2098.629	501.27032,517.62134,2066.7292	512.1262,321.42102,2087.5227	447.5574,344.99585,1855.8013	
475.51196,105.81204,2037.9482	466.08182,166.70297,2069.0903	427.1358,162.49313,2023.9913	409.05347,256.7729,1941.1373	466.08182,166.70297,2069.0903	503.36627,170.73322,2114.1892	506.65137,244.53423,2136.512	457.86453,225.77682,2099.6597	425.70624,282.16187,2101.4285	427.0031,400.89343,2087.884	473.41492,284.1221,2159.0295	429.86957,523.24896,2011.4402	478.65356,401.29822,2117.251	425.70624,282.16187,2101.4285	501.9505,519.00946,2055.7634	512.1459,321.7827,2082.7317	452.70316,345.14386,1851.5704	
475.63312,106.671585,2032.5388	465.65796,167.47156,2065.8152	426.37805,163.07951,2022.7821	412.0138,258.5099,1937.5851	465.65796,167.47156,2065.8152	503.33475,171.68436,2108.8481	508.22534,244.23688,2132.3242	456.87463,226.50081,2098.706	424.0187,282.53,2104.1123	425.14056,401.34302,2087.1978	472.08624,284.85678,2159.0815	428.02692,523.61,2012.5348	477.50574,402.1364,2115.4827	424.0187,282.53,2104.1123	501.16528,520.4652,2049.0315	512.92413,321.4984,2072.209	458.83832,345.20038,1851.0433	
476.34082,106.92566,2028.8187	465.82202,167.67126,2063.8435	426.4917,163.05223,2021.032	415.60364,259.67938,1935.2908	465.82202,167.67126,2063.8435	503.55377,172.1026,2106.655	509.5395,244.19572,2130.498	456.48676,226.64082,2098.418	423.10907,282.37396,2105.6536	424.32773,401.08807,2088.9685	471.18304,284.9898,2160.3313	429.80255,523.3381,2012.8289	477.96637,402.30853,2113.8083	423.10907,282.37396,2105.6536	501.4753,519.917,2055.2524	513.73773,321.3795,2065.0085	465.5559,345.32736,1849.2406	
476.76782,107.71863,2020.9529	465.79346,168.33165,2059.9954	426.42798,163.76294,2016.8413	417.74432,260.39288,1936.1348	465.79346,168.33165,2059.9954	503.54346,172.71288,2103.1494	510.10065,246.31271,2122.2432	455.95837,227.20477,2098.3882	422.18674,282.6833,2109.223	423.61908,401.36572,2089.9768	470.1482,285.2087,2164.339	430.7536,522.86115,2020.9685	477.76755,402.2251,2118.959	422.18674,282.6833,2109.223	501.29984,520.39404,2052.2456	517.4523,323.07773,2050.7722	470.41144,344.77444,1846.7366	
477.1015,108.80873,2012.5259	465.8357,169.48285,2056.2058	426.4901,165.29004,2012.1908	420.45364,261.97098,1933.549	465.8357,169.48285,2056.2058	503.5321,173.49994,2100.221	510.69177,247.66226,2114.6313	455.80304,228.23474,2099.082	421.99127,283.61688,2113.8484	424.59262,402.14932,2092.7961	469.72638,285.62582,2170.068	432.56427,524.19904,2015.8906	478.39844,402.5857,2118.467	421.99127,283.61688,2113.8484	501.83417,520.3622,2056.1692	519.9032,324.5772,2039.0209	476.45755,344.11258,1845.7825	
477.5062,109.65074,2002.8054	465.76025,170.97992,2052.2996	426.38547,167.06563,2007.8097	423.547,263.1979,1933.2583	465.76025,170.97992,2052.2996	503.46417,174.72812,2096.7893	511.67267,250.42323,2103.32	455.3692,229.54808,2099.8118	421.33875,284.69168,2118.9124	424.24994,403.22537,2093.4072	468.90778,286.33545,2175.7356	432.42007,525.30365,2016.4214	478.34897,403.20084,2118.9495	421.33875,284.69168,2118.9124	501.17706,521.28076,2054.7485	521.3225,328.39294,2017.5376	482.86526,343.46368,1844.9995	
477.98157,111.88512,1997.9723	465.36328,173.05591,2050.083	425.69873,168.76793,2007.5895	425.89972,264.4254,1932.1636	465.36328,173.05591,2050.083	503.41693,177.16974,2092.5764	511.815,250.30167,2097.16	454.05856,231.34183,2100.975	419.06973,285.7369,2124.727	422.5385,404.26636,2093.8953	466.9041,287.97644,2179.0073	431.0028,526.2692,2017.8351	477.43402,404.88022,2116.8008	419.06973,285.7369,2124.727	499.8671,523.45483,2050.2307	522.0146,328.40384,2007.2493	488.1761,342.3857,1849.6283	
478.39923,113.541565,1990.5399	465.26492,174.5582,2046.2631	425.4027,170.26558,2004.674	428.2034,266.5498,1930.0839	465.26492,174.5582,2046.2631	503.53906,178.67978,2087.8523	511.88162,249.98274,2091.0754	453.36627,232.57358,2101.572	417.83514,286.4435,2130.323	422.93695,404.95642,2093.6614	465.7309,288.7552,2183.4387	433.04663,526.69824,2019.9426	478.7508,405.488,2115.62	417.83514,286.4435,2130.323	501.82422,523.8356,2051.1675	523.062,327.54175,1999.912	492.24597,343.4012,1845.4711	
478.9706,115.769615,1986.3492	465.42947,176.6268,2044.2057	425.5233,172.28397,2002.6947	429.71686,268.33505,1930.5386	465.42947,176.6268,2044.2057	503.7472,180.79678,2085.7166	511.774,252.61938,2082.0283	452.9552,234.35065,2102.8767	416.95294,287.73398,2135.0396	422.64774,406.02673,2097.8262	464.7769,290.11853,2188.0562	433.5887,528.563,2011.8422	478.6463,406.63678,2119.05	416.95294,287.73398,2135.0396	502.40198,525.7114,2044.7418	521.6301,329.84637,1987.3135	495.55597,343.8952,1844.2291	
479.63208,119.79554,1969.1764	465.24817,180.54721,2038.4608	425.04797,176.68152,1998.1097	431.1705,271.7553,1931.7416	465.24817,180.54721,2038.4608	503.8877,184.26282,2078.8118	512.879,255.53369,2068.0425	452.11307,237.44327,2106.741	415.62946,289.79343,2149.2512	422.0676,407.76492,2103.1353	463.4098,291.71786,2200.7913	432.78094,529.5648,2023.0378	478.195,407.63153,2128.7483	415.62946,289.79343,2149.2512	502.08252,526.3835,2052.1929	521.3585,333.98657,1970.9781	498.81552,345.61414,1848.7723	
480.45343,122.304634,1956.1387	465.28418,182.73184,2033.7499	424.87524,179.09941,1994.1927	431.4442,275.09763,1932.3634	465.28418,182.73184,2033.7499	504.15115,186.22566,2073.307	512.64655,257.73758,2057.5334	451.5146,238.94704,2109.306	414.55756,290.40186,2159.6006	422.2955,408.6045,2091.5059	462.2853,292.12665,2210.1235	433.19437,529.91785,2023.7952	479.17487,407.77197,2123.8489	414.55756,290.40186,2159.6006	502.39032,526.474,2051.8376	520.59033,336.54663,1958.3922	499.2713,349.05188,1840.0327	
480.8969,125.179436,1949.616	465.10486,185.44424,2031.7462	424.45837,181.6268,1993.8644	430.2986,277.97977,1931.701	465.10486,185.44424,2031.7462	504.26337,189.12193,2069.6282	512.16327,260.1299,2050.262	450.70227,241.12572,2111.5327	413.1552,291.7073,2167.126	422.53403,409.89075,2087.7048	461.01337,293.77475,2215.5122	432.15558,532.24414,2013.0178	478.70984,409.33,2122.2917	413.1552,291.7073,2167.126	502.55988,528.93176,2041.6913	519.09485,338.75116,1946.965	498.63013,351.27487,1848.1108	
481.69293,127.95514,1945.8389	465.11234,187.79184,2030.3723	424.3015,183.65305,1993.822	429.5818,280.2614,1933.873	465.11234,187.79184,2030.3723	504.4798,191.78426,2066.9226	511.87177,264.21265,2041.1243	450.00476,242.95834,2113.6035	411.8211,292.66003,2173.4924	423.90173,410.7414,2079.091	459.75342,295.20233,2220.177	431.4453,532.39276,2017.5569	479.35263,410.52686,2120.1335	411.8211,292.66003,2173.4924	502.68817,530.01227,2043.4092	517.3871,342.93158,1937.9908	498.5337,352.5776,1861.9113	
482.421,129.12985,1938.9731	465.15527,188.71568,2027.8881	424.25555,184.52254,1991.6769	429.48325,284.71875,1932.9346	465.15527,188.71568,2027.8881	504.62,192.7617,2064.0994	511.86072,265.40384,2038.0547	449.60864,243.48839,2114.3813	411.0806,292.6246,2177.7507	425.77234,410.4906,2072.285	458.98395,295.25974,2223.9983	429.49585,531.3106,2022.7247	479.3816,410.38947,2119.8347	411.0806,292.6246,2177.7507	505.22192,529.792,2039.8757	515.80005,343.03122,1931.0171	499.37036,356.31952,1873.0851	
482.18463,131.08215,1931.5356	464.79413,190.23956,2026.3177	423.68048,186.51614,1991.337	427.7416,287.22708,1933.4476	464.79413,190.23956,2026.3177	504.5124,193.83661,2061.2983	511.80573,266.87827,2034.0358	449.40967,244.46019,2117.5461	411.08044,293.0984,2186.434	426.74002,410.52417,2077.2578	459.0266,295.28333,2231.1147	431.06598,531.5039,2024.0839	479.93695,410.0467,2123.0713	411.08044,293.0984,2186.434	507.2234,529.08386,2042.2126	514.41656,344.9421,1928.0083	497.28564,358.6373,1883.4302	
482.37573,132.81564,1927.8184	464.78333,191.54874,2025.4696	423.6768,188.21909,1990.0797	424.6862,286.58038,1938.2103	464.78333,191.54874,2025.4696	504.4781,194.764,2060.8594	511.77332,269.3643,2029.0217	449.48022,245.44736,2119.2405	411.32144,293.9116,2190.4111	426.78064,411.22614,2063.482	459.1382,295.62756,2235.6118	432.31314,530.80145,2028.7529	480.9332,410.18002,2116.8271	411.32144,293.9116,2190.4111	506.31635,529.20245,2043.0635	512.8346,347.61697,1923.8792	490.6438,361.1101,1872.8124	
482.3551,134.5382,1922.9569	464.43887,192.79811,2025.164	423.35223,189.7178,1989.3866	421.80328,286.24597,1941.0919	464.43887,192.79811,2025.164	504.099,195.77147,2060.9414	511.6162,270.89734,2026.5114	449.00644,246.24162,2121.9373	410.84232,294.30457,2195.863	426.1349,411.41962,2065.9727	458.50726,295.7269,2241.5579	431.5044,532.1288,2020.8601	480.2093,410.02588,2113.462	410.84232,294.30457,2195.863	506.0323,527.9037,2050.897	510.47205,349.35992,1925.3701	484.56754,362.72607,1869.2698	
482.33228,134.8193,1927.5402	465.028,193.33499,2028.2163	424.0508,190.75171,1991.9697	418.4588,286.16776,1945.0586	465.028,193.33499,2028.2163	504.56628,195.82755,2064.463	509.9793,270.59726,2029.7627	450.16144,246.86337,2124.3472	412.55853,295.34036,2197.3296	428.56854,412.40186,2062.2542	460.10995,296.16498,2243.6265	434.26276,534.2178,2009.884	482.59906,410.3155,2108.5293	412.55853,295.34036,2197.3296	508.64886,527.72485,2052.523	508.79846,349.13876,1926.1187	478.77917,363.51538,1870.846	
481.72266,135.76463,1934.328	464.82367,194.49388,2031.179	424.01776,192.02094,1993.9565	416.05618,286.12918,1947.0367	464.82367,194.49388,2031.179	504.1609,196.87782,2068.4014	510.39282,270.17996,2030.3921	450.18848,248.19746,2125.245	412.82422,297.0279,2195.5408	427.43002,414.3896,2055.256	460.25555,297.6624,2243.0818	431.5307,536.3159,2006.6326	481.8427,412.02606,2101.537	412.82422,297.0279,2195.5408	505.51782,529.28125,2054.0535	506.93683,348.83725,1931.0625	474.61774,365.0669,1869.9574	
481.3819,135.98593,1937.7119	463.92822,195.06409,2032.3656	423.3531,192.06183,1993.559	413.97263,286.84946,1948.0083	463.92822,195.06409,2032.3656	502.9829,197.95383,2071.1724	508.76175,270.21332,2033.7056	448.71393,248.87086,2124.3179	410.8585,297.6351,2191.4854	425.05157,415.30862,2050.286	458.13702,298.77774,2241.0547	429.81152,536.4695,2010.7188	479.65906,413.3468,2099.8584	410.8585,297.6351,2191.4854	503.46484,530.9789,2050.3777	505.97406,348.74783,1935.4651	472.47772,366.3642,1868.2446	
480.90158,136.25769,1940.4066	463.1519,195.19533,2033.7982	422.82434,192.02661,1993.2157	412.9317,287.35782,1948.4971	463.1519,195.19533,2033.7982	501.90155,198.24005,2074.3806	506.74475,271.37137,2043.8601	447.7121,249.11589,2124.121	409.72556,298.01978,2188.5273	425.7586,415.7543,2052.6487	456.78732,299.24155,2240.3608	431.55554,538.1514,2001.0549	480.87073,413.5357,2100.9023	409.72556,298.01978,2188.5273	503.99673,531.16425,2052.1016	505.4508,348.77527,1948.2068	469.78046,368.27213,1868.7059	
480.95853,136.57219,1941.2495	462.69055,195.41988,2035.4886	422.60284,192.15092,1993.2909	412.31516,288.29938,1950.734	462.69055,195.41988,2035.4886	501.1499,198.55605,2077.6863	506.02756,271.5046,2050.4302	446.86905,249.17728,2126.1274	408.66504,297.90735,2189.8186	425.9455,415.45044,2056.8923	455.44897,299.1547,2243.714	430.75482,538.4109,1998.1527	480.96475,413.03958,2100.7195	408.66504,297.90735,2189.8186	501.86996,527.88403,2074.9631	504.6726,348.50287,1957.5227	468.42047,369.23572,1867.3445	
481.04694,136.69684,1946.1754	462.5521,195.47948,2038.4124	422.72055,191.91547,1994.8362	411.37225,286.97507,1952.8617	462.5521,195.47948,2038.4124	500.71625,198.89432,2081.9885	504.9909,271.33694,2059.7268	446.3896,249.27744,2127.4797	407.94775,297.99048,2188.7188	426.63657,415.4453,2059.0425	454.51953,299.49435,2244.3755	431.11017,539.2383,1991.209	481.15472,413.19733,2102.5825	407.94775,297.99048,2188.7188	499.47885,527.44684,2083.8486	504.24005,348.3934,1967.9939	467.05255,367.0422,1874.9187	
481.48657,136.82458,1948.6464	462.7548,195.4447,2041.36	423.09198,191.90825,1996.9772	411.00937,285.04376,1957.9183	462.7548,195.4447,2041.36	500.7296,198.83066,2085.743	504.60516,271.8706,2067.5906	446.54333,249.18831,2130.1943	408.1386,297.9052,2190.6863	426.58087,415.2853,2061.3083	454.52856,299.33432,2247.3708	434.08807,537.91907,2001.9962	481.47577,412.7802,2114.1711	408.1386,297.9052,2190.6863	496.0052,526.2572,2100.128	503.80933,349.7258,1982.2198	465.80188,365.47513,1876.8964	
482.03625,136.8868,1949.8749	463.07324,195.49042,2043.6515	423.31482,191.83846,2000.4183	411.02457,284.7685,1962.4672	463.07324,195.49042,2043.6515	501.1844,198.99106,2086.8848	504.41504,271.751,2074.8787	446.85773,249.14265,2132.7568	408.4037,297.66144,2194.2527	426.3878,414.88037,2062.869	454.90417,299.30136,2249.4714	434.59467,536.95483,2007.8	480.45023,412.81207,2123.4038	408.4037,297.66144,2194.2527	495.18015,525.9682,2108.2666	503.34137,349.98486,1997.3807	466.92142,364.55676,1878.5382	
482.22403,137.16861,1951.4874	463.32693,195.5441,2045.9216	423.4532,191.82565,2003.9775	411.17813,284.77838,1964.7405	463.32693,195.5441,2045.9216	501.59857,199.11316,2087.8657	504.273,269.92828,2081.9255	447.18478,249.11446,2135.337	408.74576,297.46686,2197.9658	426.95135,414.4424,2066.9067	455.37323,299.26886,2251.5386	432.99203,536.8623,2007.0051	479.8401,412.82138,2128.4255	408.74576,297.46686,2197.9658	493.2442,525.4491,2116.4717	503.54834,347.0265,2006.4825	468.09753,364.05716,1877.3989	
482.24588,137.4913,1951.7881	463.52423,195.59807,2047.8263	423.50555,191.89717,2007.3248	412.23544,285.0566,1966.8687	463.52423,195.59807,2047.8263	501.9906,199.15543,2088.3276	503.9948,268.66885,2090.948	447.42612,248.9384,2138.7969	409.00177,296.9746,2203.9023	427.19604,413.57983,2070.4626	455.73923,298.85626,2255.6328	431.69455,534.16815,2024.8513	479.57782,412.2647,2132.9656	409.00177,296.9746,2203.9023	492.40015,524.3008,2124.1245	503.69366,344.8297,2017.2317	470.06183,363.7313,1877.1088	
482.56177,137.39465,1951.4366	464.0611,195.27684,2049.4492	423.93198,191.64804,2010.1188	413.5934,285.173,1968.9296	464.0611,195.27684,2049.4492	502.679,198.76898,2088.7795	503.86755,268.003,2098.4602	447.9965,248.37383,2142.2515	409.60608,296.11047,2209.9368	428.00143,412.3008,2077.1497	456.3999,297.9914,2260.1707	431.35077,533.7156,2020.1774	479.55347,411.17694,2140.5203	409.60608,296.11047,2209.9368	494.0522,524.3996,2117.796	503.80627,343.60495,2028.5476	471.75955,362.71564,1875.8827	
482.97873,137.47159,1951.7595	464.34674,195.26903,2052.1194	424.196,191.70082,2013.3951	415.22177,286.36472,1971.4565	464.34674,195.26903,2052.1194	503.0102,198.70506,2090.8435	504.03387,268.48755,2102.716	448.2198,248.0473,2146.8323	409.8236,295.42365,2216.816	427.07916,411.3027,2087.2192	456.57205,297.2867,2266.2744	431.92126,532.79706,2023.5631	479.3025,410.16602,2146.7966	409.8236,295.42365,2216.816	490.84793,524.0356,2118.2444	503.861,344.46255,2045.713	475.52588,362.72998,1870.8494	
483.0773,138.17189,1953.9165	464.61285,195.49214,2054.9429	424.45462,192.04303,2016.7157	416.85797,286.7911,1973.7177	464.61285,195.49214,2054.9429	503.30426,198.81528,2093.1702	506.56967,269.0348,2106.4307	448.5702,248.06581,2150.766	410.28436,295.26154,2222.177	427.10678,410.87643,2090.8577	457.00015,297.0286,2271.0017	432.70758,530.8385,2039.3057	479.46716,409.70004,2149.439	410.28436,295.26154,2222.177	489.9457,523.8325,2118.5088	504.08658,345.76904,2058.0264	478.61438,362.81018,1868.4279	
483.14233,138.74918,1958.0082	464.89017,196.11386,2058.3428	424.88998,192.88795,2019.335	417.89355,287.11218,1976.3495	464.89017,196.11386,2058.3428	503.40247,199.21979,2097.3506	509.01495,269.78745,2109.3542	448.96426,248.58136,2154.2976	410.87488,295.8294,2225.341	427.25098,411.351,2093.5142	457.40323,297.3028,2275.1638	431.06763,531.1619,2042.6473	479.25742,409.8246,2156.1409	410.87488,295.8294,2225.341	489.7306,525.20557,2110.7546	504.1615,346.70908,2066.853	480.1217,362.3489,1869.0348	
483.5091,139.4927,1960.0493	465.0843,196.58032,2060.9883	425.284,193.45178,2020.8076	419.14075,287.85385,1977.6582	465.0843,196.58032,2060.9883	503.36237,199.5892,2101.169	510.43875,270.44208,2112.5696	449.01477,248.86327,2157.4927	410.91663,296.00995,2228.3364	425.43674,411.5238,2096.3604	457.199,297.31372,2279.6577	430.27686,531.7695,2039.9187	478.5851,409.68158,2157.5146	410.91663,296.00995,2228.3364	487.9157,524.1511,2120.4368	505.97864,347.58908,2070.3357	483.14624,361.3061,1875.3148	
483.88477,140.5613,1961.57	465.216,197.44183,2063.517	425.76944,194.62805,2020.9519	419.92523,288.30637,1980.8163	465.216,197.44183,2063.517	503.06805,200.14188,2106.0823	511.0954,271.67972,2114.7864	448.99683,249.46935,2160.976	410.97928,296.5919,2231.2485	423.96558,412.08185,2097.8274	456.82382,297.41132,2285.6216	431.1338,532.38666,2039.5383	478.0872,409.49963,2155.5327	410.97928,296.5919,2231.2485	487.6937,522.76404,2129.3745	508.83508,348.6434,2067.0051	485.1942,360.45786,1880.263	
483.9857,141.62285,1967.3251	464.7964,198.32986,2067.8083	425.6816,195.26755,2023.4238	420.8512,289.52472,1983.3955	464.7964,198.32986,2067.8083	502.26727,201.26347,2112.1929	511.38385,273.60413,2119.3901	448.0197,250.10507,2165.1523	409.656,296.91107,2234.1516	422.01416,412.3078,2101.78	455.14743,297.92627,2290.841	429.043,532.6188,2041.4902	475.38098,409.88516,2161.702	409.656,296.91107,2234.1516	486.3871,523.6006,2128.3179	512.37213,350.85406,2060.7234	487.38077,360.31702,1885.5266	
485.0899,142.17426,1969.6964	465.08093,198.4706,2071.6152	426.41443,195.30528,2024.6401	420.72266,289.0424,1987.6765	465.08093,198.4706,2071.6152	502.03278,201.49554,2118.5903	511.6612,273.99902,2123.1802	447.6322,249.88257,2169.851	408.9078,296.33087,2238.0857	421.19714,411.4876,2108.86	453.88715,297.3378,2298.0881	430.57605,531.99304,2040.9783	475.61273,408.63736,2175.16	408.9078,296.33087,2238.0857	481.10034,520.75586,2150.9324	515.28687,350.95505,2058.3906	487.4609,358.8399,1894.7239	
484.53714,143.13675,1976.4032	464.96024,199.35428,2077.059	426.57285,196.34523,2028.767	420.82315,287.8754,1992.3417	464.96024,199.35428,2077.059	501.60315,202.2266,2125.3513	511.5298,273.89264,2126.6013	447.6704,250.79945,2173.9468	409.19873,297.47046,2239.9966	420.8995,412.6313,2111.1106	453.90607,298.22864,2301.6724	432.20786,533.0967,2041.5784	476.43726,409.27585,2181.042	409.19873,297.47046,2239.9966	478.6966,518.9071,2175.1436	518.34656,350.43033,2058.8025	487.55402,357.26917,1903.7223	
484.83417,143.34889,1979.2347	464.98892,199.4301,2081.3813	426.6577,196.50107,2033.22	421.39026,288.06647,1998.654	464.98892,199.4301,2081.3813	501.58636,202.22664,2129.5427	511.51114,273.80444,2130.782	447.6547,250.57857,2179.6194	409.21432,296.96255,2247.1033	421.0134,411.70206,2120.2014	453.81476,297.65854,2308.6116	429.6804,532.3998,2043.3982	474.92767,408.30585,2200.208	409.21432,296.96255,2247.1033	478.28687,519.34875,2173.7944	520.3943,350.29584,2060.4167	488.79498,356.13113,1909.9053	
484.54053,143.45143,1982.1544	464.97394,199.0409,2085.376	426.61633,196.21548,2037.8784	421.5702,288.113,2003.818	464.97394,199.0409,2085.376	501.62317,201.74048,2132.8735	511.4572,273.9975,2134.8743	447.6831,249.89272,2185.3	409.32184,295.975,2254.8923	421.05243,410.23175,2125.3135	453.89536,296.61136,2315.556	429.74887,530.5581,2049.0808	473.52118,407.11163,2203.2275	409.32184,295.975,2254.8923	479.5517,516.9268,2185.698	521.6372,350.53705,2060.601	489.47052,355.58347,1909.14	
483.39124,144.13281,1987.1223	464.3694,199.59282,2090.8154	425.80383,196.69629,2045.5038	421.76752,288.19138,2009.9078	464.3694,199.59282,2090.8154	501.29883,202.36646,2136.127	511.56335,274.22977,2136.9253	447.44424,250.38397,2190.5442	409.2988,296.32178,2261.3337	420.47818,410.25787,2127.7332	454.12106,297.17102,2319.2122	430.29376,529.9555,2056.174	472.80252,407.6457,2206.7415	409.2988,296.32178,2261.3337	479.18234,517.98425,2183.898	522.231,350.63696,2061.3005	489.82065,355.35828,1907.9972	
483.09125,144.51321,1995.1042	464.49823,199.77127,2098.0088	425.88318,197.02295,2054.0317	419.7562,287.39865,2017.9592	464.49823,199.77127,2098.0088	501.52768,202.40674,2141.9858	511.79538,274.70703,2140.447	447.9878,250.44435,2197.8857	410.20514,296.32336,2269.679	422.36682,409.7612,2135.8967	455.07184,297.09164,2325.8464	428.6698,528.7328,2067.9814	471.8676,407.41003,2214.2666	410.20514,296.32336,2269.679	481.88977,518.75714,2176.7527	522.3955,351.23877,2060.1484	488.87543,352.5316,1916.5588	
482.395,145.09222,2003.0944	464.2257,200.14421,2104.5952	425.57382,197.38086,2061.7937	418.61096,286.64865,2024.9908	464.2257,200.14421,2104.5952	501.33685,202.7974,2147.3967	511.59802,274.69327,2141.2112	447.95587,250.7052,2204.3298	410.36774,296.45236,2276.7312	421.50586,409.50775,2136.805	455.28833,297.31537,2331.3977	426.99994,526.091,2090.8645	470.27866,407.54364,2216.5562	410.36774,296.45236,2276.7312	482.3545,519.5252,2171.0085	521.03516,350.81503,2059.5527	487.7791,350.7882,1925.3818	
481.62616,145.66693,2011.1113	463.68298,200.54376,2111.6313	425.09918,197.76097,2069.2322	417.54257,286.80502,2030.0227	463.68298,200.54376,2111.6313	500.7478,203.21701,2154.0305	511.72128,275.45728,2143.6145	447.61194,251.05486,2210.5752	410.2152,296.77396,2282.443	420.1894,409.61096,2143.112	455.09442,297.69125,2336.595	424.16647,524.4813,2110.2063	469.64136,407.74835,2214.6738	410.2152,296.77396,2282.443	480.73773,519.47626,2173.616	519.3368,351.6508,2056.3445	486.8886,350.27213,1928.9282	
481.0844,145.61127,2018.1129	463.18683,200.47977,2117.0632	424.79205,197.82912,2073.8584	417.0616,286.98502,2034.506	463.18683,200.47977,2117.0632	500.04584,203.02441,2160.268	511.64798,276.1306,2143.326	447.23932,250.93144,2215.6348	410.04376,296.71567,2286.615	419.138,409.40225,2151.6152	454.72424,297.4461,2341.7976	424.44388,524.5885,2111.931	468.98572,407.26184,2215.0066	410.04376,296.71567,2286.615	479.65433,518.3061,2180.422	518.0061,352.7373,2058.1108	486.4463,350.03632,1932.2244	
480.76422,145.45525,2021.103	462.4344,200.21065,2120.6655	424.42548,197.71875,2074.9255	416.54007,287.07465,2036.741	462.4344,200.21065,2120.6655	498.83835,202.59732,2166.4055	508.9359,276.1022,2149.1619	446.32465,250.56027,2219.144	409.1783,296.41888,2288.4082	417.2222,409.0368,2154.9165	453.4318,296.83798,2346.837	423.15692,524.08167,2115.0479	467.21124,406.4062,2220.1162	409.1783,296.41888,2288.4082	478.25507,518.161,2176.0095	516.6355,352.29068,2064.86	486.336,349.94247,1936.419	
480.0135,145.63596,2026.5697	461.33102,200.37233,2124.6965	423.77313,197.57016,2076.1675	416.3292,287.2161,2039.8508	461.33102,200.37233,2124.6965	497.21152,203.04935,2173.2256	507.41455,275.25482,2154.0696	444.59344,250.60562,2222.1152	407.0657,296.2993,2288.5388	414.5479,408.9355,2157.8616	450.87256,296.93103,2350.529	421.2268,524.815,2108.306	465.1323,406.27448,2219.887	407.0657,296.2993,2288.5388	477.13702,517.4855,2180.3298	515.2072,351.02405,2063.6702	486.3211,349.90735,1941.8613	
479.50232,144.5968,2025.8475	460.47913,199.52422,2126.7827	423.15176,197.159,2076.619	416.2647,287.2368,2043.421	460.47913,199.52422,2126.7827	496.0862,201.78043,2176.9465	505.38458,273.62756,2165.0432	443.9331,249.66475,2225.1035	406.74115,295.53546,2291.3892	415.25323,407.95963,2163.1567	450.23407,295.58716,2355.4595	423.2359,523.66223,2111.91	466.7485,404.41922,2224.1113	406.74115,295.53546,2291.3892	475.92566,514.3772,2195.4075	513.6707,347.62277,2066.1125	486.33875,349.89108,1946.9683	
478.36133,145.6623,2035.9797	459.18658,200.4096,2133.1184	422.21768,197.76889,2081.1145	414.27136,286.05743,2048.2026	459.18658,200.4096,2133.1184	494.39584,202.92465,2185.1223	503.42447,274.22336,2174.0312	442.47675,250.67339,2228.5142	405.2259,296.67603,2290.7002	413.642,409.21356,2163.4272	448.4341,296.94122,2357.1196	421.68698,524.6355,2115.12	463.5581,405.87842,2225.682	405.2259,296.67603,2290.7002	471.29565,513.50397,2216.4907	511.9328,348.26993,2071.1042	483.81183,349.33313,1953.7622	
476.70496,146.44547,2042.0508	457.90027,200.84795,2138.2075	420.96405,198.00986,2086.4102	413.06458,285.56818,2052.1167	457.90027,200.84795,2138.2075	493.0893,203.55177,2190.0044	501.63434,274.44296,2183.5298	441.22217,251.11116,2232.4458	403.97845,297.0451,2293.609	414.0022,409.33533,2175.304	447.19736,297.55313,2359.7593	421.22443,525.93317,2107.489	462.88846,406.3487,2234.8184	403.97845,297.0451,2293.609	467.08438,510.62308,2249.2375	510.0067,347.4865,2075.015	481.99255,348.67877,1958.297	
475.60712,146.52844,2044.5646	456.82953,200.8579,2141.7998	419.79065,198.00462,2090.9692	411.46503,283.8545,2057.5586	456.82953,200.8579,2141.7998	492.15106,203.57887,2192.6304	498.6794,273.8023,2194.245	440.22763,250.92513,2237.0044	403.02618,296.6037,2299.749	413.46927,408.53546,2184.1763	446.33337,297.19745,2364.669	422.39606,525.2716,2108.6973	461.25623,405.69702,2251.9116	403.02618,296.6037,2299.749	466.55157,510.52823,2256.2478	506.14655,346.34363,2087.2815	478.8922,347.2215,1962.8368	
474.96817,146.08267,2056.3481	456.65613,200.58096,2148.96	419.71368,197.65964,2098.3228	411.27783,284.77084,2062.2832	456.65613,200.58096,2148.96	491.8977,203.36777,2199.5972	497.03683,273.60565,2200.1296	440.4699,250.935,2241.1484	403.6125,296.9683,2301.0002	414.26917,408.86444,2184.45	446.9128,297.64264,2365.6736	424.4917,526.00916,2103.8105	462.39062,406.07288,2255.493	403.6125,296.9683,2301.0002	466.28497,511.75116,2252.522	502.6576,345.85056,2096.553	478.7916,347.17865,1962.742	
474.0365,146.44601,2061.7307	455.76114,200.71194,2153.693	418.63443,197.3464,2105.0576	410.03348,284.721,2068.65	455.76114,200.71194,2153.693	491.24805,203.92882,2202.3286	495.1964,273.20212,2206.0696	439.51398,251.0216,2245.1013	402.46545,296.73486,2305.4458	412.39932,408.33624,2197.753	446.0314,298.03757,2367.5732	422.66995,525.80237,2102.728	459.89926,406.47278,2261.7576	402.46545,296.73486,2305.4458	465.52032,512.6013,2252.2747	497.96396,345.9134,2112.2534	476.8211,347.03503,1963.1091	
472.43506,147.2562,2064.9077	454.47556,201.2339,2157.9436	417.03122,197.82079,2112.1172	408.4447,284.5631,2071.8198	454.47556,201.2339,2157.9436	490.3626,204.50507,2203.77	492.73822,272.37476,2212.779	438.5557,251.3779,2250.2373	401.66794,296.7992,2313.2627	410.93634,408.08514,2201.43	445.56427,298.32303,2371.7993	422.1826,523.7316,2124.7075	458.91565,406.54333,2270.6826	401.66794,296.7992,2313.2627	466.49286,512.87,2255.1042	494.75397,345.44586,2124.8994	475.89136,346.16708,1968.9077	
471.57452,147.2417,2066.993	453.49725,201.16595,2161.5078	416.02808,197.68333,2116.1965	407.8453,284.9955,2075.4045	453.49725,201.16595,2161.5078	489.42773,204.50555,2206.819	490.45483,273.00708,2219.1917	437.47418,251.03966,2255.1287	400.5193,296.1033,2319.8164	409.71912,407.05133,2200.6677	444.39713,297.75125,2377.6826	417.09735,520.46216,2149.0977	457.37408,405.71222,2275.6528	400.5193,296.1033,2319.8164	465.48993,511.95807,2258.6274	492.57892,346.383,2139.1829	475.16992,346.7373,1969.7076	
469.79922,147.54584,2069.0571	451.71558,201.30646,2165.509	414.39136,198.33563,2119.0938	407.31894,285.02628,2079.1912	451.71558,201.30646,2165.509	487.4734,204.15262,2211.9243	489.2364,273.00214,2225.3525	435.94516,250.84122,2261.3809	399.3709,295.82977,2327.61	406.9952,406.4317,2209.4534	442.9956,296.85086,2386.8953	416.9402,519.10645,2160.1946	454.58875,404.41525,2284.9434	399.3709,295.82977,2327.61	466.63074,510.29208,2263.744	490.13312,346.4204,2152.9258	474.51312,347.05377,1977.1023	
468.7645,147.92397,2069.58	450.659,201.31133,2168.5515	413.61487,198.81085,2120.0813	406.3442,285.8599,2081.5857	450.659,201.31133,2168.5515	486.0833,203.70247,2217.0217	488.02594,271.99496,2231.0583	434.97665,250.59036,2265.9844	398.68353,295.60886,2332.4607	405.15524,405.9932,2213.6946	441.92477,295.99863,2394.3738	417.72852,518.95996,2157.4133	452.50385,403.21753,2293.1584	398.68353,295.60886,2332.4607	466.70728,510.29218,2254.3406	488.14484,345.30994,2162.8376	474.1434,347.15228,1986.417	
467.92993,148.24011,2074.333	449.938,201.34058,2172.914	413.37784,199.15544,2121.28	405.4257,287.09644,2083.2795	449.938,201.34058,2172.914	484.80093,203.42427,2224.548	485.425,271.20667,2238.8645	434.119,250.4501,2270.6138	397.9658,295.5699,2335.3342	405.08014,405.79852,2214.035	440.65012,295.44745,2401.2927	416.65622,518.16846,2165.0354	451.04053,402.3676,2296.3374	397.9658,295.5699,2335.3342	463.675,508.1426,2270.0757	486.8435,344.3647,2171.4229	473.5845,347.69232,1988.7908	
466.94092,149.02429,2080.7207	449.05035,201.97282,2178.229	413.09406,200.24399,2122.843	403.82214,286.78674,2088.6409	449.05035,201.97282,2178.229	483.22345,203.61594,2233.615	483.52768,272.20334,2246.9304	433.29907,251.04344,2275.1045	397.51093,296.52777,2336.602	404.46143,406.72824,2221.849	439.5312,295.69626,2407.358	417.81113,520.18567,2154.9402	448.77502,402.27576,2310.4343	397.51093,296.52777,2336.602	460.69272,508.14694,2278.106	485.41895,345.07736,2170.7913	470.5788,347.87103,1995.1333	
465.8697,149.27023,2085.9182	448.19794,202.06929,2182.7644	412.54828,200.63084,2125.5925	402.84308,286.53052,2095.8215	448.19794,202.06929,2182.7644	482.0278,203.4343,2239.9363	482.54446,272.94675,2251.473	432.6302,251.13098,2279.0996	397.17297,296.84793,2338.931	403.81064,406.95297,2226.6213	438.83698,295.59784,2411.9387	417.98306,520.6256,2154.3079	447.38568,401.93604,2318.8147	397.17297,296.84793,2338.931	454.9448,505.40527,2307.1853	484.7031,345.76056,2172.2847	468.72757,347.73932,2002.2795	
464.646,149.43849,2090.0066	447.28458,202.17084,2186.9495	411.72955,200.89761,2129.3845	402.31384,286.3847,2100.3958	447.28458,202.17084,2186.9495	481.01584,203.37875,2244.5144	482.1772,273.0592,2253.7434	431.8863,251.13933,2283.4565	396.64316,296.87164,2343.2085	403.1911,406.75446,2233.5364	438.18887,295.4237,2416.7188	417.38513,520.62744,2154.75	444.79025,401.3595,2334.0305	396.64316,296.87164,2343.2085	451.1549,504.59433,2319.8389	483.6138,345.1411,2174.6492	467.73572,347.63486,2005.362	
463.3199,149.45508,2093.0464	446.3645,202.16858,2191.1846	410.7378,201.18793,2134.3787	401.52042,287.0645,2105.6958	446.3645,202.16858,2191.1846	480.1906,203.09966,2247.9905	481.0985,271.58768,2263.857	431.39227,251.01318,2288.5425	396.5324,296.7493,2349.6257	403.4651,406.3098,2239.0369	438.1193,295.02002,2422.175	417.3506,520.0194,2159.217	444.0097,400.55225,2346.561	396.5324,296.7493,2349.6257	450.68597,504.61023,2318.9058	483.75748,342.61688,2173.8386	467.22726,347.577,2008.8542	
461.8589,149.65247,2104.5898	445.6278,202.68665,2198.0576	409.97064,201.61566,2142.0906	401.06836,287.36307,2109.846	445.6278,202.68665,2198.0576	479.51422,203.70444,2254.0247	480.39838,272.122,2269.4314	431.2185,251.84955,2292.1667	396.77386,297.9475,2350.5361	403.63162,407.51865,2241.066	438.49277,296.3459,2422.0156	417.80255,522.1489,2147.559	443.83875,401.86044,2349.8677	396.77386,297.9475,2350.5361	450.29214,506.6995,2313.317	483.2469,342.8502,2173.2302	466.99408,347.54987,2012.0686	
460.68402,149.34299,2109.8513	445.03815,202.65424,2203.0332	409.27588,201.9172,2148.272	401.34924,288.17322,2112.9294	445.03815,202.65424,2203.0332	479.0656,203.35553,2257.7944	480.47412,270.31973,2275.2048	431.39236,251.93088,2296.4211	397.5882,298.3333,2354.837	404.1018,407.7238,2245.4404	439.42575,296.40744,2424.7812	418.11185,521.58374,2159.6265	444.206,401.63632,2358.5225	397.5882,298.3333,2354.837	450.8051,506.54047,2317.3738	484.43536,340.4966,2175.1304	468.43756,347.125,2019.7738	
459.38312,149.34357,2117.505	444.55762,202.65163,2208.4714	408.77216,202.03699,2154.4207	401.19897,288.21313,2118.4775	444.55762,202.65163,2208.4714	478.63327,203.2369,2262.5222	481.26874,269.04117,2278.1013	431.36438,252.00067,2300.8882	397.9464,298.5685,2358.7883	403.27,407.8156,2245.131	439.82968,296.5378,2427.8215	415.25977,519.77686,2182.3652	443.3233,401.60114,2363.0867	397.9464,298.5685,2358.7883	449.54736,506.8111,2316.5828	484.21982,339.57007,2181.0793	467.78036,347.41245,2022.8965	
458.54163,149.12119,2116.3054	444.02448,202.19077,2211.7769	408.19098,202.09573,2158.4417	401.03168,288.1246,2120.2222	444.02448,202.19077,2211.7769	478.1704,202.28134,2265.112	480.58386,268.39005,2280.5583	431.12094,251.08682,2307.8027	398.04782,297.3706,2369.7659	402.82593,406.03943,2255.633	439.85645,294.81833,2437.8914	412.22302,516.6835,2203.4475	441.0616,399.27438,2375.8118	398.04782,297.3706,2369.7659	450.01035,504.28177,2322.5518	483.49097,339.0161,2187.8967	467.33624,347.51248,2029.9121	
458.01373,148.32999,2122.2356	443.5627,201.80936,2216.3713	407.97403,201.78545,2161.755	400.89285,288.04428,2122.6074	443.5627,201.80936,2216.3713	477.4396,201.83212,2270.9878	480.3212,268.4125,2284.2922	430.6988,250.71996,2311.6675	397.7782,297.1251,2372.0852	400.82938,405.66055,2257.8474	439.32672,294.4292,2441.842	410.47302,516.4011,2203.9836	439.41595,398.82068,2374.6392	397.7782,297.1251,2372.0852	448.98303,504.2448,2316.6875	483.70813,338.87222,2190.0383	467.11032,347.52887,2033.8662	
456.71942,148.21014,2125.1787	441.89368,201.6969,2217.6528	406.70303,201.49384,2160.1372	400.57697,287.6684,2126.785	441.89368,201.6969,2217.6528	475.30505,201.88971,2275.1685	479.98444,267.76123,2289.1372	428.6072,250.65836,2311.6353	395.46667,297.13513,2368.8813	397.1654,405.81042,2254.252	436.62265,294.49353,2442.354	407.16708,516.0978,2206.9492	436.20734,398.95602,2371.4287	395.46667,297.13513,2368.8813	445.86087,504.73672,2311.0393	484.58,337.81158,2193.9294	466.87067,347.06717,2037.3406	
456.04306,148.83167,2129.144	440.69006,201.96512,2220.0872	405.89453,201.55072,2159.9578	399.60754,286.53354,2128.876	440.69006,201.96512,2220.0872	473.65045,202.35765,2280.2166	479.7464,267.6759,2292.5618	426.9529,250.91876,2312.818	393.56927,297.38382,2367.1475	396.15683,406.14655,2257.1316	434.3298,294.853,2443.9507	408.8933,516.14453,2208.7432	434.6598,399.34375,2370.872	393.56927,297.38382,2367.1475	446.58823,504.39975,2316.9521	485.97638,337.095,2195.6978	465.7002,345.78824,2042.7474	
455.085,149.01079,2135.137	439.6809,202.0497,2223.3035	405.39835,201.50096,2160.0322	400.4389,287.6496,2127.4258	439.6809,202.0497,2223.3035	472.06622,202.56808,2286.5747	479.5832,267.47406,2296.7769	425.75018,251.20528,2313.211	392.3858,297.9809,2362.7083	396.15964,406.96985,2255.5571	432.66064,295.42755,2443.5286	410.50037,516.9336,2206.8955	434.32864,399.94983,2371.8528	392.3858,297.9809,2362.7083	447.2061,505.17352,2314.8235	486.60162,336.5803,2198.5474	467.29547,345.7076,2045.3193	
454.62265,148.7225,2137.634	438.72247,201.79897,2225.791	404.77103,201.00258,2160.4863	399.49615,286.9834,2126.7002	438.72247,201.79897,2225.791	470.7384,202.54996,2291.0957	478.24442,267.75323,2298.8865	424.34143,250.91005,2314.8315	390.7076,297.58755,2362.171	395.68973,406.4854,2261.7139	430.65094,295.21936,2445.5732	409.27057,516.58997,2209.3381	433.83826,399.67175,2373.3389	390.7076,297.58755,2362.171	444.04526,504.1437,2326.3674	487.22894,336.11758,2203.8086	466.05,345.11182,2048.3467	
453.6867,148.13548,2144.8987	437.88907,201.47496,2229.4856	404.32098,200.50362,2162.0378	398.9904,286.49683,2127.3467	437.88907,201.47496,2229.4856	469.48578,202.38927,2296.9333	476.3511,267.30365,2306.952	423.5209,250.85641,2315.3145	390.0194,297.87833,2358.0713	396.12878,406.96982,2257.81	429.6299,295.57806,2444.2153	410.39893,517.2174,2205.4512	433.57318,400.05273,2373.9292	390.0194,297.87833,2358.0713	441.69348,503.61002,2338.1396	486.35187,336.0694,2212.5552	465.54245,344.57922,2051.1348	
452.53552,148.75772,2155.0317	437.11768,201.94958,2235.49	403.8791,200.8569,2166.4744	398.29288,285.82428,2128.674	437.11768,201.94958,2235.49	468.3654,202.97682,2304.5056	475.12482,266.8252,2311.488	422.90356,251.52808,2318.187	389.6443,298.8401,2356.8125	396.1773,407.95584,2261.018	428.9712,296.58365,2444.9556	410.9275,518.08215,2207.9595	432.52673,400.96686,2377.9668	389.6443,298.8401,2356.8125	439.92838,502.8584,2357.5425	484.58264,335.93152,2217.8528	465.45023,342.86133,2057.759	
451.37,149.05858,2160.6086	435.99234,202.16693,2239.6953	402.8827,200.83296,2170.0706	398.17825,285.7307,2130.3413	435.99234,202.16693,2239.6953	467.10553,203.42047,2309.32	474.80957,267.05408,2316.7644	421.5984,251.70805,2321.3315	388.2046,298.90363,2358.5076	395.11246,407.87204,2265.8914	427.43445,296.89957,2447.428	409.8242,518.1387,2208.7646	428.80865,400.88666,2388.6428	388.2046,298.90363,2358.5076	437.7524,501.45932,2375.5227	483.5574,336.2098,2225.1904	464.6466,343.31165,2057.7358	
451.18567,148.88992,2161.8647	435.50177,201.95576,2243.07	402.27637,200.60739,2174.3262	397.9234,285.52066,2132.6758	435.50177,201.95576,2243.07	466.75116,203.22394,2311.814	473.83423,267.3692,2324.2417	421.19302,251.39796,2325.1914	387.8272,298.4488,2363.4136	395.8094,407.11734,2270.7458	427.17633,296.52014,2451.212	411.28387,516.99524,2213.9712	429.0539,400.22534,2396.1055	387.8272,298.4488,2363.4136	438.1101,500.4112,2383.94	481.27222,336.34995,2226.8086	465.61975,341.59268,2063.71	
450.64868,148.53079,2163.9756	434.9029,201.52751,2246.4116	401.63013,200.1935,2178.1318	398.11133,285.6351,2136.3284	434.9029,201.52751,2246.4116	466.21262,202.78282,2314.6914	472.75098,265.80692,2337.0889	420.59882,250.81902,2329.4133	387.23306,297.68756,2368.8115	394.16113,406.0966,2277.068	426.61322,295.7842,2456.018	410.0422,515.81824,2217.632	426.37997,399.08444,2404.8174	387.23306,297.68756,2368.8115	438.56787,499.54498,2382.9487	479.57373,333.49298,2234.3027	466.25134,340.72113,2066.2659	
450.12805,148.30408,2170.6099	434.54477,201.16257,2251.5334	401.33496,199.66454,2183.2778	398.2342,285.61612,2141.1917	434.54477,201.16257,2251.5334	465.80032,202.57246,2319.789	472.4981,266.06894,2341.155	420.20135,250.41286,2333.829	386.8096,297.17578,2372.5361	393.42682,405.35645,2283.1453	426.1507,295.47116,2459.7134	409.7708,515.6052,2212.8657	428.50714,398.7331,2405.4592	386.8096,297.17578,2372.5361	436.37177,499.6374,2382.2456	477.9703,334.43472,2245.2212	466.5127,340.28683,2070.1555	
449.77917,148.33987,2173.8752	434.0285,201.03242,2255.1716	400.82233,199.40598,2187.1353	398.37646,285.7163,2145.093	434.0285,201.03242,2255.1716	465.28973,202.56361,2323.208	472.02292,266.069,2347.0278	419.53522,250.13261,2337.8389	386.00858,296.65695,2377.0571	391.65457,404.6339,2287.6829	425.34906,295.12845,2463.955	407.9034,514.1808,2222.8452	427.89685,398.33664,2406.3853	386.00858,296.65695,2377.0571	435.28964,499.30887,2383.0693	477.04407,334.46573,2250.683	466.73154,340.09845,2071.1787	
448.82877,148.5888,2178.0042	433.48615,201.29318,2258.9565	400.1875,199.84619,2191.7273	398.419,285.75604,2147.5564	433.48615,201.29318,2258.9565	464.86005,202.65656,2326.1858	470.70526,266.88647,2349.3796	419.48737,250.46669,2340.955	386.36508,297.17502,2380.019	390.93317,405.01508,2292.7134	425.80817,295.47885,2465.8882	407.01877,513.52686,2236.8342	428.47632,398.71802,2405.4575	386.36508,297.17502,2380.019	436.9109,499.8129,2380.9275	476.37958,335.4344,2254.2185	466.9082,339.83987,2073.967	
448.89178,147.738,2176.5378	433.34454,200.65675,2260.4163	400.0246,199.40295,2193.422	398.44467,285.91483,2148.7627	433.34454,200.65675,2260.4163	464.74628,201.83838,2327.4104	469.30908,266.83075,2353.4253	419.39694,249.65723,2344.1294	386.35907,296.23953,2385.0588	390.0809,403.8136,2298.1848	425.76883,294.35086,2470.6262	403.45776,511.78925,2248.2874	428.50995,397.52948,2404.4036	386.35907,296.23953,2385.0588	435.36813,497.7945,2389.4438	472.65143,335.70502,2270.0125	466.9862,339.6591,2071.9775	
448.26965,146.61511,2177.3306	432.8182,199.56857,2261.526	399.69855,198.58586,2193.3296	398.1717,284.77533,2149.8787	432.8182,199.56857,2261.526	463.9989,200.49377,2329.7222	467.80536,265.03717,2359.6187	419.06348,248.59732,2345.4702	386.32935,295.38907,2385.8608	389.87262,402.99103,2293.179	425.48718,293.1272,2472.9683	402.85272,510.66806,2249.437	428.4447,396.34662,2399.6973	386.32935,295.38907,2385.8608	434.57205,496.30698,2390.1345	472.17398,333.8155,2278.0698	466.871,339.09372,2072.399	
447.35217,146.96893,2183.7666	431.5415,199.69656,2263.3413	398.87866,197.93567,2192.438	397.69562,284.77667,2148.9146	431.5415,199.69656,2263.3413	462.22003,201.35046,2334.2446	466.3725,264.1214,2366.1052	416.93854,248.80188,2343.9392	383.5416,295.4134,2379.2427	387.1982,403.3526,2285.303	422.34644,293.89975,2469.8315	398.53223,511.4542,2242.9849	425.10422,397.3981,2391.3096	383.5416,295.4134,2379.2427	431.98816,497.4844,2383.6172	471.57916,332.82996,2288.2573	466.76038,338.7652,2073.7637	
446.94098,146.28085,2186.4568	430.7486,198.99712,2264.3206	398.59204,197.03696,2190.4675	397.47412,284.519,2147.9404	430.7486,198.99712,2264.3206	460.87378,200.83344,2338.1736	465.53326,264.21414,2368.4927	415.77985,248.18988,2343.119	382.26694,294.91742,2374.7515	388.9145,402.84064,2285.6096	420.55762,293.47394,2469.083	399.4051,510.3267,2250.0605	426.69128,396.9046,2390.5942	382.26694,294.91742,2374.7515	432.8396,496.34427,2389.5647	471.34543,332.84732,2289.7324	466.69952,338.54004,2074.2083	
445.75394,146.57086,2188.821	429.505,199.22096,2264.991	397.54578,197.02734,2189.8394	397.55005,284.81894,2145.965	429.505,199.22096,2264.991	459.41156,201.2737,2340.1426	464.8568,264.0461,2370.6514	414.2531,248.42548,2342.6328	380.5454,295.10684,2372.289	388.49585,403.009,2287.669	418.65845,293.86392,2468.2603	398.86252,510.62158,2250.1572	426.43994,397.2962,2389.9692	380.5454,295.10684,2372.289	433.01233,496.91022,2387.4463	470.481,332.7737,2297.4302	466.7788,338.9611,2074.1777	
445.31137,146.77103,2189.377	428.72247,199.20157,2266.3088	397.1553,197.04044,2188.968	397.72095,284.9712,2144.9746	428.72247,199.20157,2266.3088	458.2062,201.22006,2343.6497	464.37192,264.77673,2372.6042	413.33755,248.41667,2343.1313	379.6937,295.21838,2370.5627	389.4378,403.07816,2286.8496	417.39572,293.82422,2469.345	399.50482,510.95758,2247.4097	426.7783,397.1646,2389.6826	379.6937,295.21838,2370.5627	434.0417,496.15976,2392.3743	470.1493,333.59552,2305.1775	466.87952,339.20517,2074.5427	
444.62473,146.88644,2190.7603	428.03354,199.28677,2267.2898	396.6084,197.23584,2189.0952	397.01642,284.38547,2143.9875	428.03354,199.28677,2267.2898	457.36334,201.20094,2345.4844	462.81097,264.3611,2376.2827	412.7998,248.56914,2343.4668	379.36655,295.55005,2369.713	389.68048,403.3828,2288.1685	416.90933,293.9792,2469.5747	400.15686,510.83792,2252.0444	427.2255,397.22192,2391.731	379.36655,295.55005,2369.713	434.50296,496.95886,2386.835	469.3848,333.03998,2308.5774	465.89957,338.39166,2080.2144	
443.60007,146.58655,2197.459	427.33795,199.22684,2269.9138	396.04395,196.99176,2191.095	396.4593,283.917,2145.496	427.33795,199.22684,2269.9138	456.53168,201.31192,2348.7327	460.4981,263.6363,2382.5198	412.4419,248.8337,2342.503	379.31006,296.18427,2364.7598	389.28192,404.2151,2286.7505	416.7914,294.7624,2465.4243	400.86523,512.36865,2243.2239	427.41913,398.1589,2389.1824	379.31006,296.18427,2364.7598	435.10455,498.37238,2380.698	468.79404,331.80453,2306.6897	465.1689,337.84216,2081.6482	
443.2006,146.47993,2199.7932	426.99463,199.09636,2271.765	395.7026,196.67667,2193.0234	396.18314,283.67484,2146.2717	426.99463,199.09636,2271.765	456.19006,201.35394,2350.5063	459.32712,263.2179,2385.4138	412.00018,248.69868,2343.7085	378.75345,295.95996,2365.3684	388.2882,403.94397,2289.0552	416.2635,294.758,2465.9358	400.5357,511.29727,2251.6863	426.98743,397.95398,2395.6628	378.75345,295.95996,2365.3684	434.98822,498.1536,2384.5605	467.1576,331.35162,2310.1736	464.7464,337.51123,2081.3926	
442.94672,146.13692,2201.4543	426.89966,198.8372,2273.5457	395.7526,196.63977,2194.126	395.88806,283.55304,2147.1338	426.89966,198.8372,2273.5457	455.9441,200.8863,2352.9653	458.71237,262.90814,2386.0317	412.14096,248.47014,2345.433	379.20483,295.9141,2366.6016	389.34,403.76846,2291.2905	416.53217,294.41934,2468.0396	401.64258,511.2634,2251.4866	427.636,397.4035,2400.6235	379.20483,295.9141,2366.6016	435.91623,498.14615,2381.873	466.34357,331.07013,2312.0938	464.51562,337.38428,2082.3496	
442.36737,145.69986,2203.287	426.4699,198.43396,2275.4038	395.38565,196.34055,2195.694	396.10522,283.73822,2148.5757	426.4699,198.43396,2275.4038	455.45004,200.38567,2355.1135	457.9508,262.46646,2388.5862	411.9695,248.14862,2346.6567	379.3046,295.76834,2367.0066	389.48398,403.655,2289.6687	416.5586,294.1325,2468.8127	400.65585,511.49774,2248.2717	427.6845,397.18652,2397.6787	379.3046,295.76834,2367.0066	435.2854,497.62384,2383.6465	464.13446,330.6119,2315.6587	464.79596,337.71457,2082.4065	
442.2559,144.51889,2209.7336	426.36487,197.65555,2278.4893	395.44055,195.28981,2198.18	395.3103,282.8319,2152.2932	426.36487,197.65555,2278.4893	455.18344,199.86018,2358.7986	457.5778,262.27118,2388.4294	411.89825,247.52428,2347.3198	379.28918,295.2488,2364.8628	388.79492,403.24316,2288.4773	416.43408,293.8836,2467.438	401.30505,511.05664,2246.4968	427.22794,397.0223,2396.2476	379.28918,295.2488,2364.8628	434.8839,497.86044,2378.905	463.98334,330.26462,2310.5203	463.00787,337.84207,2084.1667	
441.67642,143.5454,2212.9233	426.54785,196.4943,2281.709	395.67322,194.54564,2201.3809	394.98962,282.21835,2155.6592	426.54785,196.4943,2281.709	455.3225,198.3104,2362.037	457.3275,261.82922,2388.706	412.76917,246.49524,2350.331	380.85886,294.6075,2367.6519	390.37177,402.41934,2292.483	417.90002,292.75043,2470.2544	402.91855,509.74255,2253.3997	429.10538,395.7118,2398.8638	380.85886,294.6075,2367.6519	436.16315,495.76776,2388.3032	463.43402,329.8019,2310.3103	463.4464,336.25476,2087.8918	
440.72446,142.98743,2216.002	426.2328,195.92386,2284.2695	395.21512,194.04935,2204.8098	394.8282,281.77725,2157.339	426.2328,195.92386,2284.2695	455.16504,197.67236,2363.7292	457.07324,260.4603,2388.7922	412.84247,246.0138,2352.2993	381.21686,294.25903,2369.5857	388.11432,402.12054,2293.2708	418.4131,292.35663,2471.0725	402.80368,509.4114,2251.2654	427.3066,395.4906,2396.2888	381.21686,294.25903,2369.5857	435.2826,495.423,2387.3455	462.2391,328.462,2312.3894	463.62393,335.3635,2087.244	
440.0778,142.71869,2216.0422	425.60754,195.6144,2286.0437	394.51797,193.73894,2206.9707	394.53827,279.2524,2160.2002	425.60754,195.6144,2286.0437	454.6183,197.36444,2365.1167	456.98822,259.79193,2387.964	412.30792,245.68938,2354.0977	380.73004,293.90845,2371.6555	387.5223,401.758,2292.2542	418.00415,292.0317,2472.6477	401.78214,508.0544,2260.865	426.56616,395.14496,2396.9238	380.73004,293.90845,2371.6555	434.26556,494.7848,2390.7273	462.02072,327.88934,2314.5303	461.7058,333.7409,2091.541	
439.1444,141.48528,2222.0774	425.0036,194.81223,2289.4485	394.02216,192.91676,2209.9365	395.25668,278.02023,2160.1099	425.0036,194.81223,2289.4485	453.90527,196.58044,2368.9604	456.94128,259.41406,2387.7732	412.1211,245.09186,2355.143	380.95242,293.60986,2370.0605	388.6803,401.6287,2283.7573	418.1431,291.71506,2471.6147	401.91055,507.60925,2260.3984	427.4204,394.90558,2392.489	380.95242,293.60986,2370.0605	434.84113,495.0415,2383.574	461.91034,327.3601,2309.87	462.36884,333.37836,2090.7905	
438.30814,139.83392,2238.6006	425.02765,193.74706,2296.8894	394.27515,191.33058,2216.7751	394.95078,276.40793,2164.0247	425.02765,193.74706,2296.8894	453.70715,196.00064,2377.0037	456.85556,258.52185,2388.9084	413.00754,244.60185,2353.92	382.59695,293.7541,2359.7844	390.51913,402.1997,2276.7673	419.72723,292.37662,2462.1165	402.67096,509.3627,2246.7036	429.02887,396.0205,2382.5874	382.59695,293.7541,2359.7844	436.13922,496.31357,2376.3901	461.4472,326.43805,2311.7578	461.37402,331.6856,2093.5486	
437.69443,137.90125,2246.375	424.94214,191.80528,2302.0662	394.25406,189.50894,2221.9465	393.20883,273.55167,2169.5234	424.94214,191.80528,2302.0662	453.56592,193.94716,2382.1858	456.8258,258.07547,2388.8135	413.53464,242.83134,2357.374	383.72812,292.29858,2361.5178	390.37296,400.21844,2293.2676	420.78635,290.7698,2463.846	401.7566,507.44058,2255.2827	428.41873,394.04187,2395.9534	383.72812,292.29858,2361.5178	435.6925,494.19232,2385.565	462.86856,325.65982,2304.2314	459.2273,328.70584,2096.57	
436.46198,136.52808,2257.7568	424.67642,190.32661,2308.8958	394.12042,188.04291,2228.5134	392.24393,271.55606,2175.2705	424.67642,190.32661,2308.8958	453.17645,192.45667,2389.278	456.6579,256.26648,2391.8442	414.117,241.611,2360.1597	385.13162,291.52127,2360.091	390.1222,399.53058,2293.2397	422.09454,289.9421,2462.756	402.3277,507.25226,2249.2258	428.63736,393.2774,2395.8066	385.13162,291.52127,2360.091	436.00748,493.94946,2380.2397	463.37592,323.24753,2298.3113	458.10437,326.61746,2096.3245	
434.98944,134.47723,2263.9485	424.33142,188.63373,2314.2075	393.87878,186.85683,2233.6008	392.25537,270.0193,2179.1646	424.33142,188.63373,2314.2075	452.73413,190.29102,2394.8142	456.88666,254.19038,2394.4011	414.8973,240.09453,2363.9167	387.05804,290.55945,2362.1445	390.12234,398.2666,2302.031	423.86053,288.35876,2465.1074	403.71155,506.199,2249.0205	429.14243,391.5495,2399.836	387.05804,290.55945,2362.1445	436.8264,491.9013,2385.4814	464.91397,320.7537,2296.4534	458.39325,324.62854,2096.4385	
433.59848,133.02507,2280.037	423.82404,187.42978,2320.4702	393.42212,184.89352,2240.007	393.6243,268.7895,2176.029	423.82404,187.42978,2320.4702	452.18817,189.79604,2400.9333	456.83054,251.94814,2399.166	415.1122,239.2714,2360.8535	387.8091,290.05457,2349.8462	388.87103,398.1967,2293.8164	424.78635,288.71277,2452.6274	402.96396,507.43265,2229.4573	428.249,392.5728,2383.268	387.8091,290.05457,2349.8462	435.88507,493.47427,2370.5537	466.44733,317.4506,2289.981	460.52966,322.82114,2092.7512	
431.83966,131.55856,2295.5947	423.33398,186.02867,2327.3186	392.87598,183.06686,2247.5999	394.2365,267.7475,2176.4822	423.33398,186.02867,2327.3186	451.77448,188.7943,2407.0374	456.8351,251.22166,2401.2612	415.48132,238.1178,2360.3916	388.84738,289.18536,2342.5571	390.07755,397.46545,2291.941	426.05267,288.36682,2444.372	402.68094,505.84253,2240.036	429.151,392.354,2383.2876	388.84738,289.18536,2342.5571	435.70612,492.25024,2380.537	466.99976,316.2642,2286.9224	462.29254,320.69852,2100.6733	
430.53278,130.80002,2303.8645	422.15707,185.1051,2331.423	391.25653,181.58748,2254.4067	393.02957,265.4845,2178.2253	422.15707,185.1051,2331.423	451.08136,188.39774,2408.4395	456.76498,250.25131,2404.264	414.48737,237.2927,2359.9111	387.65945,288.2388,2339.2043	387.9296,396.33154,2296.3728	425.5612,288.23206,2437.594	400.17633,504.58316,2243.9993	427.67584,392.23468,2385.1453	387.65945,288.2388,2339.2043	433.79968,492.33426,2380.1282	469.2354,314.76468,2286.9468	461.07654,318.03232,2099.824	
428.6806,129.35287,2314.5022	421.18604,183.54321,2336.1711	390.14395,179.85437,2260.1428	392.23456,264.20544,2181.1023	421.18604,183.54321,2336.1711	450.27136,186.99954,2412.1995	456.75653,249.84756,2408.5022	414.22873,235.8467,2359.878	387.93835,286.9831,2335.0396	389.73187,395.08392,2296.0854	426.10397,287.2314,2432.13	400.38678,503.1931,2246.975	428.8645,391.1892,2386.949	387.93835,286.9831,2335.0396	434.85846,491.45667,2379.7324	470.21982,313.62836,2284.93	460.9088,315.85034,2097.6912	
426.93878,127.270805,2327.329	420.29187,180.9017,2342.503	389.13657,176.6799,2267.6282	390.4732,262.45383,2188.0286	420.29187,180.9017,2342.503	449.5172,184.86197,2417.3777	456.97556,248.18501,2412.754	413.76907,233.23555,2360.0332	387.7109,284.30582,2329.7473	389.28876,392.37097,2296.2944	426.19995,285.2701,2425.3796	399.15753,500.45184,2247.6309	427.95947,389.27112,2386.0042	387.7109,284.30582,2329.7473	434.44666,489.38422,2380.3499	470.43848,311.86526,2290.0752	459.6582,312.66357,2099.0115	
425.7436,126.8204,2334.749	419.3799,179.96622,2346.5002	387.81744,175.40756,2274.4268	390.2962,259.22736,2190.003	419.3799,179.96622,2346.5002	449.06128,184.25317,2418.5737	457.04584,246.06212,2417.6536	413.11984,232.2983,2359.891	386.98254,283.2529,2327.248	389.856,391.24945,2297.074	426.1192,284.7968,2419.316	397.81067,499.02902,2252.551	426.94635,388.60742,2389.9995	386.98254,283.2529,2327.248	434.6323,488.84033,2380.6987	471.62866,309.31937,2294.2847	459.1621,310.14523,2094.7207	
424.15057,125.34564,2344.916	418.97,178.16827,2353.025	387.27686,174.0145,2282.0366	390.86407,257.12576,2187.0078	418.97,178.16827,2353.025	448.80685,182.07874,2424.0132	457.82208,245.45337,2419.439	414.1673,230.51562,2361.7393	389.3504,281.90845,2325.1233	393.4408,389.62946,2301.327	428.69705,283.02637,2415.784	400.2971,497.9307,2248.5708	429.7584,386.62488,2393.928	389.3504,281.90845,2325.1233	437.5848,486.73413,2384.1035	472.47543,308.84265,2298.5562	459.51776,308.34592,2095.3264	
422.46945,124.98153,2357.034	418.4571,177.37912,2359.9834	386.72235,173.42227,2289.6636	390.01825,255.0041,2188.0078	418.4571,177.37912,2359.9834	448.3554,181.107,2430.3032	458.56042,247.37805,2416.7043	414.6849,229.6575,2364.334	390.8144,281.27094,2323.782	392.55304,389.19604,2297.7764	430.29044,282.19913,2413.5872	399.8463,496.7296,2255.3394	427.56195,385.63904,2394.468	390.8144,281.27094,2323.782	436.65094,485.68622,2383.9353	473.2837,310.79187,2286.8162	458.4729,305.77704,2094.806	
420.9413,124.775856,2371.0916	418.03595,176.70905,2367.363	386.34177,172.70947,2297.349	389.18808,253.54738,2189.0017	418.03595,176.70905,2367.363	447.9093,180.47882,2437.377	458.42136,245.96503,2422.4731	415.13678,228.84642,2366.0518	392.08148,280.52316,2320.0315	392.25613,388.46863,2297.2026	431.6394,281.54083,2409.4495	399.34854,496.14166,2253.8042	426.66376,384.84424,2394.9448	392.08148,280.52316,2320.0315	436.89297,484.88904,2383.1453	473.76453,309.8012,2297.0898	458.04297,303.56845,2095.2444	
419.502,123.815186,2378.139	417.9121,175.82106,2372.9783	386.46265,172.57045,2301.6836	388.83942,252.81245,2191.5442	417.9121,175.82106,2372.9783	447.5269,178.88205,2444.273	457.81317,245.4607,2431.32	416.3343,227.8913,2370.996	394.79184,280.03467,2323.474	394.06094,387.51834,2306.2722	433.9628,280.06216,2414.5537	399.83646,494.99026,2260.788	427.32758,382.8657,2403.7998	394.79184,280.03467,2323.474	437.70135,482.7389,2389.757	474.16275,308.75568,2302.4626	457.75916,302.39737,2088.3694	
