201.26886,147.86041,2137.9888	216.66379,201.92882,2177.6306	180.96448,210.49712,2221.468	164.36198,274.2513,2256.9353	216.66379,201.92882,2177.6306	253.82996,193.00847,2133.7932	265.76633,266.086,2083.1165	232.11923,253.96545,2216.1855	225.14175,308.17487,2281.9138	212.44835,409.23505,2317.1497	269.4849,300.1737,2227.5671	204.17036,511.6461,2287.9866	259.2664,406.0854,2242.5652	225.14175,308.17487,2281.9138	263.64,512.55817,2208.0972	240.48251,345.6043,2082.4136	173.57285,352.25427,2207.7854	
200.41852,147.8438,2139.1123	216.29486,201.48462,2177.927	180.75395,210.60858,2221.9612	164.39137,274.62592,2255.4702	216.29486,201.48462,2177.927	253.30257,191.9841,2133.8928	265.04083,265.8591,2086.0618	232.44728,253.36237,2215.8193	226.21332,307.78473,2281.0105	213.36386,408.7453,2317.7415	270.43542,299.10135,2226.4128	205.46832,510.61496,2293.6929	260.4945,405.0838,2241.8005	226.21332,307.78473,2281.0105	263.1906,510.29996,2219.8513	240.72534,345.6529,2082.7034	173.57803,352.2556,2206.31	
201.02977,147.77158,2139.1775	217.18503,201.31433,2176.5696	181.68323,210.88365,2220.4558	164.163,274.52698,2256.7468	217.18503,201.31433,2176.5696	254.14795,191.35117,2132.6833	264.92862,266.03375,2086.5332	233.73422,253.19055,2212.6875	227.89166,307.9675,2276.011	213.67722,408.3438,2318.487	272.1474,298.72144,2221.5999	206.49951,511.42285,2282.2292	261.19766,404.98322,2235.2922	227.89166,307.9675,2276.011	264.20956,509.97693,2218.4448	240.43481,345.54437,2083.6545	174.22261,352.27167,2204.9763	
200.68286,147.24936,2139.2012	216.40958,201.06488,2176.8625	180.81589,210.30305,2220.506	164.88333,275.22443,2258.3696	216.40958,201.06488,2176.8625	253.45969,191.44868,2133.219	264.32452,265.84775,2086.765	232.54965,253.03807,2213.5127	226.27148,307.68756,2277.2178	210.8411,407.27933,2324.6482	270.58926,298.84253,2223.108	202.55893,510.12057,2287.4312	257.36987,403.93652,2245.6455	226.27148,307.68756,2277.2178	261.93958,509.4754,2217.9875	240.55898,345.96637,2081.1506	173.92154,352.2787,2205.5688	
200.04471,147.2751,2139.7146	215.87662,201.07175,2177.584	180.54404,210.19775,2223.1067	168.7561,275.01785,2262.1897	215.87662,201.07175,2177.584	252.71799,191.55603,2132.0613	263.9215,266.0115,2088.3801	231.981,253.05334,2213.977	225.80121,307.60666,2278.5916	212.45001,407.71063,2323.742	269.8806,298.99258,2222.1487	203.3385,510.77704,2284.261	257.99982,404.01938,2247.9236	225.80121,307.60666,2278.5916	263.50803,510.16754,2212.6995	240.58328,346.26285,2080.5012	173.7461,352.27173,2206.2432	
199.6682,146.94022,2139.4702	215.68733,200.80565,2177.0637	180.22693,209.9723,2221.671	168.77934,274.5345,2264.0872	215.68733,200.80565,2177.0637	252.63129,191.2555,2132.4565	264.08212,266.39255,2087.1997	231.76259,252.82166,2213.316	225.4901,307.46204,2277.2197	211.69766,407.71646,2321.107	269.6927,298.75323,2221.9165	204.54526,510.64893,2285.4014	259.29956,403.80814,2249.4265	225.4901,307.46204,2277.2197	262.8624,510.45972,2209.3733	240.20056,346.06168,2085.0032	173.59737,352.2354,2207.1252	
199.87308,147.56442,2139.8557	216.04059,201.31631,2177.0356	180.53642,210.74817,2220.9353	168.30275,275.6202,2261.5486	216.04059,201.31631,2177.0356	253.0061,191.49626,2133.136	264.68576,266.5948,2085.6099	232.34538,253.29456,2212.416	226.26636,308.12054,2275.0107	211.9616,407.84528,2323.8833	270.54352,299.0426,2220.582	206.31767,511.25348,2282.582	259.70413,404.11804,2248.173	226.26636,308.12054,2275.0107	264.74973,510.78592,2208.0254	240.33228,346.3462,2084.4978	173.55235,352.2222,2208.4304	
200.17175,147.8805,2139.5486	216.48648,201.67429,2176.1846	180.9319,211.40753,2219.3594	166.36708,276.5861,2257.783	216.48648,201.67429,2176.1846	253.48044,191.54703,2133.0098	265.1531,266.54507,2085.8125	233.00156,253.66626,2210.0515	227.0916,308.7791,2270.6836	212.91306,408.6908,2319.769	271.474,299.28525,2217.1533	205.18057,512.38806,2276.52	259.9053,404.37183,2245.5322	227.0916,308.7791,2270.6836	264.92755,511.0183,2207.2039	240.01001,346.2508,2083.3547	173.54039,352.22064,2206.879	
199.8222,147.39224,2139.897	216.16379,201.09975,2175.841	180.63478,211.0159,2218.9065	166.9156,276.21268,2253.8962	216.16379,201.09975,2175.841	253.12762,190.78313,2132.7756	263.98773,266.93982,2085.4158	232.8808,253.06467,2209.4053	227.17804,308.27982,2269.666	211.92099,407.51422,2323.6304	271.545,298.55313,2216.273	204.35269,510.77264,2283.2122	258.33817,403.05493,2249.0488	227.17804,308.27982,2269.666	264.80258,509.4287,2210.5413	240.29755,346.44394,2083.7493	173.55489,352.22888,2206.141	
199.98636,147.59431,2140.5706	215.96774,201.36514,2176.149	180.45024,211.12811,2219.4985	166.1827,275.6026,2253.9583	215.96774,201.36514,2176.149	252.92902,191.20529,2132.7993	263.84088,267.27274,2085.7134	232.44534,253.41112,2209.1453	226.51605,308.6307,2269.0146	211.83197,408.23648,2320.7603	270.89172,299.1056,2215.2686	203.18338,510.9429,2286.611	257.92145,403.81985,2246.6855	226.51605,308.6307,2269.0146	263.58716,509.82974,2213.757	240.4216,346.58667,2083.308	173.54247,352.23712,2207.1052	
200.06323,147.48378,2133.4058	216.03464,201.3541,2173.7424	180.51782,210.47993,2218.4138	165.64836,275.76382,2257.013	216.03464,201.3541,2173.7424	253.04184,191.84529,2129.071	262.8714,267.26202,2088.3367	232.26413,253.30196,2211.8313	226.1073,307.76007,2277.6174	212.5149,407.33533,2327.9775	270.32532,299.11545,2222.223	202.93616,508.78976,2301.9304	258.30457,403.82877,2251.4397	226.1073,307.76007,2277.6174	263.45874,509.06897,2224.2305	240.4554,346.6352,2083.5667	173.56133,352.24564,2207.612	
200.08003,147.3406,2136.825	215.43427,201.3356,2175.7373	180.01143,210.0844,2221.3416	164.283,275.34857,2257.5134	215.43427,201.3356,2175.7373	252.37384,192.21222,2130.133	263.01923,267.5644,2087.6667	231.33417,253.28946,2214.8303	224.92215,307.4551,2282.1936	211.55453,408.32874,2318.079	268.99573,299.32513,2225.653	201.66089,507.85016,2312.181	257.3711,404.39752,2249.6687	224.92215,307.4551,2282.1936	261.97235,509.92258,2220.9524	240.42438,346.69635,2084.5515	173.56567,352.24042,2209.3865	
200.1683,147.47565,2138.0374	215.71274,201.43584,2175.5461	180.25592,210.4912,2220.5125	164.61787,275.27136,2257.7622	215.71274,201.43584,2175.5461	252.6662,191.99826,2130.5798	263.21475,267.44424,2086.8418	231.89117,253.35774,2213.7935	225.72415,307.73514,2279.9153	212.75682,408.79218,2315.892	269.86227,299.19116,2224.1663	204.93117,510.23856,2295.0127	259.5895,404.6302,2246.5278	225.72415,307.73514,2279.9153	264.66766,511.19833,2208.3262	240.46194,346.7534,2085.2603	173.57993,352.24213,2210.4832	
199.94073,146.83398,2138.141	215.7467,200.81813,2175.7058	180.1816,210.17502,2219.4138	163.9865,274.4749,2257.3857	215.7467,200.81813,2175.7058	252.77002,191.07759,2131.9978	263.02267,266.77435,2090.9302	232.1386,252.72586,2213.118	226.1177,307.34564,2277.6257	212.72446,408.10904,2317.0747	270.3863,298.36182,2223.4343	204.17192,509.84445,2293.3135	259.44537,403.3152,2250.8196	226.1177,307.34564,2277.6257	263.79285,510.2059,2207.2637	240.07358,346.43048,2088.8816	173.57544,352.24023,2208.7803	
200.61722,146.94797,2139.6926	215.63855,201.02496,2177.155	179.92824,209.64943,2220.7354	163.9023,274.17935,2258.694	215.63855,201.02496,2177.155	252.80771,192.04816,2133.5747	262.58475,266.4741,2090.472	231.1035,253.10889,2215.2903	224.12433,307.42374,2280.445	209.8494,407.51797,2323.761	268.49777,299.33926,2226.406	202.4921,509.46497,2296.1995	257.43414,404.51645,2249.5688	224.12433,307.42374,2280.445	261.96692,510.7991,2213.1523	239.96602,346.1609,2088.584	173.58116,352.23138,2208.6514	
201.05795,146.40443,2139.97	216.38307,200.58171,2176.043	180.44792,209.57661,2217.641	166.15828,274.5437,2259.3584	216.38307,200.58171,2176.043	253.7189,191.2362,2134.4448	262.68353,266.16302,2091.74	231.97603,252.75899,2212.0645	224.99475,307.538,2273.874	212.73997,408.52765,2314.1003	269.65613,298.89114,2222.2979	205.32614,511.04068,2285.6255	259.755,404.4851,2244.4011	224.99475,307.538,2273.874	264.54068,510.94647,2208.7434	239.71939,345.8916,2083.315	173.58513,352.2215,2208.349	
201.12772,145.87167,2139.603	216.05048,200.21548,2176.4648	180.15121,208.89096,2218.7715	166.34825,274.37845,2257.1846	216.05048,200.21548,2176.4648	253.37302,191.19608,2134.1582	263.28232,265.7376,2092.3691	231.29803,252.46494,2212.946	224.00836,307.0782,2275.652	211.36646,407.44763,2320.6885	268.6137,298.8653,2223.2024	203.0835,509.2347,2295.7454	257.38654,403.90186,2249.3433	224.00836,307.0782,2275.652	263.1695,509.94724,2214.7993	239.18385,345.18634,2079.2195	173.55486,352.2243,2212.4307	
201.9448,145.68277,2142.9177	216.29507,200.04343,2177.849	180.2124,208.4674,2219.0493	165.49886,273.23227,2259.0823	216.29507,200.04343,2177.849	253.76929,191.29459,2136.649	264.65622,265.261,2091.6865	231.08264,252.39307,2214.0059	223.25748,306.99622,2275.703	210.3167,407.76013,2316.64	268.0408,299.0341,2224.6223	204.31409,509.54034,2294.678	257.64233,404.22827,2249.337	223.25748,306.99622,2275.703	263.50735,510.0485,2217.1333	239.29637,345.13663,2075.045	172.89937,350.18475,2208.21	
203.35602,145.07874,2141.5725	217.19766,199.86731,2179.3076	180.92268,207.65234,2219.9084	163.83786,271.71008,2255.0432	217.19766,199.86731,2179.3076	254.84991,191.7867,2138.7068	265.41956,264.85083,2094.3333	231.25967,252.26144,2217.495	222.65195,306.44223,2280.854	210.28552,407.21912,2320.3906	267.54007,299.24054,2230.5112	204.24438,508.44775,2302.1096	258.20978,404.12003,2256.7878	222.65195,306.44223,2280.854	262.9457,510.81116,2211.8547	239.44658,344.7798,2075.4915	171.87047,348.4114,2204.3098	
204.28586,144.4286,2140.8982	217.80037,199.1359,2179.6711	181.31065,206.77658,2218.896	161.65375,270.32196,2252.0127	217.80037,199.1359,2179.6711	255.62747,191.21515,2140.4463	266.23706,263.94864,2096.661	231.70303,251.49748,2219.4585	222.84598,305.52167,2283.561	211.23926,406.8905,2317.0503	267.87067,298.43164,2234.9307	204.76904,508.2746,2298.5562	259.71313,404.21075,2249.2896	222.84598,305.52167,2283.561	262.56195,509.12665,2225.523	241.36884,344.008,2078.5781	170.53021,346.4234,2201.5505	
204.7706,142.83716,2140.055	218.24408,197.65366,2180.6726	181.40924,205.22256,2217.1958	160.54549,269.1415,2248.4944	218.24408,197.65366,2180.6726	256.3338,189.82687,2144.1494	267.19388,261.57632,2097.8237	231.897,250.0405,2221.1936	222.62944,304.08487,2284.3582	210.72534,405.69635,2314.8818	267.94565,296.94406,2239.071	205.11256,506.87442,2299.5151	259.11545,402.14545,2257.6628	222.62944,304.08487,2284.3582	262.28134,508.1603,2218.6895	243.23828,341.2727,2077.8215	169.61282,344.92267,2199.093	
206.35591,141.28598,2146.136	218.99258,196.33751,2182.813	181.87631,203.76364,2217.0493	158.50508,268.5085,2240.2285	218.99258,196.33751,2182.813	257.29172,188.67473,2148.5767	267.85312,260.09473,2099.906	231.9989,248.96588,2220.3687	221.95189,303.35788,2279.1484	209.44269,405.427,2306.6084	267.6225,296.2625,2236.7002	205.58276,506.3618,2297.2507	259.11267,401.9511,2251.391	221.95189,303.35788,2279.1484	262.06982,508.54523,2210.4692	244.37048,339.274,2080.0662	169.14816,344.076,2198.0132	
208.08572,140.65248,2154.6836	219.60892,195.72566,2185.6597	182.35901,202.79543,2218.9753	159.62146,268.15063,2239.0942	219.60892,195.72566,2185.6597	258.01202,188.43703,2152.344	268.05566,259.49,2101.464	231.69843,248.64026,2219.168	220.67323,303.31125,2273.3281	208.45346,405.2594,2305.15	266.60437,296.58847,2232.0244	205.42712,506.27808,2295.9287	258.15424,402.5885,2245.8113	220.67323,303.31125,2273.3281	261.05487,508.90085,2211.1155	245.06233,338.34848,2077.762	168.21368,343.52673,2196.466	
209.5779,140.24548,2166.9563	220.45578,195.01619,2190.2512	183.06517,202.13991,2221.7024	161.95563,268.80942,2243.5447	220.45578,195.01619,2190.2512	258.93585,187.6849,2158.8	270.31573,259.19745,2100.725	232.08717,248.08157,2218.999	220.51001,303.216,2267.244	209.36359,404.7155,2307.5178	266.73303,296.3032,2228.2498	206.75615,506.68628,2288.3523	258.82642,402.13806,2246.646	220.51001,303.216,2267.244	263.43018,508.79587,2207.1113	245.71445,337.76797,2077.9688	167.17741,343.6383,2193.3462	
210.8088,138.44858,2171.6108	221.74055,193.6269,2191.7627	184.11592,201.18759,2220.2915	162.51363,268.68698,2240.7954	221.74055,193.6269,2191.7627	260.35757,185.86679,2163.234	272.2335,258.8739,2104.8682	233.58293,246.7192,2217.6997	222.06332,302.36575,2261.3254	211.98622,404.0127,2304.2605	268.60663,294.7421,2225.948	206.61923,505.0573,2293.6267	260.44086,400.3932,2247.706	222.06332,302.36575,2261.3254	265.82846,506.57507,2212.0715	246.49939,337.4023,2074.1006	167.47002,343.76465,2188.5361	
212.5962,138.08951,2174.4548	223.68631,192.78807,2193.77	185.64142,200.80545,2217.0554	164.2739,267.90665,2234.928	223.68631,192.78807,2193.77	262.54752,184.59866,2170.4846	272.96805,258.42233,2109.4644	235.9175,245.77419,2219.2747	224.55968,301.7664,2259.2217	212.37628,402.57397,2308.399	271.4837,293.2916,2230.337	208.61732,503.4479,2298.5127	261.27777,398.0765,2257.3674	224.55968,301.7664,2259.2217	266.4606,503.95895,2219.8936	247.34085,337.65707,2071.806	168.25717,343.54922,2182.3538	
214.36948,137.36035,2181.3403	224.864,191.72868,2196.908	186.4894,199.81326,2216.0957	161.92917,265.35226,2229.9622	224.864,191.72868,2196.908	263.91486,183.50165,2177.7202	274.80157,257.33353,2116.224	236.83162,244.78133,2219.1265	225.04095,301.15652,2253.2393	210.1495,402.05353,2300.285	272.33395,292.36108,2229.4507	206.93564,502.3698,2298.743	259.43225,397.2188,2252.5571	225.04095,301.15652,2253.2393	264.17197,503.6767,2211.4805	250.06708,336.69202,2070.357	169.06671,341.62686,2177.7954	
215.95053,137.12558,2187.2817	226.3382,191.10623,2200.184	187.66936,199.1241,2215.6094	160.8707,263.3506,2221.9717	226.3382,191.10623,2200.184	265.55307,182.97514,2184.7588	277.49554,255.29521,2120.6047	238.0015,244.18996,2220.373	225.75443,300.76376,2250.1235	209.9453,401.17072,2301.783	273.35797,291.8322,2231.0005	207.07062,501.48224,2300.0137	258.72815,396.42175,2253.8904	225.75443,300.76376,2250.1235	264.9335,502.311,2217.0532	253.15393,334.28082,2066.867	170.29178,340.3762,2173.6533	
217.79959,135.87415,2188.236	227.58708,189.9459,2201.291	188.57191,197.60008,2213.1074	161.46356,261.6977,2217.4597	227.58708,189.9459,2201.291	267.02338,182.2091,2189.4746	280.50732,253.1848,2125.281	238.68341,243.12872,2221.317	225.70676,299.6876,2248.6677	208.89505,399.86487,2301.7039	273.61273,291.00638,2234.0178	206.72787,500.17993,2300.173	258.49246,395.5185,2255.6536	225.70676,299.6876,2248.6677	263.96545,500.51678,2227.4954	257.22156,332.05585,2063.3865	170.98239,339.227,2165.7332	
219.07706,135.45866,2189.2458	229.03055,189.49988,2202.528	189.71834,197.29066,2209.5046	166.93205,260.95892,2218.7336	229.03055,189.49988,2202.528	268.5926,181.65959,2195.5515	282.78122,252.10765,2133.6543	240.33475,242.56573,2224.7957	227.45029,299.11868,2251.389	210.33118,398.95798,2306.1418	275.47195,290.02353,2242.7375	208.75989,499.05316,2304.993	259.73984,394.06882,2264.1877	227.45029,299.11868,2251.389	265.85648,499.303,2228.5808	261.0258,331.07193,2062.9326	171.58186,338.75574,2160.607	
220.94571,134.3014,2195.7234	230.23804,188.13124,2205.0315	190.67517,195.6424,2208.3142	167.14186,260.49908,2216.342	230.23804,188.13124,2205.0315	269.91888,180.59769,2201.7488	285.4497,251.5412,2140.3167	240.9921,241.31142,2224.1501	227.42432,298.06866,2245.3037	208.0314,398.37088,2294.2515	275.7452,289.09344,2241.234	207.66034,498.74615,2295.288	257.65552,393.3182,2256.5056	227.42432,298.06866,2245.3037	264.601,498.74017,2222.205	266.1208,330.74243,2057.0312	171.82443,338.57098,2157.1687	
223.03693,133.13628,2205.4517	231.40477,186.94861,2209.2383	191.613,193.95172,2208.7808	166.35815,260.04382,2211.623	231.40477,186.94861,2209.2383	271.18005,179.9484,2209.6958	288.00583,250.71257,2144.6492	241.30428,240.24696,2223.5884	226.72992,297.16058,2237.6548	207.15558,397.31024,2291.0234	275.41757,288.56412,2238.2222	207.49362,497.44492,2295.4312	256.42953,392.63153,2255.394	226.72992,297.16058,2237.6548	264.0903,497.9018,2222.6602	270.34402,329.91504,2055.684	171.99332,338.4812,2151.5154	
225.06546,132.51494,2210.327	233.02182,186.31592,2211.5544	193.03564,192.98587,2207.5483	167.11028,258.66888,2205.291	233.02182,186.31592,2211.5544	272.8634,179.67007,2215.5605	290.8195,249.34831,2152.31	242.46542,239.65799,2225.0308	227.3451,296.5575,2236.0237	208.55705,396.45135,2293.9646	276.19138,288.1674,2240.9905	208.73676,495.85574,2303.5564	257.64493,391.88428,2261.8706	227.3451,296.5575,2236.0237	265.6601,496.64554,2230.953	274.86108,328.4974,2059.8235	172.7856,337.47476,2148.1914	
226.2895,132.07022,2212.7773	234.04031,185.8673,2213.7693	193.945,192.3957,2207.0042	167.0433,257.48978,2197.6377	234.04031,185.8673,2213.7693	273.8913,179.37866,2220.5344	293.57697,249.4637,2158.1533	243.30731,239.19582,2226.9688	227.96948,296.0888,2235.975	209.04947,395.8619,2294.9685	276.86926,287.71866,2244.3613	208.42976,495.29517,2303.9553	258.0362,391.41516,2263.1143	227.96948,296.0888,2235.975	265.42316,496.39938,2229.6494	279.13895,327.71262,2056.6106	173.13322,336.7605,2142.4365	
228.09897,131.16818,2220.483	235.27223,184.52524,2217.083	195.02855,190.5099,2206.979	169.62457,256.99054,2199.2817	235.27223,184.52524,2217.083	275.15076,178.59488,2227.187	296.76413,248.28873,2168.0664	243.80238,237.91602,2227.226	227.62315,294.7913,2231.105	207.98248,394.98248,2287.3108	276.7497,286.87628,2243.6333	207.44273,494.24973,2300.539	257.58765,390.59674,2261.9175	227.62315,294.7913,2231.105	265.34833,495.883,2225.2349	284.2774,325.02643,2056.0945	173.31198,336.35687,2135.848	
230.89667,130.16216,2224.8176	237.47853,183.64294,2219.783	197.05984,189.00055,2204.5679	167.41966,254.61224,2185.5916	237.47853,183.64294,2219.783	277.3469,178.35829,2234.998	299.22678,248.33492,2181.9976	245.25034,237.09093,2228.2085	228.21841,293.87613,2227.1985	209.75893,394.71735,2281.5837	277.50082,286.42776,2246.0696	207.63693,493.1092,2303.4163	258.67242,390.12738,2264.045	228.21841,293.87613,2227.1985	266.95853,494.89795,2231.3772	292.0498,323.6219,2052.5847	174.7744,333.2727,2130.2346	
233.3966,130.71664,2227.011	239.68564,183.9624,2222.0298	199.18651,189.03458,2202.3772	167.59369,253.00131,2180.2795	239.68564,183.9624,2222.0298	279.47467,178.97919,2241.6824	302.0419,247.17099,2191.9822	247.16275,237.39775,2230.7434	229.83786,294.1087,2227.2742	210.95746,395.22717,2278.4045	279.05774,286.76578,2251.64	209.19275,492.45172,2310.3953	260.04443,390.34973,2267.3855	229.83786,294.1087,2227.2742	268.0064,495.45795,2229.5095	299.2555,321.62048,2052.6318	175.97281,330.521,2123.153	
235.78961,129.4358,2234.105	241.13919,182.87218,2225.066	200.57512,187.27885,2202.7288	168.41557,251.94023,2176.5994	241.13919,182.87218,2225.066	280.8969,178.5531,2247.403	305.58508,245.65103,2202.9927	247.81784,236.33821,2229.47	229.60704,292.969,2220.029	210.03964,394.66455,2267.8748	279.02698,286.2594,2247.719	206.92012,491.4823,2305.9128	259.60248,390.4012,2257.7466	229.60704,292.969,2220.029	265.7912,495.88586,2222.2253	307.18076,318.25684,2056.44	177.46466,328.96075,2110.591	
237.90979,129.00095,2230.6377	242.85474,182.7388,2225.5117	202.2115,186.52684,2200.1182	169.56265,250.74777,2172.2812	242.85474,182.7388,2225.5117	282.58093,179.03622,2250.9053	308.66632,244.76802,2214.9463	248.76161,236.2727,2232.892	229.7951,292.5314,2224.5312	211.18625,393.76657,2276.5586	279.1175,286.4193,2256.0137	207.33075,489.8,2317.6738	259.70877,389.62115,2272.8306	229.7951,292.5314,2224.5312	265.97327,495.1339,2228.352	313.56387,314.84177,2057.9995	178.19789,328.12158,2104.6274	
239.97931,128.63945,2235.4236	244.22346,182.32996,2226.9834	203.54077,185.46016,2199.8774	171.50711,250.69426,2168.6174	244.22346,182.32996,2226.9834	283.9277,179.27504,2254.0894	310.20102,245.22925,2220.469	249.32347,235.9185,2232.3315	229.49785,291.98163,2220.8784	211.28372,394.1909,2266.1536	278.92923,286.56085,2254.481	206.975,490.42328,2308.8276	260.18512,390.81458,2259.876	229.49785,291.98163,2220.8784	265.6328,496.45416,2221.9746	320.07867,313.0138,2057.4128	179.19707,328.81192,2104.6365	
241.79233,128.32266,2237.8142	245.45686,181.86565,2227.7993	204.74731,184.38188,2197.9414	173.11696,250.40746,2166.276	245.45686,181.86565,2227.7993	285.08963,179.41597,2257.6572	311.12097,244.66647,2228.7322	249.88416,235.49237,2229.7747	229.31505,291.46948,2213.2402	212.2196,393.7936,2262.8674	278.88107,286.6191,2250.2598	206.5017,490.11887,2305.2078	260.37668,391.28833,2253.7073	229.31505,291.46948,2213.2402	265.77,497.34302,2214.8127	326.9709,309.2352,2061.9355	180.90901,328.91968,2098.5288	
243.82132,128.56412,2239.515	247.02762,181.81458,2228.546	206.32439,183.8764,2196.2712	172.51523,249.08546,2160.1196	247.02762,181.81458,2228.546	286.56873,179.81161,2260.8206	313.00296,244.3839,2235.862	250.97379,235.46034,2228.6377	229.90228,291.34436,2208.7231	213.72263,393.11377,2266.7456	279.49182,286.89893,2248.7358	206.66228,489.5197,2306.618	261.7319,391.5158,2255.6948	229.90228,291.34436,2208.7231	266.53183,497.52975,2216.7354	334.01834,306.04486,2064.4238	182.69101,327.84668,2094.673	
245.36722,128.72253,2240.374	248.73221,181.81706,2229.7893	208.11313,183.78154,2193.7551	173.93854,248.82607,2155.055	248.73221,181.81706,2229.7893	288.05936,179.91507,2265.8235	313.9337,244.50455,2239.9302	252.66386,235.44357,2230.984	231.67065,291.30548,2209.8376	215.19955,392.6074,2271.267	281.01807,286.76532,2254.5193	207.85022,489.0453,2309.4656	263.404,391.2442,2260.125	231.67065,291.30548,2209.8376	267.3195,496.86093,2223.6917	341.8539,301.48868,2065.7869	184.486,328.2245,2090.1423	
246.57242,129.43181,2242.2861	249.7405,182.55515,2230.2246	209.17212,183.97566,2190.6868	173.68748,247.78123,2147.9998	249.7405,182.55515,2230.2246	288.8955,181.18411,2269.7625	315.0544,244.29663,2244.4512	253.12592,236.19997,2229.4116	231.5908,291.95288,2204.0862	213.32156,392.9021,2267.627	280.89453,287.86,2253.111	206.20462,490.53693,2298.0503	261.32175,392.2431,2255.986	231.5908,291.95288,2204.0862	266.00046,498.2358,2217.3257	349.42984,296.07025,2068.6226	184.68681,327.65173,2086.8945	
248.38626,130.12833,2248.748	250.93086,182.86862,2231.463	210.43889,183.67929,2189.0637	174.97508,247.26971,2141.4685	250.93086,182.86862,2231.463	289.91278,182.0882,2273.862	317.79468,244.31831,2246.2312	253.78067,236.47662,2226.3418	231.67792,292.1198,2194.937	213.57413,393.3413,2260.129	281.02542,288.58557,2247.5044	206.17912,490.66083,2295.106	261.6164,393.0736,2253.0857	231.67792,292.1198,2194.937	266.35977,499.8419,2207.212	356.9479,292.35608,2073.0608	186.60782,327.1725,2079.1516	
250.64108,129.59315,2251.4749	252.73595,182.0746,2232.8936	212.37354,182.30106,2187.3965	176.89488,246.60773,2137.2092	252.73595,182.0746,2232.8936	291.48636,181.8572,2278.3906	319.7995,244.45804,2249.104	255.05432,235.65793,2225.9282	232.46376,291.1019,2190.758	215.63629,392.01917,2262.3965	281.68512,288.0917,2247.1677	206.14532,488.46878,2301.4792	263.438,392.51022,2256.5845	232.46376,291.1019,2190.758	265.89288,498.8346,2214.6956	364.821,287.14243,2079.3193	189.57593,326.6593,2069.9824	
252.7629,129.25305,2252.8518	254.98062,181.63844,2234.746	214.86426,181.64081,2184.886	178.40042,246.83797,2127.0994	254.98062,181.63844,2234.746	293.34598,181.63617,2284.6062	321.9433,244.6528,2253.5486	257.23492,235.18753,2227.9558	234.75461,290.5818,2190.251	217.9265,391.1938,2264.921	283.5719,287.58798,2252.08	207.27525,488.07465,2299.2705	265.55627,391.82025,2261.5625	234.75461,290.5818,2190.251	266.32706,497.75778,2221.7554	371.62814,280.67844,2084.511	191.87323,327.32816,2058.6917	
254.84305,129.50864,2254.0315	256.82956,181.54985,2235.3945	216.86734,181.15263,2182.924	181.93822,247.62865,2123.0352	256.82956,181.54985,2235.3945	294.9588,181.92883,2287.865	324.54126,243.72534,2257.7622	258.69373,235.09848,2228.351	235.92229,290.33752,2188.7854	217.20744,390.7975,2262.213	284.50577,287.6749,2253.8298	206.15375,487.45816,2298.7861	264.94135,391.6633,2261.649	235.92229,290.33752,2188.7854	265.53113,498.26328,2214.2217	377.7886,274.9927,2095.0566	194.31885,327.9303,2050.0354	
256.6243,129.19019,2256.6223	258.17624,181.22955,2236.9602	218.44052,180.39476,2181.168	184.97765,247.08224,2119.5015	258.17624,181.22955,2236.9602	295.9781,182.02371,2292.7524	326.08606,243.76509,2262.8733	259.71832,234.73499,2228.6167	236.73825,289.82587,2185.6855	217.43222,390.29376,2259.4585	285.0531,287.4955,2254.8608	206.35677,487.1147,2295.833	264.596,391.55945,2258.758	236.73825,289.82587,2185.6855	265.41513,497.8865,2216.1465	382.97327,269.7275,2110.867	196.73044,327.12125,2044.7179	
258.0014,129.24301,2256.4143	258.98358,181.13263,2235.84	219.34406,179.66449,2178.205	185.83806,246.27412,2113.7327	258.98358,181.13263,2235.84	296.63083,182.52698,2293.475	328.24176,244.1629,2268.4229	259.82587,234.66577,2226.4502	236.1673,289.5046,2181.3347	216.5057,390.51175,2251.8086	284.406,287.8272,2252.786	204.45453,486.62445,2294.5027	264.13174,391.9301,2258.0554	236.1673,289.5046,2181.3347	263.72476,498.52774,2213.0613	387.60577,264.78137,2121.4822	198.6438,326.49304,2042.614	
259.59106,129.6477,2268.8215	260.2923,181.23317,2240.0835	220.82065,178.96252,2181.609	186.5266,245.33255,2108.329	260.2923,181.23317,2240.0835	297.75568,183.38829,2298.558	331.59695,244.86491,2271.2412	260.5264,234.54063,2224.5645	236.20364,288.97498,2172.7966	217.59949,390.37634,2245.2798	284.53082,288.23145,2245.2942	205.30833,485.86237,2294.0652	264.62454,392.66278,2251.9333	236.20364,288.97498,2172.7966	264.66235,499.2756,2210.2957	393.7815,261.19308,2132.6794	200.86334,324.6388,2035.2964	
260.81537,129.62871,2269.0144	261.177,181.35394,2240.0396	221.82321,178.47722,2180.2603	186.57976,244.72897,2101.153	261.177,181.35394,2240.0396	298.48492,184.08112,2299.8188	336.82175,244.96707,2272.103	260.658,234.67163,2224.3115	235.62112,288.79095,2171.5276	217.28355,389.4762,2250.6265	283.8332,288.7079,2245.6394	204.72331,485.42438,2294.5066	264.53784,392.72052,2258.701	235.62112,288.79095,2171.5276	264.05917,499.11685,2215.9683	401.1277,256.90048,2137.0366	203.9202,322.83936,2028.4092	
262.59686,129.69969,2268.6077	262.58105,181.42497,2240.1653	223.51865,178.1098,2177.0757	186.82726,243.88217,2094.558	262.58105,181.42497,2240.1653	299.5035,184.55853,2303.255	340.29626,246.0248,2275.0337	261.67648,234.74414,2224.335	236.42125,288.70154,2169.3884	218.79294,389.58685,2248.9663	284.2495,288.94943,2247.6208	206.63043,485.6682,2292.8943	266.3945,393.28046,2258.6924	236.42125,288.70154,2169.3884	265.11392,499.7396,2215.4104	406.11432,253.34006,2145.898	205.68054,321.52148,2026.1152	
263.70648,129.85454,2268.916	263.44543,181.42017,2239.9504	224.61186,177.82843,2174.2546	189.04243,243.6025,2087.2698	263.44543,181.42017,2239.9504	300.066,184.8072,2305.6462	342.47168,245.65054,2283.0125	262.3448,234.7433,2223.9292	237.0355,288.62512,2167.1838	218.99402,389.30225,2248.6355	284.54456,289.04767,2248.632	206.82436,485.77747,2289.9363	266.15286,393.39606,2257.7668	237.0355,288.62512,2167.1838	265.24265,499.89014,2214.6565	408.86176,248.38779,2160.0781	207.41158,321.5868,2020.6467	
264.55347,130.05095,2269.0735	264.1397,181.4619,2239.501	225.43903,177.67905,2172.3562	190.24976,243.87352,2085.127	264.1397,181.4619,2239.501	300.58734,185.0245,2306.6458	343.2711,245.45749,2290.0085	262.87848,234.79358,2223.3464	237.48695,288.61874,2165.5737	218.76297,389.1635,2247.5728	284.8181,289.1825,2248.81	206.70407,486.33093,2284.3362	266.83167,393.6897,2256.7607	237.48695,288.61874,2165.5737	264.8566,500.01196,2216.0417	408.86618,242.75368,2167.9038	209.87714,321.0882,2015.234	
265.39154,129.81996,2269.6506	265.0598,181.2541,2239.6326	226.59816,177.30516,2170.1646	192.40384,244.84717,2080.0564	265.0598,181.2541,2239.6326	301.20724,184.96545,2309.1006	345.027,244.72977,2295.503	263.70065,234.58737,2223.7766	238.36554,288.36975,2164.8555	219.41034,388.70444,2248.4998	285.36176,288.99146,2250.9858	206.93245,485.62408,2286.4348	266.64978,393.15723,2260.367	238.36554,288.36975,2164.8555	265.79788,499.62946,2215.899	410.3644,238.54063,2180.1252	212.58841,322.45923,2007.1565	
266.46817,129.92511,2269.4397	266.25525,181.30185,2240.0999	228.03598,177.21167,2168.5728	194.03918,244.08844,2077.52	266.25525,181.30185,2240.0999	302.1093,185.1389,2311.627	346.99393,244.48671,2301.2505	264.79254,234.63098,2224.626	239.51535,288.36716,2164.8118	220.03564,389.15955,2244.056	286.16693,289.03384,2253.4924	207.19821,485.3629,2287.953	267.7105,393.2614,2261.159	239.51535,288.36716,2164.8118	265.50433,499.4922,2218.8953	412.34286,234.41966,2187.3796	214.04695,321.5853,2005.9463	
267.40106,129.62445,2269.8452	266.93307,181.18636,2240.1045	228.85843,177.00452,2167.3206	196.3459,243.57712,2073.2615	266.93307,181.18636,2240.1045	302.61136,185.105,2312.8884	349.60556,242.61528,2303.6372	265.56427,234.49019,2223.4639	240.4545,288.24072,2161.7063	219.62582,388.91028,2240.747	286.94467,288.94073,2251.9402	206.66199,485.58527,2282.2678	267.51645,393.37958,2255.3682	240.4545,288.24072,2161.7063	265.19693,499.6028,2216.321	415.32123,230.6215,2195.7976	215.5555,321.52066,2004.3081	
268.33478,129.6164,2269.5386	267.96158,181.11519,2240.4236	230.12996,176.75513,2165.7422	198.8918,243.31909,2071.1243	267.96158,181.11519,2240.4236	303.35245,185.19397,2315.105	351.48593,242.92679,2308.3198	266.48566,234.40681,2223.675	241.41489,288.09912,2160.629	220.79279,389.04053,2238.4478	287.5911,288.8987,2253.224	206.43059,485.0641,2283.608	267.2553,392.67618,2262.1426	241.41489,288.09912,2160.629	264.88535,498.97406,2218.5195	416.56448,227.29825,2204.3813	218.54074,321.09033,2000.6444	
269.31665,128.89062,2275.3936	268.83954,180.71432,2242.5857	231.29126,176.06088,2166.0598	200.67044,243.05612,2069.0608	268.83954,180.71432,2242.5857	303.9098,185.06067,2319.1116	352.66898,241.70816,2311.172	267.39786,233.88454,2223.2783	242.48651,287.44858,2156.5298	221.18808,388.8476,2231.268	288.38727,288.5014,2251.412	206.54855,483.8869,2284.8313	267.214,392.29825,2259.1396	242.48651,287.44858,2156.5298	266.7434,498.946,2212.999	417.10846,223.41267,2212.321	220.81924,320.7519,1996.4105	
270.67322,128.84018,2272.31	269.7011,180.6594,2241.1394	232.23976,175.72769,2164.0247	202.78223,243.19815,2067.5237	269.7011,180.6594,2241.1394	304.67023,185.263,2318.2542	355.8878,238.61383,2311.5808	267.85287,233.86478,2222.2056	242.57648,287.29556,2155.4697	220.78416,388.88507,2228.2244	288.3756,288.64438,2251.0737	205.21947,481.67703,2295.6975	265.83554,391.9369,2261.6755	242.57648,287.29556,2155.4697	266.80093,498.68823,2212.5625	420.47614,218.74934,2211.5422	221.94353,320.60037,1995.3425	
271.46774,128.54538,2270.267	270.28854,180.44635,2240.466	232.89877,175.34634,2162.8833	203.8685,243.26845,2067.2507	270.28854,180.44635,2240.466	305.17548,185.20497,2318.0488	357.23978,237.19226,2312.2878	268.1872,233.67036,2221.942	242.6971,287.01193,2155.3247	220.05228,388.3371,2228.685	288.40634,288.5334,2251.5107	206.0592,480.84515,2299.9329	266.16223,391.77124,2263.472	242.6971,287.01193,2155.3247	266.88525,498.73618,2210.8804	422.2276,215.94868,2217.4294	222.68399,320.25012,1994.0725	
272.28842,128.00134,2270.7437	270.80835,179.95148,2240.1777	233.49738,174.69875,2162.106	204.60675,243.44138,2068.1118	270.80835,179.95148,2240.1777	305.6063,184.85042,2318.2495	358.6706,236.85443,2312.1409	268.47748,233.18399,2222.168	242.80553,286.4303,2155.761	220.10797,388.27173,2224.8096	288.4101,288.1057,2252.5554	206.25195,479.74326,2303.6907	265.93283,391.2702,2264.2666	242.80553,286.4303,2155.761	266.95868,498.2615,2210.7566	422.91992,212.58224,2215.306	223.01538,320.07578,1992.4224	
273.0458,128.79294,2276.494	271.58075,180.13147,2242.3682	234.47299,174.41919,2163.502	205.14429,244.23073,2066.549	271.58075,180.13147,2242.3682	306.167,185.45558,2321.2344	359.41125,236.18282,2310.583	269.01498,233.21533,2221.2358	243.14534,286.19354,2151.2097	220.85559,388.78275,2216.7864	288.6433,288.39542,2248.9973	206.14207,480.06702,2297.8718	266.1208,391.9994,2257.1267	243.14534,286.19354,2151.2097	266.83502,498.6453,2211.8757	423.34546,209.67545,2219.2625	223.95877,320.7129,1988.5522	
273.94754,128.93118,2272.3555	272.31363,180.39093,2240.3604	235.28302,174.47168,2160.9397	205.60434,244.62636,2064.2673	272.31363,180.39093,2240.3604	306.8087,185.9049,2319.781	360.6803,234.84796,2308.2795	269.25046,233.54782,2220.8914	242.94287,286.41415,2152.189	221.0643,388.9284,2218.766	288.30878,288.82187,2250.6558	204.41888,479.4274,2301.6826	266.1965,392.29828,2260.5337	242.94287,286.41415,2152.189	266.36258,498.69034,2216.614	424.47253,206.77179,2221.9094	224.51465,321.20074,1987.3094	
274.57404,129.06535,2270.7866	272.7011,180.58691,2239.5242	235.69821,174.5673,2159.9495	207.0375,245.09236,2067.1199	272.7011,180.58691,2239.5242	307.16464,186.19342,2319.0989	361.42664,234.05908,2308.1345	269.4522,233.76703,2220.3406	242.97157,286.5879,2151.8281	220.43729,388.7367,2220.2332	288.30582,289.1039,2250.4858	205.78171,480.58502,2296.923	267.04004,392.93372,2258.1633	242.97157,286.5879,2151.8281	266.29596,499.86252,2209.5857	424.7249,203.95319,2218.3313	224.79373,321.47675,1986.2853	
275.6346,129.49689,2272.0154	273.8915,181.048,2240.104	237.0394,174.85422,2159.8977	206.75046,245.4733,2065.556	273.8915,181.048,2240.104	308.19586,186.81357,2320.3103	362.1334,232.42291,2310.0786	270.46594,234.19812,2220.4666	243.88052,286.92038,2151.1072	221.46835,389.39972,2217.3052	289.05734,289.61227,2250.551	207.56735,480.50494,2300.0535	268.74673,393.71643,2257.0833	243.88052,286.92038,2151.1072	266.20465,500.46848,2211.1091	425.47772,200.33867,2223.7915	224.88486,321.63495,1984.6128	
276.03253,129.33438,2271.1267	274.3305,180.99454,2239.3418	237.37738,174.77982,2160.0261	207.83063,245.80647,2064.288	274.3305,180.99454,2239.3418	308.75546,186.78409,2318.6575	362.01703,231.97252,2309.5305	270.8149,234.15923,2219.736	244.06972,286.8548,2150.9604	221.48837,389.57977,2214.8772	289.39072,289.6261,2249.3003	205.54633,479.51956,2302.6282	267.4054,393.52737,2254.6895	244.06972,286.8548,2150.9604	266.1892,500.08954,2212.2576	424.817,197.6539,2222.4026	225.01334,321.68613,1984.5808	
276.59637,129.77365,2263.6824	274.10236,181.71332,2234.9834	237.02594,175.33252,2156.1882	207.87634,245.5668,2059.6501	274.10236,181.71332,2234.9834	308.65347,187.65953,2313.7786	361.75528,231.36288,2306.7598	269.9616,234.99788,2217.6816	242.532,287.59473,2151.533	219.79636,390.3136,2214.7102	287.97076,290.5798,2249.2268	204.40878,481.07642,2298.217	266.41202,394.4076,2256.8174	242.532,287.59473,2151.533	263.31985,501.02563,2212.5466	424.52206,196.06927,2221.0344	225.01958,321.76837,1982.8013	
276.50928,129.60027,2266.9607	274.01773,181.6761,2235.0842	236.79573,175.23967,2157.6167	208.52618,246.12279,2063.8264	274.01773,181.6761,2235.0842	308.74594,187.6813,2312.5518	363.40353,229.42776,2303.379	270.04187,234.90762,2215.2393	242.62897,287.49478,2147.3687	221.07263,390.64368,2210.9333	288.35895,290.63943,2243.42	205.64441,481.24954,2296.3145	268.07327,395.0163,2250.8018	242.62897,287.49478,2147.3687	265.27194,502.11453,2204.7578	427.1263,194.79813,2218.377	225.00916,321.79437,1980.9043	
276.98807,129.5826,2268.1125	274.31818,181.5242,2234.9238	237.07208,174.95459,2157.8713	207.49326,245.29063,2063.9353	274.31818,181.5242,2234.9238	309.0816,187.65593,2311.9763	364.23602,228.45906,2301.6948	270.2074,234.73601,2214.4346	242.62012,287.2376,2146.1797	221.01587,390.0442,2213.0413	288.42236,290.57312,2241.711	205.54478,480.35373,2299.7896	268.1813,394.77924,2252.457	242.62012,287.2376,2146.1797	264.3574,501.15823,2212.9956	427.4672,192.64163,2216.7734	224.18665,321.0865,1984.3079	
277.2975,129.38043,2261.671	274.39258,181.55605,2232.6438	237.099,174.92636,2155.74	206.16884,244.60854,2059.4656	274.39258,181.55605,2232.6438	309.20255,187.7442,2309.5476	364.62228,227.72836,2302.3418	269.81592,234.85452,2215.0337	241.77808,287.26886,2149.75	220.24858,389.4265,2220.5667	287.56046,290.6718,2245.0972	204.14224,480.247,2301.7952	267.07608,394.70953,2255.3655	241.77808,287.26886,2149.75	264.15826,500.5098,2220.8342	427.62418,191.5616,2213.393	223.76053,320.5597,1986.247	
277.50024,129.15118,2258.4485	274.4494,181.44089,2231.1196	237.04382,174.83421,2154.9736	206.31335,244.25772,2061.7312	274.4494,181.44089,2231.1196	309.38602,187.6115,2307.2656	364.60526,227.22649,2300.6606	269.71106,234.79382,2214.7734	241.46353,287.19626,2151.2222	220.91147,390.16397,2216.498	287.3556,290.61075,2245.6323	204.4653,480.30902,2302.1533	267.64014,394.90118,2254.253	241.46353,287.19626,2151.2222	264.4556,501.26328,2214.3115	427.2963,190.48666,2208.621	223.56686,320.21826,1987.2776	
277.69952,128.50081,2257.3428	274.56805,180.9853,2230.5088	237.09583,174.39474,2154.873	207.24617,244.7789,2063.3833	274.56805,180.9853,2230.5088	309.5823,187.14355,2306.1445	364.394,227.21179,2297.3118	269.85022,234.35446,2214.162	241.58255,286.7685,2150.9272	221.09746,390.06384,2213.8823	287.56097,290.19345,2244.7036	206.2004,479.70325,2304.8967	268.58365,394.7854,2251.805	241.58255,286.7685,2150.9272	265.0777,500.99725,2214.7097	427.09824,189.95154,2207.4104	223.28745,320.31027,1987.6726	
277.5109,128.4232,2257.2827	274.69156,180.86725,2230.2397	237.19304,174.28622,2154.8235	206.70485,244.90175,2063.7307	274.69156,180.86725,2230.2397	309.737,187.01776,2305.656	364.5534,227.45125,2295.1025	269.9785,234.2447,2213.927	241.7001,286.66507,2150.8623	221.56628,390.06366,2213.6921	287.71188,290.09125,2244.3662	205.89374,479.3171,2306.1453	269.0047,394.73395,2251.6992	241.7001,286.66507,2150.8623	264.3465,500.98978,2213.809	427.03473,189.66263,2204.8445	223.16714,320.1739,1988.6748	
277.38293,128.5382,2256.2554	274.5166,180.9802,2229.3628	236.93735,174.4242,2154.4744	205.8797,245.23463,2066.3782	274.5166,180.9802,2229.3628	309.6532,187.11003,2304.2512	364.7648,227.31897,2293.5298	269.78964,234.38214,2213.173	241.4486,286.8221,2150.558	221.45297,390.16644,2214.1997	287.563,290.24774,2243.4087	204.62244,479.24335,2306.122	268.7233,395.21457,2246.7412	241.4486,286.8221,2150.558	264.20047,501.11285,2215.1147	426.93262,189.0038,2204.2888	223.04309,320.33408,1988.5219	
277.19937,128.54248,2255.7356	274.37378,180.9766,2228.7659	236.7457,174.43982,2154.1663	206.02264,245.12311,2067.7085	274.37378,180.9766,2228.7659	309.5645,187.08997,2303.3655	364.65042,227.36891,2291.2249	269.6471,234.39561,2212.675	241.27832,286.85226,2150.3384	221.24448,389.8185,2217.1392	287.45184,290.2703,2242.83	205.04466,479.50305,2305.728	268.1883,394.57474,2253.8499	241.27832,286.85226,2150.3384	264.8358,501.1095,2211.7686	426.35596,188.44551,2203.2566	223.0199,320.43457,1989.2874	
277.7647,128.87769,2257.4907	274.79712,181.16495,2229.675	237.26567,174.61795,2154.479	205.65332,245.06767,2067.8457	274.79712,181.16495,2229.675	309.87967,187.28474,2304.871	364.79755,227.28099,2292.1304	270.10565,234.56186,2213.385	241.82962,287.0165,2150.4788	221.67755,389.9163,2217.5742	287.88248,290.41257,2243.7112	206.252,480.02466,2304.5251	269.04965,395.1543,2249.6365	241.82962,287.0165,2150.4788	264.8921,500.86792,2218.0916	426.19998,188.15097,2203.9868	222.59161,320.46503,1988.9312	
277.32635,129.05219,2258.369	274.50266,181.20242,2229.8223	236.88132,174.72928,2155.3193	205.65979,245.03714,2068.934	274.50266,181.20242,2229.8223	309.69125,187.25702,2304.3252	364.67026,227.34888,2290.0642	269.98422,234.59006,2212.65	241.81137,287.10114,2149.291	219.83499,389.07642,2220.7976	288.00702,290.454,2241.664	206.83453,481.22437,2297.031	268.97162,395.3697,2246.255	241.81137,287.10114,2149.291	264.1585,501.2059,2215.2283	425.4153,187.44862,2203.2158	221.88872,320.81366,1991.2261	
276.6184,128.35767,2259.3035	273.92316,180.71631,2229.4683	236.13818,174.3111,2156.2095	205.32947,245.02351,2068.4739	273.92316,180.71631,2229.4683	309.304,186.71394,2302.727	364.57742,227.14032,2290.5269	269.567,234.09828,2211.32	241.43608,286.65353,2147.7554	220.06906,389.247,2216.1567	287.87952,290.00452,2238.5884	205.08588,479.23517,2304.0513	268.9732,394.8828,2245.9556	241.43608,286.65353,2147.7554	262.92532,500.57272,2216.02	424.95645,187.12,2205.2964	222.03067,321.11743,1992.486	
276.31738,128.44632,2257.7617	273.5794,180.65752,2228.456	235.70596,174.25496,2155.7654	205.27866,245.29736,2067.7415	273.5794,180.65752,2228.456	309.06012,186.65558,2301.1467	364.69104,227.02676,2289.2427	269.14838,234.06783,2210.6897	240.8934,286.61917,2147.8613	219.78003,389.22635,2216.6426	287.44116,289.9985,2237.9854	206.04305,479.10657,2306.763	268.20465,394.60126,2248.4575	240.8934,286.61917,2147.8613	263.80142,500.48267,2216.0195	425.05356,187.2864,2204.5662	221.5361,321.23856,1994.9983	
275.82376,128.38013,2256.9983	273.07196,180.45735,2228.0337	234.99889,174.14996,2157.0388	204.25162,244.59567,2069.3743	273.07196,180.45735,2228.0337	308.7936,186.3752,2299.0286	364.862,226.84618,2289.1165	268.5938,233.89064,2211.0352	240.18059,286.43344,2150.0225	220.08891,389.30807,2217.604	286.9733,289.80273,2238.0508	205.3816,478.81693,2308.7607	267.60608,394.53748,2246.5454	240.18059,286.43344,2150.0225	264.35605,500.30777,2216.5903	425.0818,187.37608,2201.9087	220.09787,321.19086,1995.4036	
275.35602,128.4878,2256.6191	272.7279,180.61606,2227.7913	234.56618,174.40887,2157.4326	202.86946,243.8333,2067.1992	272.7279,180.61606,2227.7913	308.55298,186.44316,2298.15	364.86832,226.86707,2286.549	268.3648,234.06232,2210.647	240.01544,286.66818,2149.8872	220.37767,389.5493,2218.2422	286.9189,289.95453,2237.1182	205.55792,480.0885,2303.0894	267.77814,394.6845,2246.791	240.01544,286.66818,2149.8872	265.47894,500.75827,2213.853	425.11087,187.42014,2200.7551	219.38443,321.06525,1997.9319	
274.5387,128.94238,2258.43	272.226,180.84174,2227.9243	233.97665,174.77927,2158.1821	201.98483,244.00429,2067.606	272.226,180.84174,2227.9243	308.15332,186.53616,2297.6665	364.8897,226.74742,2284.2725	268.2074,234.26868,2209.1025	240.12213,287.0063,2147.0464	221.31522,390.02542,2216.732	287.1883,290.15915,2233.5151	204.92694,479.3725,2306.9175	268.00793,394.74493,2247.0027	240.12213,287.0063,2147.0464	265.80435,501.42465,2207.538	425.1454,187.42949,2200.213	218.20743,321.3646,2003.2255	
274.25284,128.42503,2257.3225	271.88312,180.36461,2227.248	233.59167,174.21918,2157.786	201.88446,244.08691,2068.7993	271.88312,180.36461,2227.248	307.85837,186.13829,2296.7102	365.12994,226.44519,2284.6184	267.6922,233.80551,2208.9106	239.41068,286.47433,2147.5127	220.0455,388.5668,2223.5544	286.5254,289.74365,2233.6338	204.52115,479.57272,2303.497	265.9419,393.71918,2251.0327	239.41068,286.47433,2147.5127	265.46033,499.87808,2214.9082	425.4829,187.33984,2197.517	217.5336,321.55994,2003.5825	
273.99225,128.47778,2256.7578	271.52905,180.35289,2227.1182	233.22159,174.16013,2157.7349	199.77588,243.15445,2067.3855	271.52905,180.35289,2227.1182	307.52182,186.17145,2296.5015	364.87732,226.80104,2284.7793	267.23557,233.7964,2209.0173	238.84158,286.42453,2147.9045	220.20282,388.78876,2222.881	285.97537,289.75604,2233.9285	205.29771,480.06256,2302.2498	266.63705,394.02228,2250.5715	238.84158,286.42453,2147.9045	265.2767,499.8523,2218.2373	424.81226,187.10936,2193.5913	216.38223,321.015,2003.2667	
273.56754,128.4557,2256.492	271.0918,180.24927,2226.8582	232.6809,174.17201,2158.2747	198.70981,242.41469,2066.6958	271.0918,180.24927,2226.8582	307.20743,185.96335,2295.4417	364.1501,226.8358,2282.8765	266.87354,233.71407,2209.169	238.50348,286.39084,2148.9626	220.30003,388.36768,2227.349	285.7541,289.63028,2233.9968	205.05563,480.28906,2301.3862	266.8304,393.69327,2253.995	238.50348,286.39084,2148.9626	266.17316,500.25345,2211.7385	424.38574,187.04549,2190.1375	215.85858,320.53848,2003.3396	
272.90784,128.14098,2248.8586	270.43707,180.59514,2224.4119	231.89948,174.94702,2156.0376	197.28448,242.32469,2065.3306	270.43707,180.59514,2224.4119	306.67618,185.90639,2292.7861	363.882,226.48376,2283.4448	266.37308,234.2091,2210.9294	238.19608,287.09988,2155.0583	219.83572,388.79025,2233.0015	285.41156,289.8098,2239.8357	205.945,480.84375,2306.2441	267.5222,393.95044,2257.7812	238.19608,287.09988,2155.0583	264.97134,499.67273,2222.433	424.69318,187.25891,2186.017	215.42784,320.559,2003.1125	
272.2811,128.34412,2244.54	270.06677,181.07123,2222.9504	231.44571,175.74011,2154.7515	197.95097,244.36171,2069.1528	270.06677,181.07123,2222.9504	306.3886,186.08498,2291.1494	363.52466,226.29869,2282.2192	266.1654,234.7778,2212.0383	238.1752,287.83224,2158.8481	220.45627,389.96982,2232.546	285.36908,290.15686,2243.4043	205.60458,482.74393,2300.0874	267.97305,394.6922,2255.359	238.1752,287.83224,2158.8481	265.54916,500.95825,2215.84	425.17212,187.27,2181.3047	215.34967,322.33466,2001.6582	
271.59485,127.713356,2249.8906	269.74274,180.62544,2224.0554	231.08502,175.41101,2156.2407	198.44943,245.374,2071.5823	269.74274,180.62544,2224.0554	306.1127,185.53131,2291.87	363.00375,226.19576,2279.6074	266.2876,234.2849,2210.4487	238.67366,287.4811,2154.803	221.00737,390.29034,2224.7893	286.00003,289.69464,2238.881	205.6712,482.94928,2294.53	267.7861,394.49945,2248.505	238.67366,287.4811,2154.803	266.71866,501.3536,2206.3105	425.48074,187.1957,2176.859	215.25674,323.6778,2002.8171	
270.77692,127.857635,2246.0737	268.4011,180.76334,2221.702	229.4854,175.42789,2156.175	198.07443,246.4264,2076.3057	268.4011,180.76334,2221.702	305.087,185.79308,2287.2288	361.627,227.40091,2277.3093	264.5879,234.4715,2208.502	236.43958,287.55276,2154.6753	218.64499,389.57764,2230.6814	284.13538,290.05203,2235.9287	203.4433,482.4474,2297.8022	265.2021,394.41028,2251.1238	236.43958,287.55276,2154.6753	264.30212,501.19708,2208.4187	425.2401,189.23734,2177.9014	214.71907,324.74835,1999.6587	
270.52548,127.80199,2243.1533	268.0033,180.7714,2220.8152	228.99448,175.37868,2156.142	196.64139,245.98073,2078.6553	268.0033,180.7714,2220.8152	304.8044,185.85892,2285.4883	360.5503,228.63954,2276.6484	263.91138,234.50906,2209.1548	235.45618,287.48386,2157.4043	219.71191,389.42365,2236.063	283.22446,290.10242,2237.5845	204.45044,482.30487,2301.7117	266.4607,394.41077,2256.733	235.45618,287.48386,2157.4043	264.53302,501.03918,2212.7615	424.92606,191.75554,2178.4668	213.51254,323.80963,2001.2231	
269.6838,128.65817,2242.6946	267.10013,181.4742,2220.2524	227.91824,176.16101,2157.3142	196.31088,244.79068,2079.3325	267.10013,181.4742,2220.2524	304.12183,186.49445,2283.1907	359.9108,229.6315,2274.8193	262.926,235.2378,2209.3853	234.29312,288.19476,2159.5	220.03813,390.6019,2235.4204	282.2765,290.82434,2237.5361	203.06735,482.22058,2306.65	266.20358,395.15964,2257.788	234.29312,288.19476,2159.5	264.9116,502.5794,2203.9646	424.55295,193.12195,2174.8516	212.36203,322.93616,2005.1462	
268.9259,128.611,2242.4631	266.46887,181.44524,2219.7039	227.11249,176.25932,2158.6658	195.24051,243.78474,2076.1687	266.46887,181.44524,2219.7039	303.71872,186.35358,2280.742	359.21655,230.25409,2273.4019	262.4295,235.22508,2208.2668	233.81067,288.2454,2158.9897	219.88861,390.7072,2235.1807	282.0545,290.83972,2234.67	204.3512,483.09958,2303.4128	267.50037,395.80197,2251.6921	233.81067,288.2454,2158.9897	264.81958,502.8163,2205.8774	424.0908,194.1257,2175.4255	211.47287,322.21454,2006.5327	
268.41763,128.55272,2248.3486	266.13757,181.07698,2221.6707	226.72282,176.01251,2161.684	194.00433,243.6878,2079.0881	266.13757,181.07698,2221.6707	303.47983,185.87515,2281.6572	357.45724,231.33049,2273.695	262.42883,234.78549,2207.8486	234.05676,287.88782,2156.841	220.328,390.1254,2236.0496	282.46948,290.41083,2231.2122	204.94385,484.20456,2293.3645	267.74146,395.1042,2253.1802	234.05676,287.88782,2156.841	265.7726,502.43213,2203.1047	422.1697,196.13414,2173.2312	210.20166,322.09494,2010.7014	
267.59152,128.85008,2244.2844	265.6195,181.25056,2221.0647	226.11638,176.5582,2161.5479	190.71445,243.23279,2077.5303	265.6195,181.25056,2221.0647	303.06082,185.69803,2280.5815	355.4491,233.25676,2273.3455	262.1673,235.0346,2210.0923	234.08112,288.29205,2162.2244	219.51985,389.38043,2247.2185	282.46832,290.38358,2236.0154	205.6406,484.10596,2298.944	268.04785,394.503,2262.536	234.08112,288.29205,2162.2244	265.0094,501.02008,2216.3289	419.59113,199.19818,2168.1208	208.69316,321.36206,2015.3684	
267.08145,128.51128,2249.2625	265.31396,180.93898,2222.851	225.79529,176.46169,2163.6602	191.26988,244.652,2083.2727	265.31396,180.93898,2222.851	302.7826,185.18402,2282.042	353.9814,233.70699,2270.1685	262.34955,234.6648,2209.5642	234.70386,288.09665,2159.5845	219.83047,390.0825,2238.1045	283.18472,289.95364,2232.9702	205.03958,484.30408,2294.7195	268.3015,394.686,2253.3032	234.70386,288.09665,2159.5845	265.22803,501.38757,2210.179	417.6317,201.22607,2159.818	207.97852,322.78857,2013.2427	
266.67053,128.8743,2245.2427	265.23477,181.3042,2222.4194	225.65073,177.12306,2163.7705	190.7216,245.4987,2086.125	265.23477,181.3042,2222.4194	302.78333,185.27032,2281.0684	354.39786,234.43724,2268.0815	262.42282,235.09406,2211.8687	234.9634,288.6243,2164.96	219.01593,388.79117,2253.798	283.4044,290.14957,2237.6758	206.11792,484.65253,2296.429	267.3051,394.25455,2260.5813	234.9634,288.6243,2164.96	264.77716,500.52362,2218.4656	417.85602,203.01814,2157.0972	207.60103,324.0088,2014.633	
265.99408,129.26811,2243.2312	264.89093,181.82753,2221.6877	225.20496,177.8554,2164.1091	191.10788,246.18515,2091.5586	264.89093,181.82753,2221.6877	302.5718,185.59898,2279.2664	355.17697,234.53923,2263.0298	262.1952,235.66414,2212.4365	234.82356,289.27487,2167.4907	218.81961,390.18903,2249.489	283.344,290.60922,2238.88	205.98016,485.5638,2297.026	267.0973,395.11066,2256.109	234.82356,289.27487,2167.4907	264.81894,501.46558,2215.6646	418.24677,204.4084,2146.1243	207.17178,325.0737,2016.0153	
265.32553,128.62988,2244.224	264.44016,181.42282,2222.249	224.60126,177.69844,2167.089	190.73285,246.24232,2096.2756	264.44016,181.42282,2222.249	302.34924,184.96678,2277.409	354.23175,236.11415,2255.9998	262.0497,235.24664,2212.0889	234.86862,288.96487,2167.7297	218.23288,389.4367,2252.3887	283.64813,290.15106,2236.1277	206.45023,486.2358,2290.0708	267.708,394.99518,2251.5164	234.86862,288.96487,2167.7297	265.12857,501.77362,2208.8027	417.46524,207.25882,2137.0134	206.58774,325.7071,2020.0693	
264.8992,128.62758,2249.727	264.32526,180.95639,2224.843	224.42883,177.37798,2171.409	190.75859,245.7248,2097.6401	264.32526,180.95639,2224.843	302.35022,184.36694,2278.277	354.1624,235.75227,2250.9915	262.17084,234.69986,2213.1074	235.15884,288.44565,2168.2473	218.6188,388.7298,2254.5881	284.09174,289.57013,2234.4963	206.39478,485.57318,2291.1829	268.77582,394.86606,2246.469	235.15884,288.44565,2168.2473	264.39545,500.79248,2214.2825	417.57065,208.95818,2125.391	203.71188,325.98392,2027.7916	
264.0079,128.66058,2251.979	263.56354,180.66486,2225.7693	223.57741,177.25523,2173.8923	190.43985,246.00632,2101.8235	263.56354,180.66486,2225.7693	301.7282,183.91919,2277.6462	352.457,237.23491,2248.9873	261.62033,234.37753,2213.1526	234.74591,288.18942,2168.3767	217.89496,388.63486,2253.0586	283.84622,289.20795,2232.695	205.63533,484.71368,2295.638	267.96173,394.35907,2246.547	234.74591,288.18942,2168.3767	263.4535,500.33337,2214.0176	416.72458,213.09637,2123.4346	202.23436,326.164,2029.2349	
262.4082,128.74585,2253.5989	262.1189,180.64558,2226.2559	221.97745,177.52032,2177.0623	188.53459,245.32484,2104.4072	262.1189,180.64558,2226.2559	300.52466,183.63573,2275.4495	352.04584,237.71646,2243.9812	260.40643,234.35384,2213.6255	233.66324,288.25305,2170.4954	218.13963,389.0119,2253.8123	283.00174,289.0923,2231.4949	204.6335,484.51538,2298.8826	267.19284,394.1446,2247.443	233.66324,288.25305,2170.4954	263.17328,499.92688,2216.7144	416.34,215.31975,2114.8677	201.44391,324.76804,2032.5532	
261.5319,128.47806,2260.9087	261.31564,180.10977,2229.0933	221.12515,177.19574,2181.6868	187.64926,245.92125,2111.202	261.31564,180.10977,2229.0933	299.8322,182.90245,2276.4998	350.06876,238.60315,2238.9734	260.0224,233.6639,2212.566	233.58743,287.66885,2166.6514	218.28493,388.51425,2251.206	283.16843,288.36996,2225.4258	205.9507,484.69244,2293.6355	267.4844,393.57062,2243.4124	233.58743,287.66885,2166.6514	264.73096,499.82394,2210.0425	414.0906,217.55055,2111.0261	200.33047,324.96164,2036.4509	
260.38974,128.5253,2250.5696	260.62155,180.5222,2226.8423	220.33005,178.12585,2180.1155	185.47458,247.4437,2117.0706	260.62155,180.5222,2226.8423	299.25687,182.82004,2273.569	348.5384,239.81288,2239.0107	259.60522,234.24281,2217.1743	233.55762,288.3822,2178.5398	218.16145,387.9325,2268.5156	282.95422,288.4844,2236.473	206.55501,483.76498,2309.019	266.9876,392.90567,2256.9412	233.55762,288.3822,2178.5398	265.17664,497.95413,2229.349	411.98102,220.7698,2109.45	199.13097,326.19833,2037.4514	
259.52078,128.45795,2245.8962	259.94226,180.68604,2226.3557	219.55902,178.70963,2181.2966	185.03072,248.60387,2121.5188	259.94226,180.68604,2226.3557	298.72327,182.58401,2271.4148	348.46957,239.38702,2235.0085	259.21002,234.47655,2220.501	233.4823,288.70718,2186.7126	217.78955,389.28607,2264.8386	282.84296,288.39966,2242.5798	206.27002,484.0962,2313.5112	267.3831,393.5957,2250.0793	233.4823,288.70718,2186.7126	264.75958,498.7522,2224.6846	413.02252,222.562,2105.8015	197.68845,327.8931,2038.7925	
258.6041,128.74982,2245.0554	259.5337,180.73706,2227.336	219.10608,179.1972,2183.7668	183.33186,248.34846,2128.2478	259.5337,180.73706,2227.336	298.41006,182.21783,2270.905	347.49826,240.59337,2235.494	259.25287,234.53096,2223.011	233.9924,288.9119,2191.6765	218.43341,389.85754,2265.2642	283.34863,288.16635,2245.6956	206.70929,485.21188,2309.7817	268.03586,393.4815,2250.283	233.9924,288.9119,2191.6765	266.08432,499.4275,2216.6348	410.85626,223.52551,2100.0461	195.48123,327.81595,2045.5963	
257.19763,128.90912,2246.131	258.39084,180.76562,2227.7488	217.87729,179.64352,2186.788	184.17027,248.75636,2132.6116	258.39084,180.76562,2227.7488	297.44147,181.84721,2268.7095	346.41605,240.29652,2231.7297	258.5346,234.56035,2224.0261	233.65747,289.08923,2194.9087	217.19919,389.32794,2271.727	283.13434,287.9942,2245.6982	205.97855,485.86627,2306.0103	267.60703,393.53516,2246.9531	233.65747,289.08923,2194.9087	264.47888,499.591,2213.734	409.43878,223.76143,2095.8015	195.13974,328.4328,2048.8318	
255.65984,128.58932,2246.1826	257.24945,180.89053,2229.9453	216.73741,180.17433,2189.6348	183.5707,248.14621,2135.8115	257.24945,180.89053,2229.9453	296.3228,181.58131,2270.2559	346.02313,238.9853,2227.855	257.96512,234.617,2224.9666	233.64952,289.36755,2195.0005	217.79999,389.26227,2275.4785	283.16125,287.8188,2244.975	205.81058,486.61075,2301.714	266.57153,393.04083,2248.8606	233.64952,289.36755,2195.0005	265.8429,499.7659,2207.1653	408.79462,222.82404,2085.5981	193.16293,327.57352,2052.622	
254.50482,129.63504,2243.701	256.48428,182.63873,2228.121	215.91489,182.20874,2188.2163	181.85686,247.83943,2138.3938	256.48428,182.63873,2228.121	295.6261,183.0536,2268.026	345.22086,237.806,2222.4219	257.4319,236.42625,2225.5037	233.3686,291.28708,2198.1501	217.137,390.63297,2280.7808	282.84424,289.4146,2247.6223	205.47385,487.8202,2306.8816	265.50903,394.39612,2251.4583	233.3686,291.28708,2198.1501	265.49948,500.86987,2211.7122	407.47913,221.77158,2074.8926	191.26738,327.4938,2059.0452	
253.20892,129.47388,2242.4639	255.17865,183.13376,2227.0837	214.52605,182.91714,2189.4685	179.71445,246.72359,2146.6936	255.17865,183.13376,2227.0837	294.48083,183.34319,2264.699	343.7624,237.47466,2221.7043	256.2471,236.95392,2226.1567	232.27834,291.82584,2201.9097	216.44617,390.9664,2285.2588	281.8352,289.83286,2248.5498	204.16983,488.47665,2306.7424	264.1076,394.86517,2250.269	232.27834,291.82584,2201.9097	264.51236,501.22833,2212.5571	403.92242,220.129,2065.1506	188.05298,325.5664,2065.1165	
251.85883,129.30865,2243.3374	253.80928,183.17221,2227.1077	213.09894,183.27048,2192.8918	179.04689,247.10295,2150.837	253.80928,183.17221,2227.1077	293.28766,183.07692,2261.3235	343.59576,236.78688,2216.8364	255.17258,236.9872,2226.1785	231.44904,291.94418,2204.0344	216.15248,391.33188,2285.3835	281.15115,289.7708,2246.464	204.10564,488.40814,2310.4402	265.35226,395.12085,2249.2063	231.44904,291.94418,2204.0344	263.64215,502.03232,2206.013	403.91315,220.14894,2053.7568	186.23883,325.55884,2067.7493	
249.8495,128.99533,2242.2634	251.8499,182.61963,2226.4814	211.09726,183.1294,2197.5322	177.71034,247.68977,2153.896	251.8499,182.61963,2226.4814	291.5564,182.12294,2255.4307	342.6079,237.22127,2213.8926	253.57414,236.44026,2225.7075	230.16101,291.48914,2206.9792	215.46313,390.63403,2290.1462	280.03568,289.1266,2242.888	203.79456,488.26593,2309.663	264.69714,394.76334,2245.1345	230.16101,291.48914,2206.9792	263.17746,501.25656,2208.5857	401.93494,219.19778,2045.7504	183.83342,326.3022,2071.584	
248.06302,128.97519,2242.736	250.50323,182.16443,2226.9294	209.75488,183.00676,2201.3127	173.57344,245.97397,2157.4365	250.50323,182.16443,2226.9294	290.3248,181.34126,2252.5461	341.4961,238.08598,2208.9304	252.55156,235.96402,2226.3916	229.47198,291.08295,2209.9756	215.16882,389.6755,2297.0684	279.37378,288.51462,2241.732	204.67714,488.26758,2307.2705	264.08704,393.9905,2247.0312	229.47198,291.08295,2209.9756	264.20975,499.9601,2214.8596	399.9338,219.8982,2036.2202	180.98361,323.6713,2073.8894	
246.25299,129.24638,2241.4722	248.89111,182.21077,2225.8376	208.1319,183.45036,2202.5793	172.95508,247.22768,2166.7056	248.89111,182.21077,2225.8376	288.80737,180.9968,2249.096	340.3801,239.3028,2210.4502	251.37613,236.02043,2226.183	228.7384,291.27963,2212.1128	214.3071,389.68774,2299.6667	278.65912,288.36603,2240.9443	204.81126,488.99783,2303.7148	263.9069,393.88925,2247.169	228.7384,291.27963,2212.1128	263.968,500.0526,2213.061	396.75674,221.93901,2027.8296	178.39445,324.78757,2079.981	
244.52328,129.55908,2234.838	247.28687,182.62497,2223.3557	206.51968,184.32704,2202.7288	172.91446,248.78964,2169.3298	247.28687,182.62497,2223.3557	287.30457,180.9542,2243.9827	337.95477,239.2531,2201.215	250.28387,236.46748,2226.3857	228.19434,291.83246,2216.6292	214.67728,390.62262,2300.5977	278.0651,288.51385,2242.2024	204.67766,489.83167,2304.903	263.5059,393.90955,2249.689	228.19434,291.83246,2216.6292	264.2642,500.2128,2212.7566	393.5818,225.19914,2009.633	175.2871,326.98428,2083.6936	
242.1966,130.16632,2231.518	245.37766,183.43073,2221.4434	204.66034,185.54065,2204.7014	171.00616,249.69395,2172.144	245.37766,183.43073,2221.4434	285.4858,181.35237,2238.1853	336.38873,239.35852,2190.0896	248.80098,237.29344,2225.8623	227.17061,292.74466,2219.9011	213.94354,391.9887,2299.1064	277.0189,289.1575,2240.6614	204.32864,491.1419,2304.843	263.06873,394.98163,2244.464	227.17061,292.74466,2219.9011	263.38034,500.85916,2214.7146	391.03632,229.86014,1988.6398	172.69205,328.11096,2089.9192	
239.77234,131.43839,2229.867	243.48813,184.61853,2220.098	202.78638,187.06754,2205.0198	170.13022,250.64906,2178.5645	243.48813,184.61853,2220.098	283.64075,182.20258,2235.176	334.11688,240.59837,2189.032	247.31737,238.48451,2225.355	226.11815,294.05554,2221.2666	212.991,393.2342,2300.2908	275.9303,290.15393,2239.9575	204.33324,492.6147,2304.3933	262.26395,395.8598,2246.2532	226.11815,294.05554,2221.2666	263.93814,501.78073,2215.0955	387.39456,235.85374,1979.2241	171.39876,328.6269,2093.2417	
236.73865,132.51448,2229.5073	241.01053,185.51636,2218.6106	200.50456,188.55452,2209.0713	167.45303,251.90193,2183.7417	241.01053,185.51636,2218.6106	281.16968,182.50421,2228.15	331.69406,242.01811,2182.4678	245.48181,239.3696,2223.311	224.98146,295.15515,2222.0947	211.84836,394.9662,2295.2017	274.75482,290.8475,2233.9282	205.01941,493.5502,2308.757	261.69876,396.92957,2240.0874	224.98146,295.15515,2222.0947	264.17856,503.11652,2209.2432	381.16013,243.96121,1964.721	169.7767,329.51178,2095.4312	
233.78122,135.04791,2222.8547	238.17487,188.33138,2214.667	197.72395,191.77747,2208.0342	164.07944,253.82019,2190.849	238.17487,188.33138,2214.667	278.3842,184.90587,2221.2998	326.5401,244.98486,2172.7207	243.16225,242.21977,2221.465	223.24857,298.0983,2224.1523	211.334,398.02618,2296.2356	272.89822,293.469,2232.374	204.04184,496.72107,2308.256	261.68924,399.62988,2240.9055	223.24857,298.0983,2224.1523	262.8554,505.08035,2217.4033	374.73364,252.52377,1955.9426	167.84262,331.55734,2097.2534	
231.03287,137.56772,2212.5066	236.55438,190.85031,2211.2217	196.26218,195.1289,2207.7363	161.05127,255.72272,2191.8303	236.55438,190.85031,2211.2217	276.7198,186.58517,2214.707	322.5119,246.76457,2156.8767	242.81662,244.54282,2226.2114	224.37674,300.23553,2239.0405	213.52548,399.97888,2307.8884	273.56598,294.80392,2243.3618	206.89188,497.41165,2326.3765	263.8438,400.61948,2251.459	224.37674,300.23553,2239.0405	265.9467,505.64655,2227.2573	367.9746,264.4262,1946.2393	166.0193,334.44876,2101.235	
227.8252,139.99313,2200.8306	234.17917,193.87035,2207.5464	194.13727,198.6965,2208.8252	162.01288,260.704,2197.3418	234.17917,193.87035,2207.5464	274.26746,189.0386,2206.2676	317.52893,248.49225,2140.4297	241.45694,247.31215,2230.6199	224.25607,302.55423,2254.4863	211.77818,402.77603,2310.245	272.93243,296.76306,2252.9004	205.80405,500.606,2325.0146	263.0146,402.81567,2251.4272	224.25607,302.55423,2254.4863	264.09085,508.35715,2222.6904	358.43933,278.6277,1942.1692	165.09964,339.3615,2105.3281	
224.67007,142.51785,2195.5034	231.28574,196.60095,2206.5076	191.68375,201.58206,2214.37	163.43707,263.76892,2206.1382	231.28574,196.60095,2206.5076	271.171,191.58421,2198.645	313.21472,249.68819,2122.187	239.11461,249.85947,2233.9678	222.7214,304.6167,2266.3044	209.12842,405.32776,2310.6743	270.88913,299.0204,2256.5515	204.88106,503.54126,2322.812	261.03342,405.6405,2244.6453	222.7214,304.6167,2266.3044	263.34857,511.97537,2211.3013	347.70627,294.87296,1945.0347	164.61908,342.70386,2113.1382	
220.73178,145.18933,2185.7827	228.6424,199.52216,2204.4116	189.63799,204.9474,2219.4785	162.37234,268.55847,2210.9556	228.6424,199.52216,2204.4116	268.1837,194.02223,2189.3447	307.32968,253.17827,2106.5332	237.72409,252.31827,2239.185	222.9401,306.34485,2283.3032	210.80151,406.83026,2324.5652	270.3106,300.63098,2264.6138	206.41754,506.41476,2319.384	262.99838,407.15448,2251.471	222.9401,306.34485,2283.3032	263.86783,514.3378,2206.2708	333.1141,310.4317,1955.604	163.5545,347.32382,2123.3296	
216.95212,147.03659,2180.4165	225.82336,201.47945,2202.2236	187.5488,207.42575,2224.6865	165.02101,271.8607,2220.375	225.82336,201.47945,2202.2236	264.88678,195.4106,2179.7607	299.38202,259.50317,2099.1826	236.02722,254.13062,2237.5005	222.70053,308.1033,2286.7073	209.79233,409.3805,2317.1787	269.41443,302.15494,2258.8474	206.04944,510.29367,2303.5461	262.51614,409.34912,2240.6418	222.70053,308.1033,2286.7073	263.37866,517.889,2187.1812	316.1991,325.16473,1969.84	162.37616,350.32196,2138.5125	
213.0091,149.17184,2172.1714	223.38327,203.46501,2199.5247	186.15945,209.95923,2231.1108	166.63005,273.72015,2229.0044	223.38327,203.46501,2199.5247	261.69174,196.78156,2167.9385	289.9842,267.25424,2090.9622	235.13554,255.71954,2238.0469	223.85228,309.2439,2296.1663	211.19081,410.15234,2326.6526	269.52106,303.1147,2256.972	206.64542,511.63544,2303.8145	262.09103,410.05927,2243.5408	223.85228,309.2439,2296.1663	266.10654,518.20575,2191.5232	298.85812,339.29468,1993.8416	162.85617,352.5287,2154.2373	
209.58817,151.14334,2168.106	221.23462,205.25287,2197.8315	184.9356,212.41913,2236.292	167.80527,276.19562,2239.4016	221.23462,205.25287,2197.8315	258.8267,197.83133,2159.371	280.01874,271.57144,2088.8833	234.18686,257.3928,2234.0688	224.5318,311.1314,2294.1418	209.65494,412.61685,2315.7805	269.39038,304.5359,2246.4705	207.47781,514.34076,2295.9944	260.83612,411.58142,2237.663	224.5318,311.1314,2294.1418	266.8251,520.1406,2183.546	280.59152,346.07343,2020.5847	163.41382,353.60504,2171.0903	
207.01917,153.53214,2159.6426	219.60251,207.60423,2195.212	184.06685,214.61885,2239.8743	167.29381,277.5499,2245.1672	219.60251,207.60423,2195.212	256.61414,200.29826,2150.5496	268.94153,276.8124,2091.9167	232.99727,259.6293,2232.8467	224.17,312.93375,2298.1558	208.73297,413.65994,2324.8376	268.2634,306.85147,2242.8071	206.51741,515.6124,2299.4023	259.8269,413.42938,2242.5059	224.17,312.93375,2298.1558	265.86295,521.19824,2194.9004	259.49878,352.22495,2045.0417	163.71083,354.13123,2184.3647	
204.13066,154.83736,2155.4	217.56873,208.89618,2194.214	182.6249,216.08096,2242.8516	169.59444,278.82996,2257.5388	217.56873,208.89618,2194.214	254.09683,201.38565,2145.5767	259.12183,278.34534,2092.4282	231.80536,260.62906,2234.0142	224.1049,313.5543,2303.9438	208.932,414.1593,2329.801	267.55804,307.46686,2243.6846	205.49539,516.59204,2297.4482	259.77277,414.24713,2241.0889	224.1049,313.5543,2303.9438	266.5075,520.76953,2206.1318	242.82132,353.44147,2065.0376	163.91028,354.56934,2192.708	
201.75026,155.05402,2147.8308	215.44118,209.35175,2193.6733	180.86385,215.69888,2245.499	165.84091,280.18567,2258.824	215.44118,209.35175,2193.6733	251.69182,202.69745,2141.8477	249.21533,279.94064,2099.187	229.58353,260.75842,2239.704	222.01187,312.50946,2317.854	207.14993,413.13947,2337.5898	264.90338,307.61096,2253.6157	203.86047,514.9137,2308.3867	257.37674,413.42505,2257.441	222.01187,312.50946,2317.854	265.4739,520.8582,2201.851	221.66357,351.49072,2082.815	164.35004,354.4809,2203.8342	
199.55249,156.07628,2149.0798	212.70639,209.78494,2196.1824	178.61563,215.15216,2251.333	165.84805,277.00894,2273.783	212.70639,209.78494,2196.1824	248.55344,204.1412,2141.0317	240.8388,282.1787,2113.1406	226.05276,261.2405,2243.6016	218.00075,312.30573,2325.2087	204.62689,413.79102,2333.6633	260.32416,308.7737,2256.8328	203.02856,516.2449,2299.4968	255.22519,415.57166,2246.7017	218.00075,312.30573,2325.2087	262.92603,521.8061,2209.8716	202.63248,348.14844,2105.0999	166.14658,349.9698,2213.8691	
197.87616,156.48584,2150.6465	211.1908,210.10037,2197.176	177.51067,215.64467,2254.5051	163.5756,275.0774,2288.6565	211.1908,210.10037,2197.176	246.6756,204.259,2139.847	233.93874,283.30536,2126.057	224.99924,261.4567,2244.3542	217.60706,312.49106,2327.0564	207.92264,414.86188,2328.2415	259.52094,308.84918,2256.0085	207.2582,517.51465,2294.7805	258.8275,416.0084,2242.2515	217.60706,312.49106,2327.0564	266.68988,522.5118,2205.9707	186.58629,342.475,2128.7708	168.5478,346.62143,2229.201	
196.133,156.98451,2157.4329	209.6336,210.46074,2201.6829	176.51881,216.1343,2261.6775	160.6319,274.36737,2303.8247	209.6336,210.46074,2201.6829	244.60365,204.46933,2141.6882	229.93614,282.4007,2131.5156	223.75313,261.71472,2247.65	216.94868,312.72397,2330.803	207.58075,414.98434,2332.4705	258.33575,309.04504,2256.431	207.30765,517.99536,2293.3557	258.00586,416.28766,2242.31	216.94868,312.72397,2330.803	265.84335,522.39923,2210.3167	174.90659,334.71844,2139.5215	170.8991,343.96887,2237.8977	
193.98482,156.32417,2154.8232	208.21881,209.8051,2203.086	175.49513,215.23221,2265.2432	160.80618,275.87076,2315.91	208.21881,209.8051,2203.086	242.84262,204.06287,2140.9287	227.47299,281.71738,2138.7334	222.81528,260.6661,2253.2515	216.68686,310.92853,2341.9448	207.95425,412.91028,2342.0332	257.54858,307.63995,2264.8892	207.84462,516.1875,2294.8367	258.6855,414.21014,2254.7207	216.68686,310.92853,2341.9448	264.32416,521.1577,2209.2349	166.41353,326.2435,2157.724	170.76332,345.47153,2245.3318	
193.0357,156.85486,2159.5212	207.12556,210.31801,2206.3477	174.72112,215.85243,2269.8215	159.98651,273.4293,2326.7727	207.12556,210.31801,2206.3477	241.4497,204.45572,2142.8738	227.02446,279.10855,2141.855	222.14755,260.95575,2257.1658	216.59343,311.02063,2347.327	208.10327,413.32922,2340.27	257.11334,307.64905,2268.6409	207.50137,517.2259,2287.2346	258.91418,414.47366,2252.1716	216.59343,311.02063,2347.327	264.05975,521.9707,2203.1177	161.59567,318.18793,2170.8955	169.16095,342.78833,2251.2078	
191.50249,156.86848,2154.8723	206.10635,210.54535,2206.4429	174.31952,215.5081,2273.4702	156.68643,275.15775,2334.898	206.10635,210.54535,2206.4429	239.88495,205.27164,2139.4155	227.37598,277.43695,2140.9014	221.35117,260.86807,2261.0315	216.34094,310.0535,2357.1846	208.20209,412.53485,2341.8035	256.12766,307.53772,2274.0557	206.07767,515.5103,2297.9197	258.3681,414.3767,2253.4766	216.34094,310.0535,2357.1846	263.2478,520.71387,2215.6826	159.22894,313.0503,2179.818	168.36418,343.20517,2258.21	
190.28644,156.66675,2159.062	204.71608,210.26186,2208.7065	173.40251,215.06836,2277.9949	161.80066,277.31158,2349.9563	204.71608,210.26186,2208.7065	238.05794,205.14401,2139.4182	227.87817,275.83313,2138.9568	219.79742,260.69354,2261.8184	214.89804,309.8944,2357.878	207.05783,413.03607,2331.922	254.20471,307.68683,2271.9824	205.14996,515.6458,2296.691	256.93494,414.79956,2248.5725	214.89804,309.8944,2357.878	263.0091,522.39795,2199.348	158.28307,310.0445,2190.0095	168.12949,343.71524,2266.0652	
188.8762,156.24619,2161.643	203.45691,209.62997,2210.9802	172.371,214.36674,2281.1853	160.40091,277.9342,2362.4775	203.45691,209.62997,2210.9802	236.58168,204.58253,2140.7751	226.58414,274.91766,2136.4646	218.68713,259.93726,2264.9692	214.05573,308.92694,2362.4722	207.95876,411.9425,2336.9238	253.09319,306.83807,2275.4443	205.82977,514.5615,2299.3699	256.73883,413.2977,2258.9185	214.05573,308.92694,2362.4722	265.12726,521.09534,2198.8604	157.48718,308.9008,2194.207	166.88034,344.08838,2272.1006	
187.70857,156.51091,2162.9521	202.36543,209.79886,2212.4692	171.45436,214.4998,2283.3386	161.6498,277.47696,2363.258	202.36543,209.79886,2212.4692	235.3223,204.7868,2141.5999	226.92819,274.89557,2133.2349	217.52325,260.147,2265.6628	212.91864,309.17194,2362.7856	208.32413,412.4803,2333.173	251.78906,307.16034,2274.9272	204.46101,515.47107,2293.3848	257.06247,413.7921,2254.8647	212.91864,309.17194,2362.7856	263.3986,521.36035,2202.043	158.52277,310.86328,2194.6912	166.283,344.31766,2277.6086	
185.6921,157.5148,2163.6226	202.04956,210.0775,2211.3694	171.3814,216.09573,2282.519	158.70708,275.06512,2366.4788	202.04956,210.0775,2211.3694	234.75684,203.65912,2140.2197	229.20323,278.24847,2139.665	218.89973,260.0656,2262.959	215.97449,309.60876,2358.6794	212.73233,413.21503,2327.91	254.76257,305.9726,2270.4177	208.31345,516.0298,2292.3728	260.6375,412.71368,2251.5403	215.97449,309.60876,2358.6794	269.326,520.6854,2193.6692	165.22336,318.9217,2198.386	165.50682,341.74936,2288.5083	
184.44498,158.91792,2169.9421	201.33936,210.94263,2213.1267	170.8933,217.87874,2284.3955	161.56415,277.70456,2360.2622	201.33936,210.94263,2213.1267	233.81152,203.54492,2141.858	230.84756,280.33255,2142.3345	219.02911,260.83084,2261.3506	217.01224,310.97507,2353.755	210.53862,414.31195,2328.6316	255.68793,306.2051,2265.394	205.76462,517.486,2289.2837	258.52112,413.05954,2249.9692	217.01224,310.97507,2353.755	267.2066,520.6715,2197.4536	172.39369,328.7368,2189.657	164.79762,343.80695,2290.1248	
183.47324,160.11392,2167.1216	200.18604,211.87318,2213.8584	169.99467,217.81606,2286.9512	159.98413,279.87396,2357.6682	200.18604,211.87318,2213.8584	232.43906,205.52449,2140.7656	232.03592,282.46317,2142.687	217.20387,261.767,2264.8716	214.70403,311.1584,2361.2	206.89377,413.82513,2340.5833	252.98907,307.6994,2270.5696	203.52176,516.8861,2296.9006	254.54663,414.1208,2258.7458	214.70403,311.1584,2361.2	262.32678,520.2725,2217.9915	181.82095,339.58194,2182.7104	161.45322,347.33063,2281.6294	
181.87764,160.70877,2165.698	199.81638,212.48512,2213.6487	169.71718,219.27667,2286.4797	158.87897,281.34808,2348.3416	199.81638,212.48512,2213.6487	231.96353,205.23149,2140.8176	234.48155,281.9972,2138.8723	217.91995,262.09857,2263.807	216.4778,311.78366,2359.1104	210.88501,415.16916,2330.1318	254.74623,307.25015,2268.8198	208.09323,518.85333,2285.289	259.67706,413.7641,2254.595	216.4778,311.78366,2359.1104	267.20688,521.30396,2201.3298	194.0047,347.1158,2163.0881	160.9717,350.2066,2284.811	
180.97124,160.8688,2171.004	200.27121,212.23865,2212.8447	170.6729,220.94292,2286.1453	156.85551,281.1627,2354.2256	200.27121,212.23865,2212.8447	231.89761,202.93797,2139.5442	237.26796,281.18484,2131.9565	220.25894,261.5119,2257.1992	220.82646,312.2741,2347.0386	213.81393,416.17438,2317.914	258.87808,305.3613,2256.0688	210.37769,519.71436,2280.2566	261.75452,412.00787,2249.6357	220.82646,312.2741,2347.0386	269.88815,521.01965,2180.2847	207.9505,352.08032,2143.3674	159.7865,351.78015,2283.0452	
180.12027,161.8205,2167.1118	200.23532,212.89154,2211.0757	170.81358,221.82047,2285.2383	159.91957,280.51788,2347.099	200.23532,212.89154,2211.0757	231.69925,203.34286,2136.913	238.9173,281.1264,2124.4766	220.99194,261.84863,2257.259	222.39267,312.34637,2349.3835	211.83456,414.93546,2332.9368	260.1937,305.1961,2257.5012	206.76865,518.0895,2291.6833	259.87012,411.00842,2261.2092	222.39267,312.34637,2349.3835	265.6735,518.3823,2206.062	220.99733,356.02573,2119.715	161.41913,353.82666,2286.9473	
179.03932,162.2895,2171.667	199.5444,213.52942,2211.95	170.5334,223.11304,2287.1543	162.06749,280.8633,2347.083	199.5444,213.52942,2211.95	230.59753,203.27118,2136.7456	240.05852,280.2001,2111.2026	220.32819,262.78378,2251.3262	221.98773,314.2265,2337.3137	210.71559,417.35132,2321.1865	259.5719,306.30185,2244.091	203.40746,521.5652,2273.8933	257.7713,413.1501,2243.0354	221.98773,314.2265,2337.3137	263.45288,520.13855,2202.237	234.27802,356.02917,2108.901	159.82417,354.15045,2279.2944	
178.69308,162.6889,2174.4468	199.11052,213.84947,2213.6223	170.03664,223.47464,2288.344	159.24016,281.3739,2342.0452	199.11052,213.84947,2213.6223	230.21577,203.5518,2138.9006	242.97964,279.37488,2108.6067	219.56232,263.30386,2250.8926	220.8875,315.0644,2334.4707	209.95125,417.3343,2331.6929	258.5709,307.06824,2241.855	202.75531,521.4195,2280.927	257.75027,412.97263,2253.7827	220.8875,315.0644,2334.4707	262.54514,519.9167,2209.321	246.0763,354.77893,2101.321	158.97598,354.15634,2276.4365	
178.12273,163.19388,2175.3333	198.85597,214.26976,2215.3079	170.10558,223.6533,2291.7295	161.51195,281.69415,2343.0146	198.85597,214.26976,2215.3079	229.66084,204.2157,2138.8862	246.13705,278.92838,2108.778	219.95555,263.21478,2257.1567	222.04369,314.1187,2346.3782	212.65723,415.78317,2346.9885	259.2979,306.47964,2251.633	203.83286,519.11774,2295.4001	259.49524,411.62683,2267.6653	222.04369,314.1187,2346.3782	264.69775,518.5582,2215.7866	256.0674,353.77078,2095.2598	158.34038,353.715,2274.4814	
177.65083,163.38792,2169.2803	198.69048,214.64749,2214.0535	169.7705,223.57492,2290.2676	161.82367,281.7797,2340.5142	198.69048,214.64749,2214.0535	229.67245,205.08356,2137.8394	250.73056,278.29578,2109.374	219.7276,263.45892,2259.5813	221.65121,313.80826,2352.3538	211.74722,416.10925,2340.242	258.98132,306.73108,2257.8645	201.24689,519.1874,2293.2827	259.34094,412.31287,2265.206	221.65121,313.80826,2352.3538	261.7243,519.8967,2209.0464	263.20712,352.69986,2089.4802	157.9441,353.32446,2268.96	
177.00726,163.39299,2172.2712	198.33562,214.65707,2215.171	169.57735,223.86163,2291.71	161.08679,282.59552,2344.272	198.33562,214.65707,2215.171	229.15233,204.7937,2138.6318	254.1905,277.7392,2107.6924	219.52563,263.49203,2258.8613	221.68745,314.1035,2349.997	211.70303,416.62067,2336.7852	258.9024,306.69125,2255.1064	203.07574,521.2202,2275.6812	259.5627,412.78427,2257.8499	221.68745,314.1035,2349.997	263.08362,521.44977,2192.9307	268.68854,352.4777,2085.2617	156.98763,353.8933,2266.8171	
176.93454,163.78888,2167.734	198.1901,215.18892,2215.3066	169.32172,223.65959,2292.0933	161.84558,283.3739,2339.146	198.1901,215.18892,2215.3066	229.13159,206.10995,2138.52	255.2443,277.05176,2106.8481	218.75854,264.1219,2261.3296	220.271,314.2754,2354.9597	209.84937,416.35782,2344.3816	257.51028,307.79654,2259.7454	201.34239,520.57227,2284.3884	258.058,413.63733,2263.129	220.271,314.2754,2354.9597	260.8307,520.7162,2213.3074	271.3337,351.36707,2072.8738	157.24223,353.35455,2266.719	
176.73465,163.31049,2171.5527	197.66177,214.95059,2217.524	168.71951,223.09694,2294.11	162.25792,282.89267,2337.069	197.66177,214.95059,2217.524	228.6747,206.22144,2140.9377	258.6435,276.0254,2106.4285	217.72623,264.02435,2263.6152	218.73727,314.11685,2357.1804	210.3215,416.63733,2341.2393	256.00858,308.0372,2262.2327	200.68152,521.01917,2280.528	258.18747,413.9893,2262.3003	218.73727,314.11685,2357.1804	260.40964,521.96875,2203.6833	272.66025,350.49738,2066.2893	156.6211,353.85416,2263.4734	
176.76135,162.5137,2174.4062	197.15598,214.15565,2218.985	168.62572,221.72563,2297.8992	164.92145,283.92328,2347.0527	197.15598,214.15565,2218.985	227.79033,206.0274,2140.071	259.68716,275.90353,2107.2314	216.796,263.32904,2265.766	217.63055,313.08374,2361.4766	209.8185,415.4854,2345.3623	254.43095,307.83105,2263.6177	202.66858,520.36206,2277.2627	258.19223,413.6575,2263.9165	217.63055,313.08374,2361.4766	260.23346,522.2803,2197.0596	273.222,350.00235,2060.7434	156.29712,354.29407,2263.9758	
176.07372,162.30232,2175.348	198.1177,213.29865,2214.6082	170.16617,223.16,2293.7483	162.73717,283.33246,2345.1277	198.1177,213.29865,2214.6082	228.14099,202.70638,2135.468	260.37524,275.82135,2108.6218	219.71414,262.17355,2252.9802	222.73685,313.3832,2340.351	215.42418,416.8176,2322.56	259.2178,305.26624,2242.3535	206.25327,521.68994,2265.479	263.17804,412.42566,2249.0115	222.73685,313.3832,2340.351	264.28796,522.09894,2178.6934	272.89597,349.89713,2062.5312	156.12541,354.4767,2267.2449	
176.4075,162.21033,2177.7795	199.0173,212.81737,2208.6587	171.50298,224.25395,2288.1655	162.71799,283.80304,2349.1592	199.0173,212.81737,2208.6587	228.58652,200.52664,2129.1519	260.44693,275.91934,2109.7185	221.2154,261.94818,2236.6443	225.08197,314.8034,2313.867	213.32619,417.47726,2314.2063	261.43817,304.70648,2215.3928	204.49046,523.0569,2254.677	261.09708,411.22253,2238.4114	225.08197,314.8034,2313.867	263.33087,520.0104,2183.0408	271.46848,350.43863,2063.792	156.10646,354.619,2268.9224	
176.4283,162.35358,2176.4944	198.3166,213.5935,2212.527	170.28262,223.70854,2291.1958	160.82843,284.3862,2352.604	198.3166,213.5935,2212.527	228.4176,202.73267,2133.8584	260.36444,275.6834,2110.841	219.36926,262.9356,2245.899	221.87473,314.95743,2327.922	209.80466,415.4115,2341.429	258.5183,306.52835,2230.6194	200.35118,518.2977,2295.9773	256.98547,409.61462,2266.7307	221.87473,314.95743,2327.922	260.0032,515.598,2225.6716	267.92786,350.51614,2066.3403	155.69954,354.93454,2272.5342	
176.70326,162.9739,2176.8748	198.67995,213.65657,2212.8042	170.42648,224.21362,2290.0403	161.45651,283.49124,2352.3088	198.67995,213.65657,2212.8042	228.97705,202.33588,2135.568	256.55667,276.29788,2108.4436	220.36719,262.74823,2247.124	223.33127,314.8026,2329.2512	213.54425,416.7509,2330.5679	260.2462,305.73315,2233.6365	204.26732,520.40906,2283.0918	260.90222,410.41565,2257.3325	223.33127,314.8026,2329.2512	265.17944,517.2604,2212.021	262.0685,350.41486,2068.4294	155.50351,355.17358,2276.996	
176.12442,162.46866,2170.547	198.46114,213.48242,2209.988	170.24008,223.90747,2287.8044	160.38155,282.43872,2358.652	198.46114,213.48242,2209.988	228.7421,202.29642,2132.1716	255.4245,277.50616,2110.2095	220.61946,262.33484,2247.8145	224.00964,313.9156,2333.8384	212.19705,415.38678,2338.202	260.85608,305.0378,2237.4434	203.71368,518.89374,2289.1567	259.54947,409.92737,2260.3994	224.00964,313.9156,2333.8384	264.35742,516.5489,2215.8188	255.14148,351.89413,2072.0022	155.38176,355.35043,2282.1934	
176.51537,163.73924,2167.3926	198.3974,214.7768,2211.7253	169.81761,224.23988,2288.924	165.52353,282.74493,2362.8591	198.3974,214.7768,2211.7253	229.0445,204.62921,2134.5266	250.61523,278.0594,2106.572	220.13123,263.43277,2255.6995	222.89215,314.00146,2347.5244	211.33325,415.60126,2344.485	259.94662,306.29404,2251.8228	200.8262,517.74097,2304.681	258.0238,410.82367,2273.082	222.89215,314.00146,2347.5244	262.4409,516.8141,2229.3442	246.67505,352.29712,2076.1375	155.70972,355.17346,2286.3787	
176.4122,163.86356,2166.3071	198.30573,215.08954,2212.0613	169.85527,224.25488,2290.2239	159.74837,283.57773,2347.9365	198.30573,215.08954,2212.0613	228.84041,205.25275,2133.8987	247.6465,279.0898,2108.2834	219.82005,263.8248,2256.3923	222.44594,314.24835,2349.163	211.6625,416.94385,2331.4104	259.34143,306.96216,2252.2837	201.76376,519.47217,2294.6064	258.93488,412.73718,2258.9082	222.44594,314.24835,2349.163	261.15646,519.9341,2210.8774	239.20326,353.01056,2083.2676	155.76471,355.01465,2283.928	
176.69563,164.43112,2166.2656	198.02982,215.7552,2213.0479	169.4637,224.36916,2291.1873	160.62485,284.09335,2341.9675	198.02982,215.7552,2213.0479	228.68701,206.51071,2134.9084	243.78879,280.8526,2115.1443	218.96289,264.62433,2258.5618	220.97864,314.7904,2352.511	210.46393,417.5593,2333.0273	257.93616,308.19644,2255.6404	201.00896,519.9735,2297.2664	258.1617,413.98886,2261.1306	220.97864,314.7904,2352.511	261.597,520.73157,2216.5898	229.45877,353.33704,2089.561	155.94241,354.99017,2284.441	
176.50049,164.69644,2165.2578	197.77695,215.85414,2214.4155	169.23486,223.93715,2293.1113	163.00694,285.24115,2343.9976	197.77695,215.85414,2214.4155	228.42245,207.17545,2135.7197	240.67667,282.99518,2123.0508	218.80943,264.37735,2264.5366	220.91501,313.70093,2363.441	211.76575,416.36273,2340.294	257.72284,307.77243,2265.8745	202.58722,518.1656,2307.4004	259.55643,413.22495,2269.866	220.91501,313.70093,2363.441	262.04883,520.54065,2214.5823	217.65192,353.1031,2103.8662	155.99467,355.11353,2285.6653	
176.8958,164.38202,2166.2397	198.00797,215.4641,2216.7415	169.60844,223.24295,2296.3228	160.03413,284.7221,2338.001	198.00797,215.4641,2216.7415	228.52249,207.10591,2137.1602	235.53839,285.17148,2132.0051	219.40842,263.53287,2270.9426	221.91772,312.07312,2374.4749	211.94464,414.70053,2342.704	258.48026,306.53052,2275.8127	205.1364,517.3833,2300.561	260.71118,412.21954,2270.397	221.91772,312.07312,2374.4749	261.98605,519.49146,2215.7131	207.29439,352.5553,2120.3875	155.98228,355.1936,2285.0034	
176.9283,163.92996,2164.7405	197.70135,215.24033,2216.6477	169.06418,222.4909,2295.585	160.67918,284.2891,2337.4937	197.70135,215.24033,2216.6477	228.45346,207.45427,2137.7104	230.87247,285.5606,2137.5054	218.39935,263.52484,2271.852	220.13034,311.91956,2375.993	209.85849,414.89423,2336.7073	256.873,307.01428,2278.1199	200.36642,518.78546,2282.6633	258.63504,413.33844,2262.0454	220.13034,311.91956,2375.993	258.96637,519.96533,2218.6858	199.01645,351.3066,2137.1829	156.26091,355.45642,2282.4448	
177.09982,163.73267,2164.483	197.58495,215.28131,2216.4229	168.79367,222.2985,2294.8596	159.90775,284.03333,2339.2332	197.58495,215.28131,2216.4229	228.48877,207.74925,2137.986	227.79137,285.9336,2138.249	218.00162,263.63043,2272.397	219.391,311.92404,2376.9924	210.70505,415.02478,2336.965	256.252,307.28906,2279.7498	202.27078,518.853,2284.748	259.45496,413.61798,2262.1704	219.391,311.92404,2376.9924	260.51263,520.9697,2211.1616	190.94543,349.37976,2146.8381	158.81644,355.84048,2285.3345	
177.43423,163.80399,2165.3596	197.4505,215.2169,2217.122	168.92444,221.88022,2297.0168	158.64214,282.88327,2337.9568	197.4505,215.2169,2217.122	228.10934,208.0554,2137.2273	226.63397,283.90076,2135.118	217.80316,263.49612,2274.2861	219.27075,311.43365,2380.9807	210.92693,414.2591,2343.312	255.82126,307.2941,2281.9197	203.6665,518.8732,2278.8445	259.52368,413.83728,2259.237	219.27075,311.43365,2380.9807	261.034,520.17804,2219.934	185.99362,344.50003,2148.8142	161.22816,354.83188,2285.7341	
177.95824,163.44376,2165.8179	197.33513,215.1346,2217.0503	168.977,221.31683,2298.0674	156.17912,281.70938,2339.7463	197.33513,215.1346,2217.0503	227.84442,208.48338,2136.0327	225.46686,283.4563,2138.5825	217.02385,263.71036,2273.3882	217.97385,311.63684,2379.9526	210.21288,415.0014,2333.2585	254.33066,308.16174,2279.5	201.975,518.66956,2283.8909	257.42075,414.82007,2257.5293	217.97385,311.63684,2379.9526	262.1364,521.7473,2211.5269	181.8257,340.85596,2156.809	164.01869,352.93854,2285.407	
177.82556,163.36742,2164.5208	197.02423,215.2728,2217.5562	168.29767,221.25195,2296.9492	157.57721,282.2379,2339.3884	197.02423,215.2728,2217.5562	227.8841,208.84962,2138.163	224.39236,284.01843,2141.2869	216.05873,264.09692,2273.3228	216.21368,312.19043,2378.3071	210.41168,415.6255,2333.7532	252.92557,308.90616,2279.8716	200.9733,519.569,2281.1355	257.94363,415.43945,2258.215	216.21368,312.19043,2378.3071	261.9813,522.28595,2213.759	178.68562,338.65326,2164.5027	165.3363,353.7522,2284.7383	
178.16005,163.4655,2170.3896	197.39597,215.20732,2217.9526	168.80208,221.8215,2297.5015	159.55304,282.11206,2341.0076	197.39597,215.20732,2217.9526	228.11722,208.10104,2138.4033	223.02444,284.65076,2145.1375	216.69876,264.1745,2269.9663	217.17667,312.92963,2371.2969	213.31454,416.7068,2327.525	253.87637,308.88016,2272.6636	202.97556,520.26483,2281.5967	260.63013,415.50073,2253.3242	217.17667,312.92963,2371.2969	263.54404,523.65735,2197.9453	176.20465,336.52094,2176.6575	165.2959,353.89557,2280.0542	
178.37987,162.99338,2167.314	197.17273,215.1405,2217.4626	168.3876,221.18474,2296.5593	158.65704,280.60147,2340.236	197.17273,215.1405,2217.4626	228.08731,208.64912,2138.366	219.59363,286.6099,2145.567	215.88515,264.20624,2271.224	215.71463,312.64758,2374.0198	210.43729,415.91553,2336.6626	252.52612,309.28723,2275.9514	201.30252,518.9332,2293.0637	258.5066,415.20187,2265.423	215.71463,312.64758,2374.0198	261.50058,523.2447,2204.8015	174.15572,337.6911,2194.569	170.08014,351.3452,2289.9954	
178.15263,162.52966,2171.2717	196.92044,214.56126,2220.0583	168.39256,220.63074,2300.1638	158.81825,280.59637,2339.1084	196.92044,214.56126,2220.0583	227.58412,208.03738,2139.953	220.08191,286.5167,2138.929	215.84961,263.49402,2274.1382	216.02151,311.79672,2377.873	211.41559,415.08813,2337.3113	252.55646,308.43878,2278.563	204.07462,518.4999,2290.2192	259.8762,414.55093,2261.8286	216.02151,311.79672,2377.873	263.07208,521.86005,2210.9375	177.02849,338.93665,2196.906	174.00974,350.52002,2289.2686	
178.58667,162.86061,2175.7615	197.13145,214.83112,2220.087	168.70956,221.34651,2300.366	157.30867,280.0943,2338.687	197.13145,214.83112,2220.087	227.68594,207.82683,2139.8079	222.68321,286.12915,2139.4556	215.98914,264.04022,2269.964	216.15627,313.03183,2369.6082	211.89523,416.86688,2326.4492	252.69955,309.1516,2270.0745	203.41571,520.74634,2279.4963	260.18417,415.93695,2249.2847	216.15627,313.03183,2369.6082	261.80283,523.4487,2203.6252	180.36888,341.61536,2186.5334	174.15227,349.39877,2279.9268	
178.04686,162.87979,2176.5164	196.70093,214.42824,2219.6628	168.30539,221.13039,2299.8933	161.78964,281.42194,2334.358	196.70093,214.42824,2219.6628	227.2262,207.2234,2139.4324	226.18472,285.70667,2137.74	215.53732,263.7662,2267.9946	215.70248,313.05276,2366.0603	211.59349,416.67346,2329.8533	252.25763,308.9496,2266.5925	202.21744,520.07825,2285.5845	259.80444,415.60785,2250.3457	215.70248,313.05276,2366.0603	260.45792,522.34424,2212.0781	185.05148,344.87125,2167.6726	173.27324,351.43207,2268.3923	
177.89127,163.06982,2176.396	197.1271,214.66682,2218.7664	168.62973,222.01648,2298.0576	163.29726,283.56818,2332.1953	197.1271,214.66682,2218.7664	227.73679,206.77242,2139.475	227.91776,286.58347,2136.384	216.45163,263.96387,2265.1697	217.0123,313.70557,2360.7336	213.15117,417.4107,2327.6562	253.77005,308.7525,2262.4124	204.3526,521.15295,2281.5754	261.69937,415.1183,2252.9001	217.0123,313.70557,2360.7336	262.13333,522.6985,2204.7449	190.55475,349.35336,2161.238	172.7015,353.1638,2264.2373	
178.1181,163.3299,2170.3198	197.87216,215.08385,2215.8542	169.10217,222.5525,2294.0652	163.471,284.73682,2339.0916	197.87216,215.08385,2215.8542	228.74738,207.06866,2137.6433	231.94608,287.0025,2130.6968	217.49911,264.24963,2263.7766	218.1882,313.899,2360.1807	213.24643,417.28656,2332.212	255.2129,308.74695,2263.2173	203.81953,520.72205,2286.7156	261.62122,414.88458,2257.7876	218.1882,313.899,2360.1807	261.768,522.2123,2210.071	197.27023,352.396,2148.2246	171.76941,353.9397,2263.6057	
178.38046,163.6051,2166.776	197.97183,215.27844,2214.707	168.86264,222.49979,2291.6306	161.82477,285.09393,2335.0305	197.97183,215.27844,2214.707	229.17587,207.53741,2137.7834	234.76337,286.00534,2127.3442	217.21034,264.55127,2263.5059	217.35297,314.14215,2359.9917	211.17747,417.4245,2333.1245	254.69077,309.24557,2264.6177	202.11404,520.9534,2286.5972	259.10388,415.65015,2255.9712	217.35297,314.14215,2359.9917	261.1435,522.1029,2217.4553	205.66678,354.57468,2130.9648	172.00548,354.40128,2261.6846	
178.07137,163.32506,2171.0051	197.61765,215.0743,2217.3203	168.6648,222.49821,2294.5933	163.51004,284.48877,2335.5164	197.61765,215.0743,2217.3203	228.66132,207.11426,2140.0474	237.69672,285.02737,2116.1687	217.19954,264.17017,2266.1667	217.7492,313.71463,2362.914	211.56935,416.63007,2339.8137	254.93034,308.56726,2267.1123	204.64899,521.01764,2280.815	259.94833,414.87744,2257.9187	217.7492,313.71463,2362.914	262.6447,521.77014,2213.818	214.04846,355.194,2119.4878	172.14664,354.70505,2262.0857	
177.77716,163.13748,2167.11	197.60779,214.93903,2215.6035	168.71674,222.27902,2293.3633	164.10916,282.70316,2335.753	197.60779,214.93903,2215.6035	228.60056,207.06506,2137.8438	239.0246,283.5297,2106.5625	217.27861,264.00226,2265.2583	217.93924,313.41785,2363.1165	212.01929,416.71814,2333.7383	255.0445,308.39908,2266.7097	203.47385,519.36084,2294.1736	259.76645,414.7354,2257.7412	217.93924,313.41785,2363.1165	263.0506,521.9767,2209.9736	222.38808,355.2367,2105.671	171.44951,354.71222,2264.0376	
177.56831,162.9993,2165.6956	198.59174,214.89574,2211.4167	169.79164,223.55493,2288.5579	169.12865,282.76898,2343.929	198.59174,214.89574,2211.4167	229.47375,205.6106,2134.2756	240.51653,283.92673,2105.2922	219.26602,263.9452,2256.1382	220.90416,314.36176,2348.7083	215.39215,418.35547,2319.1226	258.14343,307.675,2253.011	205.51233,522.25586,2273.7395	262.82156,414.5558,2245.5803	220.90416,314.36176,2348.7083	266.28964,522.7781,2193.714	228.4938,357.0171,2098.9507	171.10025,354.68484,2265.8936	
177.17409,162.97441,2164.9795	198.82211,214.4196,2210.1392	169.9603,223.52086,2286.6685	166.56575,283.26395,2336.4634	198.82211,214.4196,2210.1392	229.75443,204.66544,2133.6099	244.03357,283.16998,2098.1626	220.18506,263.20572,2255.7812	222.44063,313.61697,2348.8545	213.65817,416.33054,2333.558	259.72913,306.34677,2253.9922	204.04861,519.8348,2285.8413	261.68158,412.37085,2257.4824	222.44063,313.61697,2348.8545	263.2269,518.8823,2217.0273	234.09842,356.35123,2090.473	169.62486,354.935,2266.0562	
177.0282,162.68375,2164.6245	198.15933,214.20605,2210.8928	169.29953,222.64243,2288.0461	166.95526,284.10757,2333.7424	198.15933,214.20605,2210.8928	229.1062,205.15958,2133.7395	245.88489,281.66138,2089.087	218.95203,263.10242,2258.3909	220.66922,313.122,2353.7168	210.92169,415.50717,2339.7603	257.8788,306.71384,2258.061	199.3524,518.84424,2289.103	257.97363,412.86404,2257.95	220.66922,313.122,2353.7168	260.52692,518.4163,2226.5862	238.23018,355.3609,2083.5933	169.46223,354.7584,2265.98	
177.16182,162.68996,2164.925	197.90018,214.58331,2211.0977	169.00714,222.8091,2288.286	165.88316,285.0306,2331.8638	197.90018,214.58331,2211.0977	228.88345,205.76242,2133.9094	246.82245,280.4143,2088.536	218.4746,263.5369,2258.9727	219.97267,313.46533,2354.691	210.41318,416.02673,2338.4028	257.18927,307.32446,2259.0044	202.935,520.1911,2281.7344	258.68576,413.77057,2254.3894	219.97267,313.46533,2354.691	262.2286,519.7398,2220.6577	241.52284,354.37866,2081.925	168.58875,355.41745,2267.6558	
177.60924,162.85112,2166.0977	198.13458,214.6843,2210.458	169.10994,222.85123,2287.1792	165.62444,285.4886,2331.432	198.13458,214.6843,2210.458	229.24644,205.93008,2133.7368	247.07971,280.09943,2086.2742	218.19214,263.95898,2256.2056	219.14235,314.2482,2349.5105	210.3541,417.3404,2330.0562	256.5352,308.17673,2254.3958	202.99072,521.3152,2280.5605	259.08722,415.18323,2244.946	219.14235,314.2482,2349.5105	260.87704,521.2,2215.7874	244.6276,354.35797,2080.0317	168.00932,355.61713,2268.7788	
177.48347,162.85374,2165.1714	198.33679,214.67915,2209.9946	169.2515,223.22122,2286.085	158.85971,284.54062,2328.2124	198.33679,214.67915,2209.9946	229.49634,205.5279,2133.9043	248.63705,280.05328,2086.6523	219.08063,263.63367,2257.1074	220.63089,313.8107,2351.3909	212.62497,416.76605,2333.6572	258.0883,307.22705,2257.0496	204.5708,519.43884,2295.238	261.33267,413.56372,2254.757	220.63089,313.8107,2351.3909	263.85,520.1599,2214.7922	246.28546,354.39243,2078.292	166.48346,355.09686,2265.9707	
177.81099,163.53867,2165.2153	198.80591,215.24222,2209.0308	169.5092,224.16393,2283.7808	159.939,283.59134,2332.1138	198.80591,215.24222,2209.0308	230.15483,205.69559,2134.2812	249.79492,279.969,2089.8352	219.68427,264.2431,2254.6406	221.24997,314.78674,2346.5918	212.45787,417.86774,2329.4526	258.97943,307.67142,2253.9092	203.06326,521.72595,2280.2627	261.15872,414.15692,2252.1462	221.24997,314.78674,2346.5918	261.95245,521.6085,2205.4016	247.09113,354.4315,2077.8752	167.03523,353.9096,2265.1138	
177.70409,163.27264,2164.7239	199.45932,213.9415,2205.5723	170.60486,223.9447,2281.3972	161.27899,284.31332,2329.5618	199.45932,213.9415,2205.5723	230.36841,203.22601,2129.7473	250.46829,280.0112,2094.4119	221.45935,262.76593,2247.7783	224.31131,313.91788,2337.0068	214.02667,416.94424,2324.5063	261.75443,305.49033,2242.962	206.00217,521.36456,2272.7734	262.95395,412.02936,2247.3447	224.31131,313.91788,2337.0068	265.0033,520.4881,2191.3525	245.89313,354.08234,2078.278	166.2921,354.18918,2265.7578	
177.64726,162.72195,2158.4712	199.80331,213.76656,2203.9573	170.57503,223.62659,2278.3901	163.1829,284.673,2328.2793	199.80331,213.76656,2203.9573	231.07483,203.21725,2129.5244	249.94563,280.60556,2095.6987	221.90094,262.43344,2249.3896	224.63795,313.24112,2340.9565	211.8636,415.07623,2337.5117	262.36774,304.9386,2248.6875	203.77853,518.6024,2288.7852	259.77988,409.60577,2269.9443	224.63795,313.24112,2340.9565	262.92596,517.8628,2201.408	243.21451,354.56433,2074.5525	165.21599,354.54523,2265.1719	
177.78899,163.3446,2160.8652	199.77185,214.54514,2205.6172	170.51437,224.526,2279.6301	161.12471,285.27518,2325.1494	199.77185,214.54514,2205.6172	231.0611,203.87115,2131.6042	248.93423,280.65756,2094.368	221.83676,263.2374,2249.929	224.53485,314.20306,2340.1165	211.61157,416.27988,2334.336	262.31937,305.72488,2248.365	203.19359,520.1984,2283.1792	259.01215,411.5396,2256.4683	224.53485,314.20306,2340.1165	262.61554,518.3932,2210.5356	241.47969,354.48535,2076.4084	165.20895,354.78967,2264.694	
178.41579,163.41434,2164.0571	199.29707,214.76135,2206.99	169.93353,224.2094,2281.0012	161.55583,285.54584,2325.068	199.29707,214.76135,2206.99	230.69836,204.65764,2132.9788	247.45078,280.0084,2093.2065	220.3674,263.88187,2249.855	222.0835,314.98715,2338.6018	209.53995,417.2445,2332.2556	259.97446,307.1881,2246.8381	200.2019,521.19684,2281.4358	257.1223,413.27667,2253.4597	222.0835,314.98715,2338.6018	259.78796,520.0744,2211.4072	239.80093,353.77695,2078.5469	165.1809,354.52933,2265.423	
178.52551,163.50648,2164.1665	198.9733,215.02948,2208.524	169.69313,223.6414,2283.7349	160.40479,284.80063,2332.0588	198.9733,215.02948,2208.524	230.31804,205.81033,2133.313	246.74411,280.3499,2093.6077	219.48883,264.15933,2254.3362	220.72125,314.6147,2346.7812	210.50163,416.7143,2340.874	258.41724,307.91376,2253.5156	201.29028,519.9471,2293.4756	258.12952,413.6914,2260.686	220.72125,314.6147,2346.7812	260.43295,520.5126,2215.606	235.91324,353.99463,2077.3547	165.13568,354.3711,2266.7747	
178.6138,163.0926,2164.6975	198.75781,214.78546,2209.8103	169.3355,223.10527,2284.578	163.09738,284.26923,2331.0188	198.75781,214.78546,2209.8103	230.24083,205.88297,2135.0427	245.69446,282.02505,2101.3008	218.90092,263.9895,2256.4126	219.7159,314.315,2349.3591	209.6474,416.71558,2338.2288	257.50214,307.96152,2256.6707	203.63092,520.7573,2284.4631	259.01602,414.2069,2255.8567	219.7159,314.315,2349.3591	260.12747,520.45874,2219.2708	232.85437,355.53937,2082.4043	164.6923,354.66522,2268.8472	
178.80441,163.13562,2164.984	199.00114,214.75153,2209.6377	169.67159,223.22185,2284.7603	163.37515,284.4562,2333.0347	199.00114,214.75153,2209.6377	230.39519,205.68498,2134.5151	244.80994,282.01547,2099.1572	219.30307,263.94177,2255.609	220.31519,314.3637,2348.1462	211.80457,417.4502,2329.689	258.03598,307.83823,2255.014	204.26128,520.6975,2287.568	260.49896,414.09174,2255.2998	220.31519,314.3637,2348.1462	261.7875,522.0838,2200.0127	230.55728,354.89328,2085.3354	164.38054,354.8048,2270.5078	
178.5124,163.79675,2164.6172	199.54001,215.19061,2207.7544	170.24866,224.61804,2282.0647	163.23409,284.4675,2331.5557	199.54001,215.19061,2207.7544	230.87186,205.10646,2133.444	243.56201,282.61407,2102.0806	220.4475,264.40018,2249.439	222.04993,315.62195,2337.203	213.44853,419.06512,2320.9785	259.89972,307.86008,2245.0442	203.12518,523.0867,2273.549	261.91202,414.76392,2243.3748	222.04993,315.62195,2337.203	262.64163,521.7977,2204.2014	227.27667,355.0242,2089.736	164.2589,354.87183,2271.811	
178.6499,163.63298,2165.4211	199.66635,214.86047,2206.9514	170.46724,224.31126,2281.807	165.64911,283.9937,2336.7764	199.66635,214.86047,2206.9514	230.91577,204.74606,2132.096	242.97702,282.8333,2101.0186	220.75272,264.01068,2249.17	222.57591,315.15222,2337.7847	212.22708,417.68002,2330.99	260.31226,307.39008,2244.9922	202.4957,520.73755,2289.2441	260.35974,413.37982,2254.4307	222.57591,315.15222,2337.7847	262.1262,520.72864,2206.5718	225.23666,354.88412,2089.951	164.20987,355.0176,2271.301	
178.72612,163.35056,2158.3193	199.7095,214.72029,2204.1746	170.26672,223.90761,2278.3894	165.78516,284.09473,2334.3896	199.7095,214.72029,2204.1746	231.20404,204.89275,2129.9597	242.96153,283.08167,2100.4966	220.91139,263.7022,2250.0388	222.6936,314.38184,2341.9082	211.46274,416.60492,2335.8374	260.59833,306.92303,2249.898	203.05237,519.8562,2290.7874	260.33447,412.7342,2259.1577	222.6936,314.38184,2341.9082	261.18533,519.24054,2218.1172	223.35138,354.05093,2093.785	164.52583,354.73004,2274.0938	
178.33907,162.50174,2154.7642	199.57852,214.2296,2203.26	170.01727,223.25073,2277.1719	165.46478,284.59265,2329.1848	199.57852,214.2296,2203.26	231.19199,204.5822,2129.3481	241.8407,282.52972,2099.7363	220.80453,263.12613,2251.1548	222.53821,313.54504,2344.867	211.76492,415.92203,2335.813	260.51086,306.28094,2253.2322	201.44977,519.2709,2288.2332	260.00427,412.20032,2259.4358	222.53821,313.54504,2344.867	260.44022,519.0589,2214.9778	222.34927,353.50546,2096.042	164.29842,354.78815,2276.2886	
178.45451,163.17255,2160.0127	199.55208,214.9124,2205.4932	170.09814,224.2322,2279.3828	165.21422,285.0826,2327.1042	199.55208,214.9124,2205.4932	231.048,204.94649,2131.6035	241.19696,282.35553,2100.877	221.00618,263.7329,2251.976	223.0173,314.32715,2344.265	212.47346,416.94806,2332.7498	260.9232,306.678,2252.653	202.54099,520.2701,2287.5845	260.36133,412.8628,2255.947	223.0173,314.32715,2344.265	261.64975,520.3103,2207.1726	221.30005,353.33432,2097.4001	164.21497,354.97867,2272.9883	
178.51454,163.34192,2161.6353	199.12181,215.4261,2208.1765	169.48376,223.9165,2281.837	163.23412,285.943,2326.0566	199.12181,215.4261,2208.1765	230.80542,206.3497,2134.516	240.59192,282.21408,2097.4438	219.70232,264.37585,2256.7397	220.79657,314.51102,2350.9753	210.08272,416.87244,2338.829	258.78754,307.88422,2259.6306	198.91046,520.0995,2290.779	257.83368,413.74188,2262.9333	220.79657,314.51102,2350.9753	259.20914,520.95215,2213.4119	220.80319,353.3365,2099.7507	164.17177,355.08856,2274.3884	
