255.02753,140.16077,2296.9814	252.54211,188.50969,2240.1843	215.65996,181.42453,2169.0906	177.41014,254.29424,2112.9453	252.54211,188.50969,2240.1843	287.1553,195.15898,2311.278	317.88846,252.39478,2399.165	249.21112,241.69592,2194.545	220.79723,294.77213,2102.583	211.25299,404.2468,2162.7788	269.62744,299.41058,2195.228	186.0639,506.6653,2184.046	291.64117,407.54425,2205.7905	220.79723,294.77213,2102.583	319.1892,509.02228,2215.5308	367.0775,212.28885,2327.3704	194.1235,329.87097,1979.3352	
255.0632,140.02701,2296.3591	252.52127,188.6069,2238.5684	215.5691,181.46266,2168.0278	176.89738,254.4911,2114.973	252.52127,188.6069,2238.5684	287.21576,195.31465,2309.109	316.65955,251.37228,2396.0833	249.09662,241.79892,2192.354	220.51598,294.85468,2100.1765	210.58429,404.48822,2159.6997	269.48425,299.6071,2192.1028	186.0067,506.53088,2185.37	291.0631,407.6645,2206.6047	220.51598,294.85468,2100.1765	319.69833,509.8567,2207.9048	364.1581,209.74512,2326.657	197.24683,324.4231,1963.404	
254.72891,140.89603,2296.0479	252.3522,189.04001,2237.6558	215.4838,181.77686,2166.209	175.75864,254.29785,2118.9863	252.3522,189.04001,2237.6558	286.9391,195.8537,2309.1025	315.0842,250.49654,2395.0437	248.94928,242.20888,2190.4775	220.42278,295.242,2096.7446	210.99118,404.3144,2162.5845	269.30844,300.08957,2189.854	185.39139,507.54935,2177.5317	290.6802,407.91187,2208.941	220.42278,295.242,2096.7446	320.33984,510.06744,2207.3408	361.62225,208.58948,2319.4468	199.80096,318.33456,1952.8628	
254.68843,141.26732,2295.892	252.27176,189.36032,2238.3691	215.37665,182.12297,2167.2827	175.49802,254.40096,2131.4915	252.27176,189.36032,2238.3691	286.89557,196.15211,2309.4556	314.28763,250.19188,2391.524	248.84198,242.51839,2191.1921	220.26897,295.5429,2097.6968	211.16426,404.237,2166.435	269.1965,300.38422,2190.3335	185.85422,507.77704,2178.6216	290.62988,408.0227,2211.1719	220.26897,295.5429,2097.6968	319.78326,510.21378,2209.698	360.24283,208.03421,2311.2847	201.20975,308.07922,1941.455	
254.60208,141.56343,2295.813	252.131,189.5392,2238.0671	215.258,182.27023,2166.695	175.638,254.85597,2137.7454	252.131,189.5392,2238.0671	286.7249,196.35886,2309.4392	314.25256,250.03505,2390.7615	248.6354,242.72624,2191.2378	220.01518,295.75415,2097.9036	211.12527,404.5997,2165.51	268.89902,300.613,2190.9133	185.97435,507.9439,2179.6772	291.1203,408.37222,2208.1106	220.01518,295.75415,2097.9036	319.72238,509.73532,2215.638	358.65186,207.04796,2303.7036	201.67679,297.7538,1929.4727	
254.2108,141.64474,2297.272	251.97519,189.52802,2238.657	214.97879,182.32428,2168.604	178.4291,257.0946,2141.3713	251.97519,189.52802,2238.657	286.72644,196.29457,2308.71	314.3589,250.06941,2392.3784	248.53574,242.63937,2190.746	219.861,295.63556,2097.1875	210.97644,405.0495,2160.4883	268.97763,300.512,2188.483	186.64206,507.03336,2186.3672	291.50388,408.36487,2205.3726	219.861,295.63556,2097.1875	320.64102,509.79926,2212.3508	356.70282,207.56807,2290.824	201.02362,288.47195,1914.8071	
254.08028,141.27191,2296.5022	251.67328,189.32327,2238.829	214.72939,181.97208,2168.3613	178.75484,257.72455,2137.1855	251.67328,189.32327,2238.829	286.36252,196.22583,2309.2969	313.92694,250.21443,2391.1865	248.04361,242.42761,2191.061	219.20322,295.32397,2097.3777	210.65007,404.80594,2160.4182	268.25034,300.3661,2189.2083	186.06894,506.55664,2187.6067	290.53564,407.82642,2210.8052	219.20322,295.32397,2097.3777	320.01062,509.4918,2213.0278	356.53833,209.5073,2280.9731	198.70915,282.48346,1902.9604	
254.4454,141.0635,2297.1199	251.96646,189.1065,2240.1406	214.98592,181.79608,2170.3564	179.47153,258.5149,2127.0938	251.96646,189.1065,2240.1406	286.71262,195.97522,2309.9248	314.18704,250.90044,2388.0955	248.24486,242.21053,2193.0667	219.29831,295.0721,2100.5225	211.78859,404.24557,2165.6697	268.38165,300.10974,2191.463	185.46486,506.1919,2186.9897	292.351,407.2581,2211.1511	219.29831,295.0721,2100.5225	319.82343,509.19284,2215.4607	356.3036,211.80301,2265.4114	196.6094,279.59702,1887.1667	
254.54034,140.15298,2296.4265	251.80576,188.67325,2240.6577	214.8934,181.30708,2170.2266	177.8013,257.741,2116.0452	251.80576,188.67325,2240.6577	286.46826,195.59042,2311.0884	312.37674,251.74194,2383.5464	248.01645,241.79137,2194.2585	219.06183,294.61847,2101.9678	210.92554,404.1109,2163.4653	268.019,299.68228,2193.751	186.28087,506.4745,2185.607	292.0695,407.00232,2209.9292	219.06183,294.61847,2101.9678	318.62454,508.71637,2218.4521	356.13898,216.79938,2247.983	193.22783,279.98285,1873.5396	
254.57468,139.84749,2296.0835	251.58885,188.54654,2240.6392	214.49567,181.30566,2171.9912	176.45105,256.18225,2103.025	251.58885,188.54654,2240.6392	286.47668,195.35692,2309.287	311.9456,253.62823,2378.776	247.71526,241.68843,2194.7612	218.55733,294.53668,2104.1497	210.32036,404.23538,2162.9255	267.77072,299.55768,2193.617	186.42157,507.12506,2183.0151	291.5113,407.02722,2208.9832	218.55733,294.53668,2104.1497	319.44547,509.254,2210.742	355.30972,219.77548,2232.9656	188.30777,284.87616,1863.6667	
254.4628,140.37946,2296.9104	251.47264,188.961,2241.4043	214.22502,181.79358,2174.6504	174.18373,253.91652,2091.5137	251.47264,188.961,2241.4043	286.5658,195.71384,2308.1582	314.25317,255.10771,2368.8892	247.52646,242.05284,2194.869	218.16643,294.8613,2104.8354	210.09024,404.73938,2161.8628	267.65033,299.92563,2191.8315	187.06448,507.87985,2182.0059	291.60916,407.51367,2206.303	218.16643,294.8613,2104.8354	318.7683,510.11334,2207.9277	355.9263,225.13232,2203.714	181.99109,290.55606,1857.1934	
254.62207,140.31827,2303.8242	251.74,188.46133,2245.0066	214.71985,180.98097,2176.9463	173.24387,251.98987,2078.7515	251.74,188.46133,2245.0066	286.58157,195.50148,2313.067	316.3772,255.30843,2353.4517	247.78972,241.2917,2195.7725	218.50807,293.77826,2102.1912	210.48976,403.7137,2160.2002	267.79022,299.20087,2190.8855	187.99654,507.4835,2177.5618	291.16193,406.7591,2207.8677	218.50807,293.77826,2102.1912	320.58276,508.79865,2208.197	358.17722,231.15723,2173.9573	176.52669,296.2814,1851.0669	
254.70436,140.03806,2321.7852	252.42578,187.04291,2254.8022	215.78258,178.94421,2185.8086	175.79915,250.12987,2055.8447	252.42578,187.04291,2254.8022	286.89313,194.6607,2323.796	317.93802,255.20714,2338.7686	248.57817,239.06433,2197.9536	219.45757,290.6359,2096.1465	212.05661,400.8891,2155.3276	268.5638,296.9284,2186.0635	187.8395,504.02765,2175.9705	291.57245,404.5772,2206.0068	219.45757,290.6359,2096.1465	321.45175,507.1351,2201.7844	360.06918,236.32863,2148.5505	172.34691,303.3082,1841.6538	
254.88039,140.44162,2330.7634	252.81723,186.377,2259.9685	216.4251,177.94495,2189.9314	176.17493,247.35406,2043.4146	252.81723,186.377,2259.9685	287.02155,194.30215,2330.0056	319.7103,255.45131,2324.3982	249.12137,237.9681,2199.0654	220.23386,289.06274,2092.529	212.67377,398.9801,2156.348	269.15207,295.7901,2183.7957	188.75162,501.51962,2181.3005	290.46066,403.77075,2205.174	220.23386,289.06274,2092.529	321.67056,504.82516,2210.2207	361.67258,241.9356,2123.1375	167.08568,305.6388,1833.2441	
255.03568,140.87154,2335.7458	253.17741,186.39423,2262.6677	216.78252,177.96204,2193.2888	177.94984,244.25938,2033.7041	253.17741,186.39423,2262.6677	287.4068,194.3247,2332.0466	320.47626,255.26128,2308.6965	249.63809,237.76608,2199.5864	220.86322,288.696,2091.3022	213.34073,398.32242,2158.2166	269.87927,295.50293,2181.708	188.8142,500.28836,2185.4646	291.2978,403.34064,2205.8347	220.86322,288.696,2091.3022	320.21558,505.13785,2210.056	363.23456,248.56425,2097.3994	162.28758,304.08942,1823.4915	
255.21092,140.805,2337.7432	253.0025,186.30638,2264.0583	216.52731,177.90414,2195.7534	181.10652,241.29068,2018.3541	253.0025,186.30638,2264.0583	287.3413,194.21649,2332.3633	320.24026,254.10258,2290.351	249.30193,237.665,2201.1836	220.29819,288.5502,2093.803	212.32962,397.42938,2165.4048	269.44632,295.39514,2182.8147	187.12584,500.00076,2185.0623	289.4256,403.46414,2206.6858	220.29819,288.5502,2093.803	319.3355,503.6585,2220.9846	365.352,251.26501,2075.3828	157.85962,299.79562,1806.3192	
255.53323,140.96494,2338.7466	253.10806,186.14566,2263.8406	216.17786,178.24303,2200.5767	184.33171,239.79207,2007.1821	253.10806,186.14566,2263.8406	288.03033,193.61862,2327.1045	320.12436,252.42766,2272.1868	249.30978,237.55489,2201.5674	219.8792,288.63272,2098.0425	212.73083,397.67963,2167.152	269.74008,295.15564,2180.546	186.61113,500.97214,2179.6145	290.5321,403.24167,2203.9097	219.8792,288.63272,2098.0425	320.2539,503.9463,2215.9507	367.0415,253.01184,2057.997	153.78032,292.93927,1788.3387	
255.66083,141.3558,2339.745	253.05603,186.67395,2263.8206	215.87701,179.07103,2203.33	184.11156,238.31125,1995.5924	253.05603,186.67395,2263.8206	288.29987,193.88112,2324.311	319.68256,251.35861,2256.6016	249.1586,238.17372,2202.5132	219.49634,289.41672,2101.7976	212.61389,398.57156,2168.4602	269.6565,295.71262,2180.614	187.23041,502.11307,2180.077	290.6873,403.38245,2208.111	219.49634,289.41672,2101.7976	319.46503,504.93936,2213.8416	368.1278,253.77837,2046.4424	148.99467,283.24988,1762.2788	
256.07132,141.19899,2340.2422	253.23175,186.86353,2264.7942	215.98424,179.33176,2205.3486	182.26181,236.11557,1989.7974	253.23175,186.86353,2264.7942	288.57394,194.01003,2324.2397	318.8127,249.7041,2240.3042	249.20941,238.39682,2204.1914	219.38608,289.65326,2104.8657	212.30289,399.49405,2164.059	269.62567,295.92145,2182.3115	187.31894,501.80188,2186.0532	290.8813,403.47333,2209.722	219.38608,289.65326,2104.8657	319.9309,505.10733,2213.6765	368.60382,251.89041,2034.6819	145.40329,270.0966,1743.9589	
256.42432,141.01051,2339.9878	253.4043,186.56358,2264.943	216.06624,179.15495,2206.6367	176.90941,232.5746,1993.8977	253.4043,186.56358,2264.943	288.86823,193.60034,2323.2495	317.34213,249.63576,2233.6523	249.41577,238.08388,2204.2935	219.56125,289.37274,2105.6572	211.81375,398.56592,2169.5825	269.94897,295.5566,2181.6304	187.94835,502.59695,2179.4316	291.00443,403.35547,2207.1182	219.56125,289.37274,2105.6572	320.19272,504.90244,2212.584	366.36124,246.38135,2029.9192	144.51073,243.64265,1734.5007	
256.4857,140.63284,2340.3567	253.60919,186.03908,2265.7502	216.11441,178.92896,2209.655	174.64151,229.3955,2001.4446	253.60919,186.03908,2265.7502	289.29224,192.80563,2321.8455	316.22372,250.22633,2234.8213	249.76598,237.523,2204.9863	219.95332,288.90396,2107.6697	212.32156,398.1967,2170.1938	270.59326,294.84454,2180.7751	188.64777,501.49506,2185.5415	291.2337,402.72607,2206.791	219.95332,288.90396,2107.6697	320.09302,504.42728,2211.9421	364.9837,242.80652,2032.3131	149.84695,217.59897,1744.87	
257.02646,140.32455,2333.552	254.04077,185.97963,2262.3745	216.34004,179.16026,2208.4111	174.28503,229.4564,2015.7205	254.04077,185.97963,2262.3745	289.98486,192.48126,2316.338	316.72504,251.34029,2250.925	250.08551,237.7608,2204.6523	220.09247,289.45026,2111.7678	211.51546,399.22192,2167.3235	270.9104,295.10974,2182.0925	189.0476,502.52472,2185.596	290.7553,402.90714,2209.8682	220.09247,289.45026,2111.7678	319.5011,505.22968,2208.8064	361.16513,237.63432,2047.7598	156.24686,199.1235,1769.9584	
257.8537,140.48987,2322.6338	254.77032,186.94695,2256.2004	217.11653,179.98865,2200.114	173.88676,229.08409,2029.8551	254.77032,186.94695,2256.2004	290.59744,193.56769,2312.2869	317.73947,252.44614,2275.449	250.59267,239.14752,2202.2485	220.496,291.0985,2111.752	211.57535,401.6352,2159.7817	271.05432,296.74545,2184.8413	188.68053,503.99063,2186.0537	290.6448,404.7765,2208.648	220.496,291.0985,2111.752	319.632,506.27664,2214.2144	358.73862,234.96446,2065.444	164.1006,185.368,1800.511	
258.05206,140.08154,2331.1729	254.9338,185.98889,2258.7617	217.17392,179.18471,2205.1123	173.42108,230.22824,2048.921	254.9338,185.98889,2258.7617	290.9416,192.47737,2312.4111	318.49878,254.03154,2302.7083	250.9948,237.84047,2200.99	220.9743,289.616,2108.2598	210.99722,400.50372,2154.1335	271.88217,295.26666,2178.1768	188.4743,502.04587,2188.1306	291.11505,404.13843,2196.9434	220.9743,289.616,2108.2598	322.0187,505.2679,2205.5894	353.9223,229.4836,2094.3914	170.73953,178.07404,1839.3889	
258.45477,139.93097,2328.4539	255.4566,185.73997,2255.9453	217.74585,178.77872,2201.0083	172.34819,229.46173,2069.9612	255.4566,185.73997,2255.9453	291.37436,192.37024,2310.8823	316.66666,252.36024,2331.8535	251.53906,237.62628,2197.707	221.565,289.4058,2103.6758	212.00507,400.18988,2153.1587	272.401,295.1725,2175.2617	187.82289,500.83267,2190.659	290.6314,404.00482,2198.1348	221.565,289.4058,2103.6758	320.7739,504.85776,2210.3508	350.92496,226.27985,2123.4285	175.98059,173.33603,1875.8511	
258.79712,139.76004,2319.5923	255.78012,186.15222,2250.9148	218.0286,178.95586,2195.8943	174.2474,231.0593,2089.4858	255.78012,186.15222,2250.9148	291.73013,193.00519,2305.9353	313.7262,251.09221,2363.4177	251.28998,238.3474,2195.594	220.74515,290.1725,2104.4253	210.97433,400.80612,2154.5894	271.5395,296.20798,2176.121	186.69806,500.87012,2195.13	288.17886,404.97617,2201.84	220.74515,290.1725,2104.4253	318.60382,505.6685,2213.2927	346.4665,223.85681,2156.9802	182.72061,173.56616,1907.1234	
259.58517,139.44353,2322.1633	256.3907,185.67632,2251.0615	218.60956,178.39693,2197.1426	175.56374,233.26076,2112.741	256.3907,185.67632,2251.0615	292.4042,192.61514,2304.9805	311.6941,250.45201,2383.7102	251.82266,237.71199,2193.7422	221.11261,289.36713,2101.2908	211.98953,400.14105,2152.4548	272.06854,295.60992,2171.555	187.51118,500.54724,2191.3677	289.42847,404.78644,2194.1714	221.11261,289.36713,2101.2908	321.5915,505.0367,2207.7993	343.30392,222.27213,2183.9336	187.28432,176.70976,1933.1584	
260.39886,138.22864,2309.93	256.71002,185.83084,2245.6855	219.01201,178.38998,2189.236	176.56685,234.636,2137.858	256.71002,185.83084,2245.6855	292.55927,192.90678,2302.135	306.51068,250.35144,2401.3296	251.74246,238.37492,2194.54	220.83002,290.26633,2106.6082	211.72098,400.73273,2157.9026	271.37817,296.48026,2180.181	186.96205,500.33783,2199.6384	288.40338,405.109,2204.6277	220.83002,290.26633,2106.6082	319.94556,504.643,2221.3262	340.888,221.7995,2209.1138	189.45978,183.82866,1948.2043	
260.50482,139.16647,2303.3335	256.49954,187.13068,2241.4453	218.85228,179.70717,2182.853	180.15584,236.81636,2164.9294	256.49954,187.13068,2241.4453	292.2287,194.17596,2300.0376	303.98788,250.2767,2414.6658	251.58481,239.96262,2192.523	220.8305,292.15082,2105.422	211.7218,403.37732,2149.9124	271.16455,298.1544,2181.779	186.71468,503.1077,2192.5671	289.80637,407.126,2197.754	220.8305,292.15082,2105.422	320.51062,507.238,2214.4646	338.42865,221.21472,2221.6443	190.64124,195.1583,1954.5254	
260.30164,139.62442,2300.035	256.3688,187.47136,2239.2568	218.82596,179.95834,2178.6511	181.81914,237.6248,2178.9666	256.3688,187.47136,2239.2568	291.93298,194.58841,2299.8625	303.72833,249.97737,2426.8328	251.49046,240.41814,2191.0325	220.86676,292.71027,2103.3184	211.1228,403.41235,2152.7817	270.99454,298.67593,2182.2979	186.70734,504.5184,2186.8171	290.90344,407.6253,2195.6687	220.86676,292.71027,2103.3184	321.209,507.1575,2218.2686	335.48773,222.59293,2225.464	189.43648,207.435,1947.4252	
260.23575,139.3717,2305.3848	256.37585,187.14735,2241.7175	218.93695,179.51167,2180.454	184.05518,240.79187,2187.4824	256.37585,187.14735,2241.7175	291.82288,194.37679,2302.981	302.32004,249.1685,2419.4172	251.50815,239.9645,2192.3677	220.93765,292.1074,2103.103	210.62802,402.41553,2155.7393	270.96307,298.2074,2182.9326	187.19724,504.23218,2185.9883	291.7862,406.98895,2196.08	220.93765,292.1074,2103.103	320.29517,507.04587,2218.4346	335.39948,224.31137,2217.58	188.26451,224.04387,1938.1833	
260.4206,139.19664,2315.5583	256.70178,186.19276,2247.528	219.36942,178.45535,2186.5005	183.88785,241.18816,2181.737	256.70178,186.19276,2247.528	292.0604,193.52109,2308.5557	302.86542,250.94452,2407.7102	252.01617,238.63377,2194.745	221.61865,290.44855,2102.1995	211.78186,401.12372,2152.8938	271.6518,296.75305,2181.7249	187.44249,502.34875,2186.566	292.61597,405.56592,2195.1387	221.61865,290.44855,2102.1995	319.622,506.8422,2211.7358	337.72885,226.12589,2207.0105	184.55594,243.1519,1926.1375	
260.34985,139.40817,2320.1497	256.9164,185.98299,2251.4976	219.80478,178.075,2188.85	180.706,241.40129,2161.3696	256.9164,185.98299,2251.4976	292.0187,193.4628,2314.145	304.30624,253.66652,2396.36	252.35223,238.22679,2197.123	222.19196,289.8368,2101.9263	212.23935,400.57407,2152.27	271.97247,296.28455,2183.5708	187.47676,500.93317,2190.9727	290.87292,405.32507,2197.4277	222.19196,289.8368,2101.9263	319.54382,505.9716,2214.6047	339.0678,227.35123,2198.9639	178.27557,259.51498,1910.335	
260.0581,139.57231,2329.947	256.93948,185.51906,2257.3765	220.05667,177.41081,2193.4902	178.44324,242.73576,2135.1843	256.93948,185.51906,2257.3765	291.79208,193.181,2321.2627	307.73138,254.6403,2376.6917	252.60083,237.37848,2199.6384	222.75266,288.6272,2100.273	212.39055,399.66174,2148.5886	272.34015,295.3105,2183.5278	187.19252,499.5879,2190.522	290.87683,404.4474,2197.1948	222.75266,288.6272,2100.273	320.58994,505.38364,2210.035	343.50644,229.60324,2176.5764	172.15088,272.978,1892.0168	
259.7903,140.43394,2335.8389	256.66263,186.18532,2262.0532	219.77786,178.1848,2198.9492	174.66245,242.20644,2105.5908	256.66263,186.18532,2262.0532	291.54535,193.75159,2325.1572	312.47406,255.19084,2358.343	252.45792,237.86546,2202.9995	222.72133,289.01813,2102.8296	211.80885,399.2446,2156.4092	272.3697,295.64008,2185.062	187.41463,500.2255,2190.5596	289.5847,404.924,2198.523	222.72133,289.01813,2102.8296	320.6503,505.08914,2213.7217	346.49612,230.23761,2151.6008	165.56781,280.78445,1871.0049	
258.97897,141.11896,2339.288	256.15027,186.76508,2264.7705	219.34077,178.79727,2201.0278	172.75021,241.39493,2079.2974	256.15027,186.76508,2264.7705	290.9445,194.29663,2328.5132	317.06067,254.7137,2332.6719	252.16983,238.31755,2204.506	222.69847,289.42725,2102.7087	211.50085,400.02972,2152.66	272.27252,295.98145,2185.7747	188.03221,501.26102,2187.842	290.6752,405.47162,2193.6594	222.69847,289.42725,2102.7087	320.32233,503.7872,2226.5857	351.08453,231.85878,2114.9119	158.66254,284.23587,1845.8134	
258.33743,140.91971,2340.012	255.5934,186.83069,2266.822	218.78073,178.931,2203.2097	171.33463,238.60464,2056.1482	255.5934,186.83069,2266.822	290.39636,194.2991,2330.4343	320.2612,253.29688,2308.3372	251.66034,238.34953,2206.6523	222.24274,289.4551,2105.0347	211.36731,399.99658,2154.825	271.81363,295.93323,2187.9307	186.88615,500.6881,2191.1887	289.99466,405.18393,2198.0596	222.24274,289.4551,2105.0347	319.1134,505.03333,2219.5183	356.78595,233.95483,2089.7764	152.64981,283.28256,1822.5338	
257.9332,141.13652,2347.3708	255.39197,186.67009,2270.9014	218.5714,178.8345,2208.1301	173.52406,237.3143,2036.0726	255.39197,186.67009,2270.9014	290.23172,194.08415,2333.6726	323.52283,251.22295,2291.1655	251.6051,237.95216,2208.919	222.29318,288.89154,2106.0352	211.37518,399.7151,2152.8887	271.9598,295.37546,2187.838	188.17863,500.81937,2189.2837	290.77557,404.5258,2198.0522	222.29318,288.89154,2106.0352	319.22736,504.24692,2222.269	360.5319,235.10541,2065.6501	148.26532,277.94598,1797.0205	
257.4634,141.32144,2350.5508	254.76535,186.44331,2273.4165	217.78197,178.81656,2212.9414	172.08485,237.09155,2030.0356	254.76535,186.44331,2273.4165	289.83212,193.67482,2333.8916	325.57587,248.06721,2272.0803	250.99362,237.60454,2210.6997	221.56238,288.5055,2108.5728	210.54787,399.4852,2152.7446	271.52423,294.88422,2187.393	187.72598,499.80728,2194.6533	290.10577,403.91187,2199.9976	221.56238,288.5055,2108.5728	318.47815,504.36813,2218.334	364.73553,234.43791,2045.3438	145.10312,267.1652,1779.824	
257.21472,141.28592,2352.1406	254.38797,185.98303,2274.3374	217.20146,178.55826,2216.7458	173.97949,233.40366,2020.0176	254.38797,185.98303,2274.3374	289.7377,193.04106,2331.929	325.4974,245.35551,2250.0356	250.62619,236.97556,2209.9854	221.0181,287.80902,2108.1018	210.39679,398.9397,2151.655	271.37857,294.13403,2183.1648	188.37653,500.06882,2190.077	290.03467,403.33713,2196.2139	221.0181,287.80902,2108.1018	318.9404,504.415,2210.1877	367.81976,233.4242,2027.3682	144.49434,254.48996,1763.3053	
256.63815,142.60983,2352.9365	253.90982,187.06726,2273.357	216.56976,179.79648,2217.5403	173.72575,231.70349,2018.008	253.90982,187.06726,2273.357	289.46024,193.98953,2329.1736	323.1572,243.21794,2231.016	250.1405,238.0247,2207.9258	220.39124,288.92035,2106.1277	210.51724,400.10022,2150.708	271.03113,295.16293,2178.8616	187.58835,500.88882,2190.1177	289.12332,404.6301,2192.4456	220.39124,288.92035,2106.1277	319.28024,504.3437,2215.244	367.8044,227.74713,2018.9609	145.05031,239.89232,1751.5583	
256.30417,142.61943,2353.337	253.4878,187.1754,2273.1873	216.1072,179.97067,2217.5828	173.66927,229.26726,2014.0037	253.4878,187.1754,2273.1873	289.0833,194.03607,2328.7917	321.71002,244.1963,2228.0122	249.74808,238.16017,2207.9646	220.01025,289.11435,2106.515	210.5911,400.04602,2153.5774	270.6943,295.279,2178.969	187.10542,499.90567,2197.043	289.69263,404.108,2198.2273	220.01025,289.11435,2106.515	320.497,504.17383,2214.8499	365.6184,223.7452,2020.5596	147.15224,222.25931,1747.8647	
256.66968,142.20618,2353.5354	253.98306,186.78932,2273.094	216.63345,179.46204,2217.4177	173.7193,228.08763,2019.0016	253.98306,186.78932,2273.094	289.54678,193.76624,2328.7703	319.56396,247.49995,2235.5054	250.10812,237.75555,2207.819	220.24017,288.6103,2106.2683	211.36584,399.56342,2153.87	270.89627,294.9371,2178.82	187.25862,500.18893,2191.5737	290.26477,403.79816,2197.142	220.24017,288.6103,2106.2683	320.9122,503.40402,2218.1326	361.40686,219.13124,2039.7687	154.47816,197.09967,1770.719	
256.88464,141.83429,2346.637	253.97107,186.91335,2268.8381	216.51575,179.64778,2213.5393	174.29001,228.4211,2033.001	253.97107,186.91335,2268.8381	289.644,193.83318,2324.137	318.12112,248.58679,2250.2559	249.92392,238.17435,2206.0288	219.86063,289.2713,2107.1885	210.91449,399.36505,2161.7227	270.56604,295.50363,2179.2505	187.26805,501.51874,2187.5557	289.44226,404.12616,2201.053	219.86063,289.2713,2107.1885	319.76303,504.77002,2213.2395	358.35428,216.65034,2058.8088	162.49863,181.57645,1805.7303	
257.1971,141.60648,2343.1846	254.12924,186.7641,2266.3064	216.68037,179.36623,2210.532	174.29349,228.61829,2046.0009	254.12924,186.7641,2266.3064	289.7791,193.80658,2322.0808	318.56296,250.5832,2273.1257	249.91742,238.12936,2204.179	219.696,289.23834,2105.71	210.98729,400.26465,2152.6826	270.36688,295.60208,2178.393	187.29518,499.86392,2196.847	289.7719,404.1493,2200.56	219.696,289.23834,2105.71	318.8983,505.41846,2210.8303	354.2406,214.70692,2084.0574	170.24821,171.0142,1845.0354	
257.5736,141.16461,2341.4626	254.55005,186.58485,2265.3997	217.11221,179.12732,2209.488	174.68925,229.48769,2066.005	254.55005,186.58485,2265.3997	290.18442,193.68314,2321.3113	318.0378,252.6117,2300.5635	250.27554,237.97928,2203.4585	219.99803,289.0769,2105.0864	211.19324,400.32718,2150.3794	270.6479,295.5072,2177.9482	188.23747,499.95538,2196.605	290.02917,403.9897,2201.2085	219.99803,289.0769,2105.0864	319.60275,505.2556,2210.3408	351.16257,213.41516,2115.052	177.11073,166.70752,1885.5066	
257.89343,141.48927,2341.5964	255.00507,186.56555,2264.7244	217.53027,179.09752,2209.524	176.27089,231.33504,2083.998	255.00507,186.56555,2264.7244	290.69653,193.6782,2319.9248	316.18155,253.6649,2325.7822	250.6864,237.91486,2202.0554	220.31268,288.9685,2103.4185	211.73341,400.0615,2151.2295	271.06354,295.46725,2175.3545	187.1119,499.90073,2193.5369	290.72617,404.26428,2195.9106	220.31268,288.9685,2103.4185	318.65503,505.4102,2211.435	347.5003,212.99239,2145.4683	180.59792,167.25546,1909.4182	
258.76715,140.90265,2334.164	255.7662,186.38422,2261.4753	218.29004,178.85837,2205.7668	178.0713,234.47562,2103.9988	255.7662,186.38422,2261.4753	291.4404,193.54819,2317.1838	313.82956,254.33824,2353.3882	251.18552,238.04416,2202.165	220.62003,289.25876,2106.556	211.72198,399.79968,2157.5525	271.22522,295.7588,2179.1536	187.69736,500.13684,2195.9573	289.98996,404.36017,2201.4634	220.62003,289.25876,2106.556	319.28452,504.78662,2217.56	345.10245,213.70059,2173.1296	184.95158,170.56665,1935.7712	
259.03912,141.47125,2323.4485	256.02133,187.8432,2255.8079	218.50587,180.32503,2199.235	179.4146,237.53673,2126.9988	256.02133,187.8432,2255.8079	291.70114,194.9935,2312.3806	311.36517,254.25615,2375.193	251.33267,239.84639,2198.8958	220.68854,291.36484,2105.121	211.07451,402.29517,2152.1797	271.23132,297.75128,2178.8462	187.82687,502.26172,2195.4404	289.9003,406.65118,2197.8306	220.68854,291.36484,2105.121	318.6829,507.4465,2213.5535	343.1382,216.3978,2193.1643	188.53667,177.25313,1955.0591	
259.71436,141.03333,2324.0881	256.378,187.60443,2255.8809	219.02548,179.92274,2197.2866	180.62794,239.98386,2146.9985	256.378,187.60443,2255.8809	291.8392,194.89719,2314.475	310.64514,254.55692,2389.5903	251.59622,239.70879,2200.5662	221.00702,291.2171,2107.0684	210.88626,401.76865,2156.1865	271.23468,297.66833,2183.4346	187.59431,501.21292,2201.5312	290.6625,405.95044,2205.372	221.00702,291.2171,2107.0684	319.4748,507.11713,2215.273	342.35196,218.81833,2211.6592	190.88655,187.54083,1955.5913	
260.54712,140.38684,2331.9126	257.2923,186.33011,2260.7905	220.1977,178.31967,2200.7427	183.66472,241.58896,2167.9934	257.2923,186.33011,2260.7905	292.46735,193.92604,2320.8384	307.8958,253.97806,2397.3027	252.55197,238.08005,2202.6265	222.10727,289.15674,2105.3352	211.44577,400.21472,2150.5627	272.0898,295.99292,2183.5896	188.71953,500.7438,2191.9338	291.0774,404.80948,2200.1238	222.10727,289.15674,2105.3352	319.57028,505.73843,2214.6455	341.6206,219.93881,2223.1406	191.76762,200.37794,1953.5879	
260.99097,140.07243,2335.824	257.80582,185.68741,2263.519	221.03159,177.34332,2200.6992	187.64821,243.03334,2182.4958	257.80582,185.68741,2263.519	292.59396,193.58087,2326.3389	305.80035,255.2564,2400.1528	253.06953,237.3035,2204.6035	222.82573,288.13147,2104.7485	211.43463,399.31992,2148.5093	272.37518,295.24103,2186.6274	188.9606,498.53128,2198.922	289.59598,404.3286,2201.4497	222.82573,288.13147,2104.7485	319.35855,504.22925,2220.5823	341.07684,222.52557,2233.3115	191.83734,216.62764,1942.867	
260.86264,139.87405,2338.283	257.6856,185.27065,2264.8516	221.0911,176.73346,2200.32	188.70508,242.04611,2183.2502	257.6856,185.27065,2264.8516	292.25253,193.33482,2329.383	304.98233,256.14734,2399.5813	253.07741,236.74101,2204.4805	223.06276,287.40448,2102.0642	211.22516,398.49878,2147.6414	272.38937,294.6727,2186.1545	188.252,498.38965,2193.6067	288.53912,404.00348,2200.365	223.06276,287.40448,2102.0642	319.74753,504.2648,2213.7747	342.88113,224.56168,2233.415	191.04453,235.87178,1930.4995	
260.71127,140.30466,2332.0095	257.31357,186.61105,2262.5771	220.66138,178.4426,2197.2732	188.28053,242.0824,2176.6143	257.31357,186.61105,2262.5771	291.9094,194.32123,2327.881	304.04407,257.0021,2392.803	252.8263,238.49837,2206.702	223.0315,289.68353,2108.2783	211.49121,399.69867,2160.4104	272.20746,296.34778,2193.375	188.33522,500.08148,2199.0457	288.37198,405.54028,2204.6875	223.0315,289.68353,2108.2783	318.9942,504.9403,2224.3801	344.2913,226.6534,2226.609	186.5717,255.43524,1923.4625	
260.2486,140.65242,2335.8706	257.02615,186.85503,2266.094	220.39656,178.82231,2200.8157	187.18158,241.04953,2158.807	257.02615,186.85503,2266.094	291.60452,194.43791,2331.3723	304.86697,256.9869,2383.8987	252.80873,238.62317,2209.3264	223.3021,289.805,2110.0278	211.15274,400.10297,2158.1592	272.46423,296.31003,2195.0898	187.57706,500.25204,2198.3257	289.90103,405.72833,2199.6943	223.3021,289.805,2110.0278	319.4327,505.71796,2219.226	345.62704,230.09059,2212.3352	180.87114,270.6318,1918.8077	
260.14468,141.22421,2337.8062	257.08063,187.80392,2268.2886	220.64558,179.72694,2201.2717	184.90387,241.3439,2128.907	257.08063,187.80392,2268.2886	291.4245,195.41731,2335.3054	307.77,257.41544,2369.4514	252.98119,239.56253,2211.6274	223.7388,290.753,2111.297	211.58014,401.59528,2153.659	272.60333,297.2022,2198.6355	187.91492,500.82327,2200.4717	289.01547,406.49042,2204.7224	223.7388,290.753,2111.297	320.65695,506.75998,2214.9731	348.84995,233.60869,2186.8157	175.05576,282.96442,1904.5271	
259.80325,141.40152,2339.2727	256.79758,188.20053,2269.9482	220.40569,180.1446,2202.5974	182.23352,240.67946,2105.4583	256.79758,188.20053,2269.9482	291.0922,195.79218,2337.299	311.75787,258.20032,2351.7258	252.70735,239.95721,2213.624	223.5177,291.15164,2113.4177	210.81183,401.7581,2156.2776	272.29715,297.5512,2201.182	187.35822,501.33087,2200.5635	289.34186,406.62018,2207.285	223.5177,291.15164,2113.4177	318.3371,507.58273,2217.2444	351.8409,237.71292,2157.9941	168.68454,289.93848,1890.1587	
258.92322,142.38388,2340.0103	256.29758,188.95346,2271.423	220.022,181.02234,2202.6128	179.79073,240.89645,2085.7368	256.29758,188.95346,2271.423	290.43994,196.41818,2340.2334	315.3545,258.29825,2333.8687	252.57341,240.69974,2214.9395	223.85954,292.0216,2113.6187	211.23523,402.47986,2157.7263	272.43997,298.15945,2203.293	188.0113,502.77014,2197.4236	289.93225,407.20383,2207.433	223.85954,292.0216,2113.6187	320.24957,508.28003,2213.5266	356.69904,242.03343,2131.421	164.15877,292.77316,1871.9895	
258.64075,141.80942,2346.8696	256.1983,188.0787,2277.0483	219.95364,180.26587,2208.63	177.93698,240.03355,2064.866	256.1983,188.0787,2277.0483	290.3284,195.43575,2345.4668	319.15115,257.42145,2316.4297	252.7402,239.60632,2219.5212	224.31564,290.7936,2117.4153	211.5584,400.91626,2162.8875	272.87915,296.83395,2206.573	187.67763,501.49402,2198.3767	290.55084,405.89435,2207.9385	224.31564,290.7936,2117.4153	320.26077,506.97946,2215.3896	360.096,245.30785,2105.078	160.36877,293.14313,1850.8928	
258.0478,142.16368,2350.2896	255.90318,188.32251,2278.7043	219.432,180.86449,2212.6074	177.20561,239.31042,2049.4248	255.90318,188.32251,2278.7043	290.3182,195.36005,2344.8013	321.6955,255.8877,2303.1982	252.74998,239.74327,2220.0327	224.4677,291.02704,2118.2864	210.54294,401.6911,2156.6765	273.40814,296.77,2204.4358	187.60963,501.93665,2197.4583	290.27618,406.1284,2204.9521	224.4677,291.02704,2118.2864	320.7361,508.00433,2205.3796	363.76923,245.57388,2084.7505	156.29004,287.4116,1824.104	
257.24387,142.55658,2353.507	255.26233,188.6066,2279.9578	218.58463,181.43768,2215.9976	175.85126,238.1029,2043.708	255.26233,188.6066,2279.9578	289.9383,195.38428,2343.918	323.11575,253.40181,2289.093	252.24768,239.97488,2220.7976	223.96384,291.34692,2119.96	209.86183,401.90094,2158.3599	273.22247,296.85663,2203.315	187.11305,501.92093,2200.328	289.26538,406.26123,2205.629	223.96384,291.34692,2119.96	320.68506,508.22443,2202.7007	365.6445,244.63783,2071.4277	153.72778,277.55844,1801.7424	
257.06818,141.8442,2353.6223	254.92786,187.75082,2280.7612	218.12912,180.69778,2218.1792	177.50145,237.07391,2039.8533	254.92786,187.75082,2280.7612	289.76108,194.42714,2343.3433	323.58612,251.90982,2279.0486	251.8863,239.09404,2221.8115	223.4973,290.45944,2122.087	209.51834,401.2511,2157.503	272.9287,295.90988,2203.6367	187.88388,501.21048,2201.786	289.54166,405.26807,2205.2556	223.4973,290.45944,2122.087	320.0686,506.5867,2209.9158	367.43854,241.30484,2065.4631	152.94412,264.475,1786.9421	
256.4356,142.16614,2355.6729	254.52986,187.72102,2281.1792	217.60663,180.82492,2219.9685	176.06508,236.69945,2039.9229	254.52986,187.72102,2281.1792	289.52335,194.25671,2342.39	323.3152,250.0255,2273.0164	251.68951,238.91684,2220.4004	223.38397,290.2693,2119.7388	210.43367,401.80496,2150.3777	273.07693,295.62048,2199.5044	187.17867,500.75555,2200.2983	289.8789,405.03558,2202.8208	223.38397,290.2693,2119.7388	319.8567,506.8963,2205.5164	367.35736,236.51648,2057.985	153.20816,248.12354,1776.2098	
256.02588,142.68256,2355.2017	254.39752,187.92688,2280.0156	217.34625,181.20998,2219.973	177.15164,234.95079,2035.4589	254.39752,187.92688,2280.0156	289.54742,194.29909,2340.0583	322.29172,250.59088,2272.0068	251.65356,239.14684,2219.083	223.35901,290.6187,2119.0286	210.87936,401.45575,2157.219	273.246,295.8054,2197.2722	187.01541,501.40686,2198.1162	289.70407,405.11676,2204.0857	223.35901,290.6187,2119.0286	320.00488,506.50922,2209.3508	365.43484,233.01335,2058.464	156.40627,231.7318,1769.3048	
256.44656,142.6682,2354.9688	254.82938,187.90532,2280.5623	217.7334,181.32822,2221.1963	177.55443,232.2412,2035.2283	254.82938,187.90532,2280.5623	290.04306,194.14871,2339.9282	320.89377,250.12187,2269.5054	252.14238,239.16254,2220.2637	223.89594,290.71585,2121.2844	211.17685,401.10413,2162.3938	273.8207,295.75705,2198.6458	188.13872,501.8466,2198.1206	290.1528,405.00403,2205.674	223.89594,290.71585,2121.2844	319.76334,505.6256,2217.9436	363.92822,227.85109,2061.1814	158.89706,215.86172,1771.8508	
256.42682,142.43623,2354.8513	254.86835,187.56897,2280.5537	217.81181,180.9827,2220.5625	176.62347,230.32979,2037.1161	254.86835,187.56897,2280.5537	290.02524,193.81763,2340.545	320.19397,249.87166,2271.75	252.31067,238.79204,2219.8975	224.22394,290.34012,2120.1528	210.97679,400.72638,2161.3174	274.0919,295.355,2198.3296	187.88837,502.81415,2188.6077	289.66992,404.70087,2205.6958	224.22394,290.34012,2120.1528	320.06635,505.8761,2211.7173	363.0762,225.18517,2069.5564	162.37657,200.44974,1785.2163	
256.9096,142.09735,2354.2922	255.19879,187.20197,2280.1848	218.24844,180.47932,2218.9226	175.41705,229.54407,2043.5593	255.19879,187.20197,2280.1848	290.2156,193.57281,2341.447	319.71725,250.84683,2281.372	252.59541,238.47124,2220.1555	224.54863,289.9898,2120.2075	211.44052,400.00342,2165.037	274.22797,295.0959,2200.045	187.87518,502.1931,2189.8965	289.139,404.38635,2208.2043	224.54863,289.9898,2120.2075	320.22748,505.1422,2215.0151	361.84344,225.51228,2081.8892	168.49028,187.85785,1809.8754	
257.271,140.94098,2347.0146	255.48834,186.69742,2278.003	218.48251,180.2345,2216.5332	174.6467,228.90182,2052.2722	255.48834,186.69742,2278.003	290.5495,192.82071,2339.4727	318.8578,253.1399,2300.196	252.96939,238.27945,2221.7986	225.07776,290.14197,2125.5417	211.58408,399.56342,2172.7764	274.64493,294.84888,2205.6467	188.23924,502.11493,2193.0564	289.14395,403.99484,2212.7622	225.07776,290.14197,2125.5417	319.66382,504.3702,2222.247	358.5721,223.62593,2103.8303	173.49007,177.6495,1839.9697	
257.04382,140.66876,2343.8765	255.5302,186.74829,2275.3054	218.44037,180.483,2213.9978	175.35341,230.46556,2070.1355	255.5302,186.74829,2275.3054	290.6737,192.68483,2336.613	318.19403,254.20148,2321.1018	253.15158,238.50294,2220.5557	225.39224,290.61682,2125.8594	211.3831,400.41016,2168.775	274.9982,295.04984,2205.7524	187.95667,503.47913,2186.7502	290.13657,404.51453,2207.2642	225.39224,290.61682,2125.8594	318.1152,506.2811,2213.3171	354.4794,219.90205,2129.9348	178.88062,173.02954,1877.4038	
256.78818,140.95702,2341.8047	255.42935,186.94183,2272.835	218.32892,180.6872,2211.003	177.18636,232.78676,2086.5688	255.42935,186.94183,2272.835	290.5646,192.86519,2334.667	315.1526,255.21216,2332.548	253.18088,238.7333,2217.6494	225.54446,290.93887,2122.1755	211.00931,400.9314,2164.2876	275.16638,295.31598,2202.7522	187.77509,503.92606,2184.5728	289.39346,404.9748,2205.3606	225.54446,290.93887,2122.1755	320.15897,507.00443,2203.1287	351.93118,218.14218,2157.0479	183.23274,171.81424,1910.4886	
257.76932,140.69415,2332.767	255.9407,187.28415,2267.4995	218.81189,180.70584,2205.6418	177.59583,236.1634,2111.792	255.9407,187.28415,2267.4995	291.09753,193.51306,2329.3572	311.62238,255.9436,2358.761	252.956,239.37175,2215.063	224.56749,291.557,2122.32	210.38654,401.4323,2165.7954	274.16132,296.32468,2202.9329	186.2813,503.84818,2188.0137	287.80365,405.9788,2206.4998	224.56749,291.557,2122.32	319.7313,506.648,2212.133	346.80466,215.79417,2198.216	188.29092,176.21185,1947.2283	
258.22015,140.29842,2336.2505	256.2118,186.47833,2267.5483	219.10046,179.66403,2206.0112	179.60667,239.04724,2137.392	256.2118,186.47833,2267.5483	291.36206,192.93254,2329.0854	308.0095,256.0938,2384.8833	253.08118,238.39609,2212.919	224.48688,290.33322,2118.1929	210.5195,400.455,2161.8892	274.17422,295.45575,2198.3862	187.17047,503.66406,2181.3418	290.0762,405.06012,2201.4077	224.48688,290.33322,2118.1929	319.6856,506.72852,2206.733	343.05557,216.07172,2227.9668	189.80374,183.70148,1958.4437	
258.51483,139.72824,2337.9924	256.3244,185.67133,2267.9553	219.33035,178.6243,2205.3635	182.9296,242.0589,2163.6938	256.3244,185.67133,2267.9553	291.33133,192.33981,2330.547	304.5572,256.2831,2398.444	253.18753,237.44948,2211.729	224.62419,289.18954,2114.7178	211.2268,398.91306,2164.4863	274.2116,294.56656,2196.2876	187.73093,502.44238,2180.7537	289.8163,404.06525,2202.817	224.62419,289.18954,2114.7178	319.36942,505.82538,2207.2485	341.8017,217.95122,2243.347	190.01665,195.1179,1961.9546	
258.94632,139.42508,2324.3623	256.41235,186.56674,2262.938	219.39221,179.96104,2198.7666	185.9897,242.46565,2180.817	256.41235,186.56674,2262.938	291.3908,192.80814,2327.1094	302.58536,255.79242,2404.2488	253.33942,238.97206,2214.64	225.03839,291.36804,2124.5242	212.03061,400.01538,2179.3645	274.27017,295.9713,2208.1594	187.99283,502.70306,2195.4285	289.48108,404.80194,2216.347	225.03839,291.36804,2124.5242	319.06607,505.70325,2222.3376	341.1335,219.27415,2248.738	190.54752,206.17406,1955.2214	
259.2274,139.49991,2332.0496	256.9806,186.14597,2267.121	220.18451,179.25623,2201.7056	185.86383,243.3333,2190.4028	256.9806,186.14597,2267.121	291.71283,192.64928,2332.5366	301.85016,256.38336,2406.1313	253.9621,238.27661,2215.876	225.80052,290.3615,2122.0076	211.93343,399.8849,2169.286	274.8353,295.29245,2207.2542	187.51793,503.76706,2179.863	290.89438,404.92688,2202.8904	225.80052,290.3615,2122.0076	319.5512,506.66382,2209.6497	340.97455,220.89713,2252.9958	188.37794,222.4149,1943.861	
258.78702,139.90465,2335.8933	256.549,186.26656,2268.634	219.8299,179.24092,2202.6487	185.80336,247.59528,2186.7	256.549,186.26656,2268.634	291.19244,192.89503,2334.6194	300.8666,256.33484,2405.0688	253.594,238.24593,2215.3909	225.5037,290.18842,2119.155	211.48793,399.66614,2168.1	274.5088,295.2809,2205.1404	186.53534,503.7526,2176.791	289.23456,405.11047,2202.4736	225.5037,290.18842,2119.155	319.99478,506.48874,2207.243	340.53583,222.97403,2251.0107	186.42146,238.38412,1929.4915	
258.54062,139.53256,2337.3118	256.1966,185.91371,2269.7197	219.51321,178.80418,2203.508	185.67421,248.97343,2176.8494	256.1966,185.91371,2269.7197	290.80038,192.62021,2335.9314	300.19177,256.24142,2397.0303	253.17397,237.84961,2216.2344	225.02823,289.70502,2119.6082	211.80014,399.10538,2170.1594	273.99863,294.89987,2205.89	186.29065,502.44992,2182.358	288.60547,404.73022,2203.1687	225.02823,289.70502,2119.6082	320.231,504.6837,2216.7585	340.74258,225.25249,2241.0234	182.296,254.39714,1917.3538	
257.79346,139.77716,2341.0217	255.57791,186.16151,2272.0664	218.89757,179.02731,2206.1414	184.82367,249.18042,2161.4229	255.57791,186.16151,2272.0664	290.18967,192.89337,2337.9915	301.36185,255.88094,2386.0144	252.62442,237.93703,2216.9019	224.51198,289.66782,2118.7822	211.51912,399.46716,2166.4382	273.5539,294.9375,2204.6924	186.78021,502.49017,2183.413	288.70367,404.56805,2204.6565	224.51198,289.66782,2118.7822	319.78156,505.9729,2207.2815	343.37396,226.51968,2227.6387	176.60136,267.74036,1906.3186	
255.55817,140.0737,2348.347	253.70818,186.0924,2277.1465	216.6601,179.54825,2215.8901	178.25078,245.8005,2103.192	253.70818,186.0924,2277.1465	288.81525,192.2937,2338.4028	311.02585,250.02003,2351.9631	251.12306,237.60147,2219.8516	223.0836,289.37527,2122.6165	210.9588,398.7642,2173.2488	272.8001,294.21512,2202.4968	186.00395,501.2828,2191.063	288.2663,403.69934,2205.4263	223.0836,289.37527,2122.6165	319.84436,505.2678,2205.3528	351.15836,230.57791,2167.2292	165.49055,257.50046,1840.0337	
254.35895,140.69388,2351.0312	252.82054,186.38315,2278.739	215.59793,180.12598,2219.4949	179.17168,241.96483,2074.5898	252.82054,186.38315,2278.739	288.15674,192.3232,2337.9832	315.94843,249.53853,2322.4685	250.48038,237.74431,2219.788	222.56523,289.5639,2122.2427	211.63876,399.06165,2173.3418	272.5667,294.1696,2199.4316	186.95921,502.7948,2182.9995	288.54248,403.00583,2211.602	222.56523,289.5639,2122.2427	321.5667,505.2606,2198.4604	355.09024,231.354,2120.2083	164.39986,239.27531,1809.6792	
253.94315,141.13281,2345.3845	252.66417,187.08122,2276.6284	215.3819,181.10191,2216.9995	178.91049,238.0557,2061.7927	252.66417,187.08122,2276.6284	288.0433,192.75531,2336.2573	317.963,250.15396,2310.2388	250.58194,238.66516,2219.7407	222.96106,290.8333,2124.0076	212.33684,400.25238,2175.1125	272.92197,295.01685,2201.6985	187.79312,503.75812,2186.0432	289.3513,403.64258,2214.3752	222.96106,290.8333,2124.0076	320.96344,505.55463,2207.2053	355.6934,230.48764,2100.7031	165.72769,218.51048,1803.3772	
253.6728,141.3638,2349.5605	252.70903,187.06377,2277.907	215.45386,181.1729,2217.9504	177.06207,234.96683,2056.8987	252.70903,187.06377,2277.907	288.0533,192.65247,2337.8635	317.985,252.05617,2310.119	250.94104,238.5099,2219.537	223.6425,290.66882,2122.1052	212.21738,400.19867,2172.28	273.60947,294.7278,2200.2292	187.3404,503.99,2181.6843	290.36084,403.673,2209.2302	223.6425,290.66882,2122.1052	320.02203,506.10873,2204.926	354.78506,228.29189,2103.2058	169.6029,202.535,1809.8704	
253.90033,141.03802,2351.646	253.2981,186.77808,2278.401	216.07382,180.91083,2218.2363	176.2398,233.561,2055.9495	253.2981,186.77808,2278.401	288.60703,192.3434,2338.5654	315.75555,254.36931,2311.5566	251.65475,238.18126,2219.6768	224.50357,290.3326,2121.7527	212.57944,399.63498,2173.6511	274.43488,294.35092,2200.1526	188.12563,503.34845,2183.8813	291.2515,403.5003,2206.487	224.50357,290.3326,2121.7527	319.58478,505.45093,2210.461	352.23584,226.33781,2111.463	176.19841,190.95769,1824.6671	
254.20628,141.07516,2352.6904	253.72957,186.43204,2278.9165	216.55063,180.52179,2218.4128	176.66492,233.45654,2067.4749	253.72957,186.43204,2278.9165	288.9854,192.03658,2339.4202	314.65875,255.84671,2319.7783	252.16672,237.75868,2219.454	225.11578,289.84357,2120.5696	212.60703,398.98383,2173.8765	275.00922,293.90488,2199.4138	187.78937,502.5025,2184.815	291.48434,403.00815,2207.565	225.11578,289.84357,2120.5696	318.42856,505.39056,2210.8037	349.7925,224.30728,2127.8938	181.17204,183.64778,1850.419	
254.94519,141.03795,2338.7034	254.39075,187.44736,2273.1313	217.25677,181.64221,2210.6892	177.5905,234.24069,2077.7222	254.39075,187.44736,2273.1313	289.53912,192.9421,2335.5735	312.51776,255.66449,2332.387	252.66574,239.36133,2219.9543	225.62741,291.9259,2126.0874	212.80154,400.70917,2179.2725	275.1547,295.65103,2207.4673	188.00824,503.89908,2190.6182	290.8908,404.3867,2216.447	225.62741,291.9259,2126.0874	318.14948,506.26773,2219.6667	348.1175,222.3424,2149.3818	186.09464,178.15823,1881.31	
256.16464,140.56583,2339.2163	255.56985,187.27835,2273.3098	218.5877,181.28043,2209.593	177.8441,235.62483,2091.8596	255.56985,187.27835,2273.3098	290.53546,192.94923,2337.0266	309.70404,256.66302,2357.6882	253.7045,239.23863,2220.7505	226.63762,291.73544,2126.6743	212.81624,400.7976,2175.909	275.91617,295.6262,2209.708	187.57884,504.60855,2183.2651	292.21725,404.7863,2210.179	226.63762,291.73544,2126.6743	318.63828,507.2923,2212.6475	344.2029,220.95253,2184.9822	193.12003,177.42102,1916.5048	
256.64807,139.96298,2339.4731	256.08905,186.50885,2273.7825	219.29422,180.28421,2208.2832	179.22017,238.24123,2111.4285	256.08905,186.50885,2273.7825	290.82336,192.38492,2339.2817	306.66193,256.3734,2377.8408	254.15518,238.4586,2221.401	227.14844,290.841,2126.339	212.55966,399.33008,2179.9136	276.14337,294.91388,2211.6995	187.17566,504.02396,2179.0242	291.87338,404.20764,2210.243	227.14844,290.841,2126.339	317.98148,507.0484,2210.639	342.00107,220.2767,2213.7432	196.89546,179.61328,1945.5669	
256.8319,140.06346,2340.1042	256.40073,186.25108,2273.4832	219.74516,179.84506,2206.5842	180.29166,240.07542,2129.2144	256.40073,186.25108,2273.4832	290.9607,192.29086,2340.382	303.41562,255.44788,2396.9216	254.4968,238.15047,2220.287	227.60092,290.4435,2123.5012	212.88356,399.06982,2177.131	276.416,294.66718,2210.681	187.38951,503.99487,2175.4778	290.2487,404.4687,2206.2563	227.60092,290.4435,2123.5012	318.76184,506.49756,2209.472	341.04614,220.15225,2240.7654	199.16083,183.71313,1963.1392	
256.85855,139.82193,2339.9175	256.34692,185.98885,2273.1882	219.87149,179.36223,2204.4475	181.70305,241.51173,2147.606	256.34692,185.98885,2273.1882	290.6811,192.22647,2341.929	299.8478,256.13083,2414.9585	254.37683,237.89343,2220.0361	227.53464,290.10373,2122.0918	212.43156,398.8548,2174.8323	276.082,294.49426,2211.6763	187.15303,502.54288,2183.1772	289.40958,404.28522,2207.751	227.53464,290.10373,2122.0918	318.07257,505.95834,2213.0566	337.35718,220.13393,2263.2214	200.55246,191.04578,1968.0903	
257.3393,140.11789,2339.8245	256.61472,186.33945,2272.3352	220.52014,179.38652,2200.0566	180.76495,242.48793,2156.3022	256.61472,186.33945,2272.3352	290.4839,192.86368,2344.6138	297.90048,256.4282,2429.9763	254.62372,238.28548,2219.3652	228.0221,290.43314,2119.2852	212.75198,399.13428,2173.4348	276.00516,295.01083,2213.5054	187.96864,503.1722,2180.7737	289.56354,404.6529,2210.0923	228.0221,290.43314,2119.2852	317.95236,506.69882,2212.0742	335.21152,220.80994,2285.6	201.18205,198.79703,1963.9409	
257.02933,140.84186,2341.2842	256.51425,186.92691,2271.7366	220.59535,179.81775,2197.7458	182.8344,243.09433,2171.1545	256.51425,186.92691,2271.7366	290.16718,193.5876,2345.7273	296.35794,256.56674,2438.4946	254.67719,238.80763,2217.398	228.34396,290.90634,2114.855	212.52286,399.57556,2170.3618	276.08774,295.57944,2211.2637	188.23154,503.15863,2182.832	290.7942,405.3204,2205.899	228.34396,290.90634,2114.855	318.40665,507.98172,2206.2976	334.14148,221.44177,2305.7554	201.14345,208.74203,1959.0901	
257.26358,141.16034,2341.5068	256.54434,187.36372,2271.0432	220.63406,180.24364,2196.827	182.74815,242.60512,2173.576	256.54434,187.36372,2271.0432	290.18185,194.03317,2345.2595	295.49615,256.7376,2445.2434	254.76646,239.23976,2216.2324	228.49286,291.35858,2113.0713	212.10101,399.3909,2173.705	276.23596,296.03052,2209.772	188.14018,503.3557,2182.8965	291.0101,405.58453,2208.0093	228.49286,291.35858,2113.0713	318.09088,508.4621,2206.953	333.47162,222.11269,2314.4985	201.54564,217.95107,1947.3303	
257.74802,140.52643,2340.6194	257.11646,186.89624,2271.957	221.55324,179.63005,2195.0388	186.23523,242.8858,2176.2886	257.11646,186.89624,2271.957	290.3505,193.68655,2348.8752	295.17514,257.06384,2448.1187	255.3631,238.83592,2218.5557	229.38557,290.94598,2115.0283	213.27261,398.6654,2177.9934	276.5686,295.62115,2215.2803	188.02698,502.6833,2183.057	290.66974,404.84033,2215.5586	229.38557,290.94598,2115.0283	319.48602,506.952,2213.6777	333.5675,223.14282,2316.8706	200.87384,227.7673,1934.8875	
257.43213,141.09213,2340.1792	256.7802,187.2043,2271.7756	221.28067,180.04,2193.9612	186.5426,243.84052,2167.1477	256.7802,187.2043,2271.7756	289.9284,193.89406,2349.59	294.35257,257.63123,2442.061	255.25656,239.1783,2218.6946	229.59079,291.41092,2114.917	212.5965,399.6438,2172.223	276.62454,295.88464,2216.31	187.18475,503.13263,2182.7856	290.34583,405.4497,2211.6587	229.59079,291.41092,2114.917	320.26477,507.5993,2208.4705	332.76172,225.70633,2310.9587	199.5001,240.68852,1919.9692	
256.88202,141.43185,2339.96	256.3868,187.6609,2272.1177	221.008,180.54478,2193.1025	185.36032,245.13498,2156.078	256.3868,187.6609,2272.1177	289.38766,194.29872,2351.1328	293.3382,258.04153,2438.0327	255.01733,239.67052,2219.5215	229.61548,291.9911,2115.4424	212.07329,400.2817,2171.1362	276.4349,296.316,2218.4082	187.51132,503.3374,2186.5093	290.57806,405.93182,2210.7705	229.61548,291.9911,2115.4424	319.61856,508.33978,2207.963	332.84918,228.2458,2311.0625	196.91669,253.57806,1906.5876	
256.50464,142.30621,2346.858	256.5944,187.9931,2275.0154	221.5347,180.63583,2194.1406	185.01009,244.87567,2141.5435	256.5944,187.9931,2275.0154	289.247,194.84523,2355.8901	293.8774,257.11652,2445.0334	255.50862,239.74554,2219.6519	230.57257,291.8134,2111.588	213.00613,399.9186,2170.5396	277.03073,296.36716,2216.9888	188.13936,503.53186,2181.7927	291.8992,406.15198,2206.4858	230.57257,291.8134,2111.588	319.87112,508.74185,2206.3955	332.5071,230.72107,2308.2488	193.84698,266.87894,1897.8467	
256.7861,141.28467,2343.805	256.45752,187.17949,2275.149	221.20883,179.81752,2195.8008	182.88814,243.67131,2129.2793	256.45752,187.17949,2275.149	289.3304,194.04526,2354.497	293.06186,259.14316,2446.5256	255.01987,238.98044,2220.7593	229.58975,290.99808,2114.6687	211.27112,398.34357,2177.512	276.3152,295.65567,2218.0706	186.93686,501.76486,2188.6506	289.99847,405.50085,2208.1084	229.58975,290.99808,2114.6687	319.8014,507.43945,2208.3687	332.84558,233.14975,2303.8596	190.36493,277.3208,1898.074	
257.15842,140.83119,2341.7673	256.5846,187.14117,2275.1047	221.41083,179.73843,2195.1746	179.04794,244.57152,2114.1382	256.5846,187.14117,2275.1047	289.37076,194.0414,2355.035	294.35907,260.67435,2441.76	254.96121,239.04353,2222.1865	229.41562,291.09296,2117.1907	211.906,399.2091,2173.7	275.9837,295.75153,2221.346	187.67194,502.3319,2188.3982	291.07394,405.31592,2210.2346	229.41562,291.09296,2117.1907	318.8912,507.67035,2210.747	333.2321,235.26892,2302.6016	188.31216,287.30966,1896.6549	
257.106,140.64478,2340.7517	256.30368,187.06943,2273.8591	220.9602,179.77472,2194.9622	175.84435,245.30222,2106.0688	256.30368,187.06943,2273.8591	289.27673,193.8749,2352.756	294.30246,260.73337,2439.381	254.66263,239.01868,2221.1978	228.98447,291.1473,2117.1284	211.78748,399.34912,2173.495	275.7897,295.7262,2219.9443	187.44014,502.6093,2187.1406	291.13513,405.30768,2209.2139	228.98447,291.1473,2117.1284	318.99112,508.34488,2204.428	335.59842,238.0348,2298.1077	185.56412,294.7604,1902.9668	
257.03574,140.95203,2340.7434	256.27054,187.5666,2273.8604	220.98395,180.25423,2194.4963	175.53252,246.92526,2095.034	256.27054,187.5666,2273.8604	289.177,194.38576,2353.2244	294.26855,259.7043,2437.6917	254.65144,239.52454,2221.1343	229.03601,291.67004,2116.6973	212.17368,399.8556,2173.8262	275.75702,296.2395,2220.1191	188.41855,503.52658,2185.434	291.25366,405.57562,2212.625	229.03601,291.67004,2116.6973	318.66837,508.96182,2204.5027	338.12503,238.57066,2298.6138	186.12376,301.7626,1907.4275	
257.3,140.34024,2333.24	256.4162,187.56525,2271.721	220.91641,180.7081,2193.358	176.03621,248.01584,2091.006	256.4162,187.56525,2271.721	289.54852,193.96512,2350.084	294.405,260.46127,2439.8584	254.86998,239.80199,2222.686	229.27365,292.3482,2122.587	212.4505,399.90967,2182.3562	276.1335,296.34882,2224.7153	188.16298,504.20563,2185.3845	292.004,405.47253,2216.1875	229.27365,292.3482,2122.587	318.66125,508.25967,2213.3142	339.3197,240.32645,2304.548	186.81207,306.4583,1915.3031	
257.3123,140.23967,2329.488	256.47296,187.82181,2270.3213	221.03519,181.07507,2191.087	175.55688,248.70694,2086.5024	256.47296,187.82181,2270.3213	289.5206,194.11351,2349.5557	295.02686,261.69504,2437.9307	254.94447,240.2168,2223.2358	229.46051,292.94696,2124.5242	212.12393,401.068,2177.7524	276.13196,296.7217,2227.7766	187.98618,505.0224,2185.1956	291.19565,406.21048,2212.9705	229.46051,292.94696,2124.5242	319.33334,508.31943,2213.7244	340.7516,240.48643,2310.1611	187.77495,311.4389,1927.1776	
257.5494,140.07072,2334.6123	256.74924,187.44461,2272.75	221.54135,180.45953,2192.2864	175.45859,249.74721,2084.25	256.74924,187.44461,2272.75	289.5494,193.95201,2353.2136	291.89484,262.4449,2450.7354	255.26743,239.67587,2223.9949	229.952,292.18597,2122.8096	212.13464,400.9745,2170.415	276.36758,296.214,2227.67	188.20558,504.06375,2186.697	290.56152,405.76276,2213.8835	229.952,292.18597,2122.8096	320.43823,508.48093,2204.6216	341.05466,239.49428,2321.0662	188.59093,315.06757,1935.5078	
258.45276,139.48317,2329.6865	257.02832,187.27087,2270.307	221.5867,180.30905,2191.553	176.58507,251.37097,2084.137	257.02832,187.27087,2270.307	290.09357,193.76588,2349.0608	292.10812,260.57867,2457.9226	255.09708,239.66504,2223.4565	229.17322,292.22156,2125.2893	211.42726,400.90308,2172.8738	275.8907,296.31146,2227.923	187.08311,502.95956,2194.681	289.5075,405.94336,2213.8892	229.17322,292.22156,2125.2893	319.28333,508.51508,2206.3984	344.15347,240.49757,2324.1194	189.36826,319.61267,1946.9922	
258.1295,139.9495,2327.7112	256.80966,187.5925,2268.3784	221.29144,180.60358,2189.9683	178.17929,252.8634,2085.0679	256.80966,187.5925,2268.3784	289.9544,194.11441,2346.7886	293.7331,259.52866,2444.9631	254.76437,240.0446,2221.5845	228.66681,292.63605,2123.703	211.39398,401.70776,2169.2173	275.4953,296.77448,2225.8782	187.37851,504.24094,2189.6135	290.69684,406.28912,2211.8755	228.66681,292.63605,2123.703	319.502,509.63104,2201.1162	346.4455,240.09476,2332.539	191.98013,322.93878,1953.7491	
258.08453,140.45312,2326.7236	256.89688,188.02107,2266.9485	221.33311,181.03549,2188.7578	178.6609,252.62152,2089.0332	256.89688,188.02107,2266.9485	290.08914,194.54083,2345.1392	294.42343,259.95227,2437.484	254.79451,240.52362,2220.2666	228.60483,293.1624,2122.6384	211.9603,401.86328,2172.7146	275.49963,297.30322,2224.531	187.45644,505.50668,2183.3538	291.28036,406.75385,2211.417	228.60483,293.1624,2122.6384	320.46414,509.82697,2202.367	347.3167,237.9442,2346.2637	192.48825,324.07028,1960.8845	
258.59277,140.5068,2326.2288	257.27408,188.22128,2266.1404	221.75737,181.17792,2187.6184	178.65746,252.48604,2093.5164	257.27408,188.22128,2266.1404	290.4119,194.79291,2344.6624	293.35706,259.0161,2449.002	255.21428,240.71057,2218.8105	229.08667,293.34137,2120.3174	212.79428,402.1306,2171.2	275.93884,297.5358,2222.644	187.55627,505.4145,2183.7253	291.81982,407.04523,2209.9597	229.08667,293.34137,2120.3174	320.36542,509.96054,2204.4268	349.7187,237.4149,2366.3484	193.71207,325.5739,1975.3589	
258.68604,140.19656,2319.4944	256.77908,188.31158,2261.7737	220.9978,181.23256,2184.8835	177.7632,252.816,2098.7712	256.77908,188.31158,2261.7737	290.20752,194.92514,2338.6638	294.53116,258.4708,2445.0132	254.20844,240.99243,2216.174	227.38126,293.67554,2120.4702	210.55836,402.19574,2172.7014	274.58862,297.9981,2220.6787	185.36307,505.132,2187.2212	289.38263,407.59644,2210.415	227.38126,293.67554,2120.4702	319.79593,510.20135,2202.6223	351.3656,237.28716,2378.6824	193.62535,326.40262,1983.7778	
258.69257,140.06717,2315.1191	256.65338,188.21942,2259.0605	220.73941,181.13588,2182.9182	177.83154,253.40472,2098.8892	256.65338,188.21942,2259.0605	290.22528,194.84103,2335.203	296.71967,257.52768,2438.0117	253.80711,241.0329,2214.849	226.62582,293.76868,2121.026	211.58884,402.55466,2173.118	273.98166,298.12726,2220.2495	186.03639,505.52887,2186.6604	291.0772,407.16095,2213.2666	226.62582,293.76868,2121.026	319.9965,510.36514,2202.833	355.11218,235.75879,2389.8616	194.26535,327.87723,1988.3281	
259.36667,139.44537,2319.926	257.31006,187.47975,2261.471	221.71758,180.0122,2183.5625	178.51654,254.49916,2102.439	257.31006,187.47975,2261.471	290.5319,194.4499,2339.3794	298.69293,256.78174,2439.5098	254.39552,240.10504,2215.2324	227.30444,292.53412,2118.2244	212.85397,401.47476,2171.3398	274.30875,297.30243,2219.7634	187.36,504.9505,2182.1992	292.6867,406.30994,2210.4849	227.30444,292.53412,2118.2244	320.09128,509.1807,2207.449	357.2691,234.301,2397.739	194.29843,330.3076,1994.6187	
259.9507,139.46909,2315.3318	257.4454,187.92952,2258.4158	221.76144,180.47327,2180.878	178.95218,254.47166,2107.7207	257.4454,187.92952,2258.4158	290.76044,194.89076,2335.9536	300.2536,255.59445,2438.7559	254.2843,240.71277,2213.669	226.90387,293.2421,2118.4036	211.83481,401.77014,2173.992	273.98508,297.9951,2219.4407	186.78964,504.57626,2189.2786	291.6678,407.06754,2211.347	226.90387,293.2421,2118.4036	320.20038,509.93192,2205.5327	359.16272,233.8815,2408.2317	193.00323,331.76578,1999.791	
259.89084,139.81847,2313.0308	257.49936,188.28796,2256.6768	221.76643,180.83536,2179.3257	179.20793,254.20807,2106.8555	257.49936,188.28796,2256.6768	290.86386,195.2466,2334.0278	302.93637,254.39856,2440.3784	254.33066,241.11308,2211.7651	226.9028,293.6959,2116.4548	212.18109,402.0258,2174.928	274.06152,298.4495,2217.2522	186.65825,505.81546,2182.1091	291.83636,407.4761,2211.3188	226.9028,293.6959,2116.4548	320.6683,510.91486,2199.9524	361.83908,232.0266,2407.1704	193.03995,332.73727,1999.969	
260.26202,140.80771,2312.8809	257.91235,188.9985,2255.9092	222.28973,181.3445,2177.9397	178.58357,253.11359,2107.4253	257.91235,188.9985,2255.9092	291.1548,196.1411,2333.8787	304.3858,253.57346,2439.6882	254.60712,241.79646,2210.001	227.07788,294.28705,2113.2886	212.17116,402.5369,2173.4177	274.14056,299.26508,2214.897	187.30086,506.2125,2183.1135	292.21793,408.38928,2208.652	227.07788,294.28705,2113.2886	320.37335,511.50427,2202.8276	363.10367,230.81407,2406.844	193.3668,331.38705,1999.3771	
261.5429,140.19489,2304.315	258.4583,189.08351,2253.2725	222.718,181.57126,2175.907	179.33438,253.11885,2107.2134	258.4583,189.08351,2253.2725	291.82584,196.09702,2330.638	306.65808,253.26648,2441.357	254.67072,242.15741,2212.1108	226.66011,294.79245,2120.539	211.70291,402.31433,2183.4297	273.72592,299.58408,2221.3594	186.70604,505.50504,2192.856	291.4442,408.26508,2217.6084	226.66011,294.79245,2120.539	321.07346,510.11868,2215.041	363.9781,227.56042,2400.9976	193.13673,332.32642,1997.8223	
262.40988,139.03687,2308.0234	259.30908,188.02264,2255.2578	223.6568,180.31567,2177.914	179.39851,252.16508,2106.6047	259.30908,188.02264,2255.2578	292.59708,195.21854,2332.6016	308.48334,253.01259,2439.177	255.35825,240.99791,2213.4722	227.21367,293.4215,2121.2908	212.51886,401.4605,2180.2449	274.20657,298.48453,2222.0823	187.2444,505.19827,2186.4792	292.3701,407.2887,2214.9353	227.21367,293.4215,2121.2908	321.37506,510.29413,2205.237	366.13477,226.66019,2401.9524	193.349,331.05173,1994.6345	
263.17407,138.51692,2309.3777	260.04053,187.46823,2255.7236	224.40247,179.68095,2178.645	179.22433,250.58917,2107.3003	260.04053,187.46823,2255.7236	293.32358,194.74089,2332.8022	309.39285,252.89105,2437.088	256.03766,240.39903,2213.463	227.83331,292.73386,2120.9792	212.89432,400.86603,2179.171	274.83737,297.92673,2221.425	187.3963,505.84985,2176.1719	292.8498,406.83234,2213.6824	227.83331,292.73386,2120.9792	320.9494,510.2508,2203.2478	367.1307,226.1978,2404.3657	193.50034,329.25464,1991.895	
263.21112,139.93433,2310.056	260.2481,188.47379,2255.1665	224.59555,180.67703,2178.2666	178.62459,248.57004,2108.1494	260.2481,188.47379,2255.1665	293.54938,195.75635,2332.0664	309.137,252.95128,2435.544	256.26175,241.40105,2212.1462	228.04489,293.75812,2119.0193	212.66454,402.0359,2176.0176	275.10263,298.97675,2219.2327	187.08365,506.80774,2175.7192	291.41254,408.24835,2211.5964	228.04489,293.75812,2119.0193	321.66974,511.2774,2200.0276	367.62863,227.49152,2404.7012	194.8107,326.23346,1991.4377	
263.97424,139.22113,2303.3958	260.68542,188.44846,2253.3096	225.01038,180.86407,2176.1392	178.91034,248.94086,2105.069	260.68542,188.44846,2253.3096	293.9978,195.53056,2330.48	308.7966,253.42448,2440.2783	256.58737,241.58719,2213.9624	228.33089,294.14755,2124.3313	212.64626,401.95142,2182.5535	275.2659,299.03714,2224.8992	186.79834,505.60208,2187.4639	291.8033,407.7621,2220.5637	228.33089,294.14755,2124.3313	321.58664,510.72528,2206.9417	366.2992,227.53369,2404.9373	194.97821,326.17236,1990.0305	
264.2084,139.2716,2299.5676	260.81476,188.7403,2251.0242	225.02904,181.26535,2174.3853	179.60162,249.4016,2103.5352	260.81476,188.7403,2251.0242	294.24393,195.72299,2327.663	307.66812,253.5612,2439.1426	256.6561,241.9986,2212.9536	228.29294,294.6845,2124.946	212.28137,402.13892,2185.2302	275.33075,299.44894,2224.82	186.32188,507.60678,2175.0227	292.28696,408.46887,2215.3323	228.29294,294.6845,2124.946	321.12375,511.5698,2205.2222	365.0588,227.45224,2403.151	194.33249,326.44565,1989.3403	
264.17288,139.20062,2298.1519	260.73108,188.93077,2250.2239	224.98773,181.45618,2173.067	181.32062,250.87398,2100.7686	260.73108,188.93077,2250.2239	294.1045,195.90979,2327.3809	306.99002,253.62451,2439.5708	256.5496,242.236,2212.6567	228.20367,294.96762,2124.8152	212.67966,402.64508,2183.9148	275.1584,299.68832,2225.364	185.75029,507.8056,2175.0334	292.26917,408.80975,2213.7083	228.20367,294.96762,2124.8152	321.16125,510.54715,2215.227	364.343,227.42827,2405.894	194.88252,327.74948,1983.9133	
264.72037,138.13965,2297.4458	261.03085,188.00838,2250.7825	225.20088,180.61908,2174.411	181.28435,251.45914,2102.3843	261.03085,188.00838,2250.7825	294.50912,194.91267,2327.154	308.0534,253.67235,2436.7883	256.80734,241.33246,2214.3545	228.38766,294.05634,2128.163	212.86487,401.4355,2188.568	275.42267,298.71777,2227.69	186.24846,506.3799,2180.2627	292.2278,407.4859,2220.1458	228.38766,294.05634,2128.163	322.0362,510.20078,2208.1628	364.58673,225.81262,2401.7178	194.91745,327.5354,1982.2784	
264.8148,137.67542,2305.0876	261.2732,186.843,2255.1528	225.43695,179.30156,2179.7773	180.48303,251.2193,2099.687	261.2732,186.843,2255.1528	294.79132,193.89662,2330.5283	307.7746,253.4398,2439.3948	257.1577,239.90419,2215.6772	228.77014,292.34952,2127.087	212.80667,400.01672,2185.3125	275.95093,297.31915,2225.3164	187.17464,505.8889,2172.9653	292.14066,406.5831,2213.4731	228.77014,292.34952,2127.087	322.7958,509.13132,2203.997	364.26294,226.53316,2405.118	194.30571,327.08575,1983.2	
264.4354,137.87106,2300.912	260.8608,187.3295,2252.4272	225.04106,179.76765,2176.392	181.14774,251.51535,2097.8442	260.8608,187.3295,2252.4272	294.3412,194.39749,2328.4624	307.5072,253.21814,2438.1965	256.63773,240.50557,2213.873	228.16946,293.04465,2125.776	212.31631,401.20312,2180.348	275.28735,297.97617,2224.8618	187.39447,506.0449,2178.8364	290.6173,407.1526,2216.5522	228.16946,293.04465,2125.776	320.55515,510.0445,2204.7964	363.9005,226.95927,2406.0269	194.6933,327.91315,1984.749	
264.4168,138.70088,2298.3225	260.7162,188.12563,2250.4343	224.97638,180.46092,2173.53	181.82144,252.07002,2097.9216	260.7162,188.12563,2250.4343	294.09402,195.2838,2327.3386	307.24802,253.11497,2436.096	256.36423,241.3637,2212.0	227.81235,293.9296,2123.4553	212.45934,402.34222,2177.3748	274.82065,298.92432,2223.676	188.05064,506.55545,2182.4802	290.8242,408.19385,2213.5437	227.81235,293.9296,2123.4553	320.9611,510.5663,2207.1292	364.0785,228.184,2407.2014	195.46875,328.71637,1983.6636	
264.32904,138.82959,2297.5303	260.63672,188.29141,2249.6433	224.85066,180.56323,2173.109	181.37329,251.25813,2096.4622	260.63672,188.29141,2249.6433	294.06793,195.51106,2326.1777	307.3469,253.3077,2433.5496	256.0846,241.55685,2211.5884	227.29535,294.08008,2123.6653	211.93738,402.1134,2180.65	274.37082,299.1779,2223.4016	187.02731,506.47415,2182.7693	290.97247,408.28088,2214.6426	227.29535,294.08008,2123.6653	321.73392,510.76794,2205.2524	364.1865,228.85452,2406.9143	194.46524,328.14905,1986.7432	
263.82178,138.21452,2298.6316	260.114,187.75282,2249.5273	224.26219,180.04366,2173.34	181.92874,251.10727,2099.2305	260.114,187.75282,2249.5273	293.6169,194.9569,2325.7146	307.16998,253.39362,2434.2737	255.70058,240.97894,2210.5522	226.99222,293.50592,2121.935	211.90503,401.70276,2178.7847	274.18634,298.6087,2221.2192	187.24753,506.1012,2181.835	291.1797,407.6405,2214.205	226.99222,293.50592,2121.935	321.56873,510.86765,2199.5159	364.22736,229.17497,2406.5134	194.73445,327.44406,1987.0947	
264.0691,138.54059,2297.1838	260.14255,188.06105,2248.6394	224.29495,180.19597,2172.5527	181.56383,250.63918,2097.1162	260.14255,188.06105,2248.6394	293.64362,195.4113,2324.726	307.18933,253.32874,2432.6362	255.4265,241.30418,2209.876	226.39812,293.73334,2121.5354	211.83493,401.4811,2182.8857	273.6079,299.04248,2220.6897	186.74905,506.08957,2182.1592	290.25183,407.74762,2219.312	226.39812,293.73334,2121.5354	321.28683,511.3055,2197.4187	363.9066,228.31047,2410.955	194.12822,327.21667,1987.8811	
263.8819,138.88185,2297.9575	259.8641,188.21962,2248.4	223.94508,180.3329,2172.8892	181.211,251.50598,2095.554	259.8641,188.21962,2248.4	293.44888,195.59383,2323.9106	307.22498,254.21439,2436.8186	255.10567,241.44632,2209.1357	225.96951,293.8484,2120.6697	211.83447,402.01794,2179.3855	273.30716,299.22824,2219.0735	186.78711,505.59528,2187.2742	291.30496,407.9444,2215.6194	225.96951,293.8484,2120.6697	321.73224,511.50034,2197.261	363.61658,227.86076,2410.6719	194.78418,328.12732,1986.3909	
264.3657,138.74846,2297.845	260.27884,188.12492,2248.7239	224.4656,180.09647,2172.658	181.16707,251.24188,2096.7761	260.27884,188.12492,2248.7239	293.74847,195.62802,2324.7898	307.34845,253.84402,2436.407	255.36676,241.33,2209.435	226.13437,293.63394,2120.5823	212.73553,401.73114,2180.9229	273.3411,299.1629,2219.7102	187.13226,505.77936,2183.989	291.35184,407.75183,2217.6587	226.13437,293.63394,2120.5823	322.27563,511.00668,2199.7834	363.55276,227.60873,2411.3025	194.15294,327.7591,1985.5125	
264.12747,139.25436,2298.2883	260.02747,188.41798,2248.1868	224.25592,180.29858,2171.7458	181.62863,251.39043,2096.3867	260.02747,188.41798,2248.1868	293.44644,196.00342,2324.6277	307.41324,253.77377,2436.702	255.09888,241.60234,2208.0886	225.85431,293.87723,2118.1829	212.15721,402.0514,2178.4856	273.0376,299.50162,2217.798	186.59515,506.61536,2178.8508	291.26974,408.2254,2214.7578	225.85431,293.87723,2118.1829	320.94812,511.89273,2197.8542	363.51913,227.4936,2412.4949	194.14874,328.43414,1987.0493	
264.35907,139.15424,2298.012	260.24112,188.3854,2248.861	224.44937,180.31134,2172.6956	181.4859,251.06058,2094.6936	260.24112,188.3854,2248.861	293.68787,195.93045,2325.0266	308.14713,253.51083,2435.3516	255.19617,241.60023,2209.9805	225.84586,293.86743,2121.4717	212.65375,401.9154,2182.0676	273.0169,299.4471,2220.728	186.8477,505.9755,2184.3704	291.2521,407.8946,2219.4824	225.84586,293.86743,2121.4717	321.89914,510.76486,2204.9326	365.3072,228.10745,2416.6138	192.32526,328.67944,1988.1606	