0.0,0.0,0.0	-20.189972,244.65906,2447.1174	-64.41321,245.13327,2372.4612	-64.413055,313.38434,2372.4612	-20.189972,244.65906,2447.1174	21.414856,244.21292,2521.7737	21.601837,308.42694,2521.6113	-19.975433,295.3152,2423.6318	-47.883606,349.3125,2353.0376	-47.156677,454.66357,2351.8335	7.287323,344.70325,2447.255	-41.280396,556.4003,2346.502	8.013397,445.99414,2446.0508	-47.883606,349.3125,2353.0376	13.783356,543.78467,2440.7192	20.284943,372.864,2517.1367	-64.4238,381.6372,2372.43	
0.0,0.0,0.0	-16.378967,244.29376,2460.045	-57.93396,245.28021,2421.262	-57.933777,312.1557,2421.262	-16.378967,244.29376,2460.045	23.886108,243.3379,2498.828	24.037323,308.1408,2498.6987	-16.51941,294.74554,2441.7544	-42.346863,347.57495,2399.7083	-41.777008,450.85657,2398.734	8.524231,344.37415,2447.2195	-36.645447,550.60913,2393.593	9.103302,445.64856,2446.245	-42.346863,347.57495,2399.7083	14.242126,543.4487,2441.1042	22.850677,373.1497,2494.6372	-57.943268,379.03268,2421.234	
0.0,0.0,0.0	-13.121796,242.84575,2464.6553	-53.219086,244.1157,2438.575	-53.218903,310.51636,2438.575	-13.121796,242.84575,2464.6553	26.135773,241.60237,2490.7356	26.257294,306.61508,2490.6328	-13.246155,293.18832,2445.6792	-38.531982,345.79596,2410.528	-38.078552,448.59778,2409.7415	11.453857,342.8601,2442.8782	-33.526764,547.89307,2404.8381	25.62146,441.8045,2456.4622	-38.531982,345.79596,2410.528	39.096954,535.9171,2469.5225	25.193787,371.81427,2486.9502	-53.227417,376.9184,2438.5498	
0.0,0.0,0.0	-11.423035,232.46521,2445.6265	-53.284363,232.59892,2405.4827	-53.28418,299.9131,2405.4827	-11.423035,232.46521,2445.6265	29.086212,232.33583,2485.7703	29.183716,297.4776,2485.6882	-11.325531,283.09756,2442.0247	-37.233246,335.01404,2413.4004	3.8829956,428.38452,2431.856	14.249451,332.768,2463.4453	42.83377,516.8369,2449.6023	26.3508,431.25146,2482.3022	-37.233246,335.01404,2413.4004	38.880768,524.6616,2498.3926	28.232513,362.7776,2482.352	-53.292053,367.22833,2405.46	
0.0,0.0,0.0	-7.956238,216.84195,2440.6086	-49.46945,215.89926,2404.4485	-49.46927,283.24234,2404.4485	-7.956238,216.84195,2440.6086	32.344788,217.75714,2476.7688	32.423157,283.13492,2476.7034	-7.922241,267.31766,2451.514	-33.554565,317.6979,2439.7341	-1.8366089,414.11932,2439.7866	17.308838,317.001,2485.1042	32.926422,504.7748,2447.9124	27.159332,414.8487,2505.206	-33.554565,317.6979,2439.7341	38.626984,507.42026,2523.1763	31.571136,348.64023,2473.6833	-49.47641,350.5863,2404.428	
0.0,0.0,0.0	-6.1572266,206.49806,2432.069	-47.78244,205.07613,2395.9316	-47.782257,272.6586,2395.9316	-6.1572266,206.49806,2432.069	34.249115,207.87834,2468.2065	34.312073,273.4825,2468.1543	-6.183075,257.0631,2447.942	-31.937714,307.0345,2441.0574	-7.5375977,405.8083,2431.3374	19.049591,306.9199,2486.572	23.498688,498.64752,2432.122	26.950836,404.98438,2505.7158	-31.937714,307.0345,2441.0574	37.448547,497.59576,2524.698	33.547394,339.19263,2465.4224	-47.788788,340.2418,2395.9133	
0.0,0.0,0.0	-4.4623413,200.34033,2417.8132	-47.82962,198.61618,2362.983	-47.829468,267.14102,2362.983	-4.4623413,200.34033,2417.8132	36.981598,201.98804,2472.6436	37.03195,267.47424,2472.602	-4.6749573,251.09116,2438.2087	-31.356049,301.37317,2424.2747	-12.532471,402.28262,2410.1777	20.858948,300.63705,2492.9338	15.2153015,497.42203,2405.5073	27.10373,398.71533,2510.0872	-31.356049,301.37317,2424.2747	36.62921,491.2583,2529.4124	36.349945,333.05038,2470.1323	-47.83554,335.66644,2362.9663	
0.0,0.0,0.0	-0.076538086,196.37433,2411.796	-44.117188,194.64328,2343.9685	-44.116974,263.724,2343.9685	-0.076538086,196.37433,2411.796	41.55478,198.01067,2479.6233	41.595,263.3124,2479.59	-0.37167358,247.25375,2433.0022	-29.514984,298.03198,2408.5645	18.942383,385.3412,2383.983	27.137848,296.5042,2499.8525	55.28958,469.40674,2471.1724	32.014923,394.5431,2514.6719	-29.514984,298.03198,2408.5645	40.575592,487.0324,2533.841	40.98886,328.69156,2477.3584	-44.12262,332.80524,2343.9536	
0.0,0.0,0.0	2.7535095,194.39821,2405.4963	-41.428925,192.63554,2334.5352	-41.42874,261.9954,2334.5352	2.7535095,194.39821,2405.4963	44.40393,196.05984,2476.4575	44.436157,261.445,2476.431	2.4117432,245.46263,2425.5837	-26.352325,296.53467,2398.7786	24.466766,382.1594,2342.5232	29.43393,294.8736,2492.5637	62.022095,465.5255,2450.7966	33.271423,393.38705,2505.0735	-26.352325,296.53467,2398.7786	40.99893,486.3436,2523.727	43.89377,326.89893,2474.415	-41.4339,331.3557,2334.5217	
0.0,0.0,0.0	4.867676,195.8331,2402.2754	-38.5791,195.76367,2345.9697	-38.57892,264.78546,2345.9697	4.867676,195.8331,2402.2754	46.324463,195.89935,2458.581	48.188934,269.71704,2471.3442	7.0743103,247.02505,2423.1387	-20.88028,298.98807,2403.9019	31.559967,381.80295,2324.6904	38.394196,295.75107,2484.102	70.84471,463.1269,2451.336	41.38623,394.75006,2494.5015	-20.88028,298.98807,2403.9019	48.29428,488.21033,2512.3914	50.00406,327.32886,2468.0435	-38.58362,333.80762,2345.9578	
0.0,0.0,0.0	10.114166,198.79083,2400.8992	-32.98108,197.87457,2349.8066	-32.980927,266.78366,2349.8066	10.114166,198.79083,2400.8992	51.413483,199.66893,2451.9917	56.72,272.94257,2481.3704	10.721741,250.15247,2414.661	-16.69809,301.78073,2394.549	33.82788,383.0712,2279.0774	38.57193,300.10654,2462.2961	75.391266,462.01617,2428.605	40.94751,400.09613,2470.8516	-16.69809,301.78073,2394.549	47.194275,494.5403,2487.817	63.430878,335.0552,2473.2686	-32.9852,335.6931,2349.796	
22.931305,158.55684,2397.3557	18.96463,208.45245,2398.006	-24.436157,204.88322,2331.7166	-24.435974,274.3269,2331.7166	18.96463,208.45245,2398.006	60.030487,211.82967,2464.2957	69.30742,276.73572,2498.5283	15.059784,259.76385,2400.24	-16.872284,310.55927,2359.3672	40.405457,389.646,2252.0005	38.208374,311.3856,2445.5806	78.31235,466.98102,2418.7017	40.09558,412.13757,2452.568	-16.872284,310.55927,2359.3672	45.72751,507.34164,2468.5144	80.70384,341.6877,2481.1128	-24.439972,343.77097,2331.7068	
34.505768,159.80386,2406.7385	27.470795,209.69273,2401.901	-15.503693,203.56372,2330.7095	-15.5035095,273.0374,2330.7095	27.470795,209.69273,2401.901	67.97107,215.46887,2473.0923	80.990204,279.63535,2505.1309	19.683533,260.6414,2396.5078	-15.692291,309.9114,2345.6807	51.312744,384.9277,2257.8733	38.387054,313.65707,2436.5488	79.445694,460.42453,2439.9065	39.88327,414.87564,2442.226	-15.692291,309.9114,2345.6807	44.936523,510.607,2457.1082	96.894455,345.0992,2479.1284	-15.507172,342.5114,2330.7007	
43.848816,161.22841,2435.6602	34.303314,209.62477,2411.2048	-7.8899536,201.67087,2346.8723	-7.8897705,270.6661,2346.8723	34.303314,209.62477,2411.2048	74.30357,217.16528,2475.5374	90.77988,280.17212,2503.6172	23.575043,260.12082,2388.3335	-15.126495,308.24567,2324.1196	59.505646,386.35513,2242.9998	39.451263,314.826,2406.8047	78.93976,463.0086,2423.4878	40.648224,417.37378,2411.4001	-15.126495,308.24567,2324.1196	45.212616,514.4501,2425.2097	111.56172,345.4491,2468.2925	-7.8931885,339.66156,2346.8645	
51.475098,160.16681,2441.9663	41.15103,208.5283,2414.7498	-0.48425293,200.13092,2357.4724	-0.4840393,268.81595,2357.4724	41.15103,208.5283,2414.7498	80.85689,216.53654,2472.027	101.048584,278.4187,2497.6023	29.543182,258.8452,2388.9253	-11.715027,306.13452,2323.7766	69.51361,384.29373,2263.6008	46.115997,314.25403,2402.425	80.15044,462.48434,2433.2864	47.05655,417.05753,2406.1348	-11.715027,306.13452,2323.7766	51.105225,514.4852,2418.889	126.19386,343.1147,2451.1177	-0.48718262,337.50116,2357.4653	
59.5849,157.42938,2445.0703	49.872375,206.04999,2420.243	8.3446045,198.36021,2362.5017	8.344788,266.899,2362.5017	49.872375,206.04999,2420.243	89.46475,213.38141,2477.9841	116.019775,266.04193,2489.2478	39.562225,256.44794,2398.2246	-2.2764587,303.9008,2333.6863	79.22377,377.07617,2283.4397	59.29669,311.52258,2418.7263	81.35245,461.14304,2417.155	60.022125,413.69202,2421.7146	-2.2764587,303.9008,2333.6863	63.548798,510.64233,2433.449	149.55663,319.90994,2387.7537	8.341858,335.43796,2362.4954	
66.67253,152.86124,2446.1106	57.73886,201.51813,2424.263	16.350647,194.4833,2367.3767	16.3508,262.88095,2367.3767	57.73886,201.51813,2424.263	97.22928,208.2304,2481.1492	123.72337,252.96205,2500.6238	48.6131,251.96965,2404.7534	8.256836,299.8357,2343.4038	81.222565,376.2243,2284.9028	69.3477,306.53967,2427.084	85.4657,458.6825,2430.633	69.912415,408.40558,2429.4875	8.256836,299.8357,2343.4038	73.004,505.1906,2440.249	158.82594,299.68805,2398.746	16.348053,331.27875,2367.3708	
73.67714,145.27808,2455.109	65.61865,193.73175,2431.9534	24.504974,187.22241,2377.1997	24.505157,255.33743,2377.1997	65.61865,193.73175,2431.9534	104.921814,199.9544,2486.707	133.66946,239.23674,2525.275	57.463104,244.07376,2411.4258	18.576263,292.20554,2350.9753	84.5399,373.419,2298.4526	78.75392,298.2539,2430.821	87.79047,456.24585,2441.5168	79.19504,400.00336,2432.752	18.576263,292.20554,2350.9753	81.910995,496.80264,2442.595	167.4351,273.79114,2403.8364	24.502563,323.45258,2377.1946	
79.71759,136.77304,2459.6128	72.31755,185.20648,2436.0176	31.405548,179.18619,2383.4485	31.405731,247.12262,2383.4485	72.31755,185.20648,2436.0176	111.5011,190.97246,2488.5867	144.65358,226.58846,2561.608	65.07262,235.48495,2415.2307	29.393738,284.03915,2358.7285	52.16089,376.27658,2330.5303	85.17804,289.1573,2430.1592	45.57007,467.2008,2400.2002	77.43973,385.4121,2391.3147	29.393738,284.03915,2358.7285	67.001785,479.32663,2427.4258	174.72876,251.88731,2412.5232	31.40335,315.0591,2383.4438	
85.64453,126.939575,2461.871	78.88727,175.38312,2438.9172	38.233887,169.7388,2389.9136	38.23407,237.49147,2389.9136	78.88727,175.38312,2438.9172	117.93919,180.80507,2487.921	154.19485,214.63579,2583.7788	72.31407,225.58003,2418.2046	38.468353,274.2765,2365.307	43.315887,380.81458,2307.6035	92.066666,278.94937,2429.677	0.0,0.0,0.0	89.39455,379.1574,2399.8928	38.468353,274.2765,2365.307	83.67557,474.16797,2431.239	184.0465,233.17285,2423.5916	38.23178,305.24414,2389.9094	
90.493576,117.79427,2455.5127	84.19156,166.55365,2437.7856	43.77649,161.32414,2393.4568	43.776672,228.9765,2393.4568	84.19156,166.55365,2437.7856	123.163055,171.59639,2482.1145	159.49095,202.20206,2550.3896	78.2775,216.82602,2420.6885	45.895966,265.63586,2375.0317	46.337677,368.32812,2330.597	98.04306,269.94012,2432.151	38.111115,465.8274,2359.835	97.15054,370.64117,2421.0388	45.895966,265.63586,2375.0317	95.95586,468.17072,2421.1873	198.26608,215.80345,2419.8245	43.774506,296.62888,2393.453	
95.9572,110.55475,2459.8179	89.79425,158.97763,2440.859	49.608643,153.90245,2398.9514	49.608826,221.39986,2398.9514	89.79425,158.97763,2440.859	128.62323,163.88147,2482.7664	171.13597,191.0549,2525.6824	84.10411,209.10194,2421.7441	52.322845,257.89282,2375.9084	52.79483,362.21945,2318.3289	103.75206,262.1079,2429.3503	51.347717,458.4584,2368.7737	105.336426,363.6176,2419.6135	52.322845,257.89282,2375.9084	104.81697,460.20502,2433.7976	219.02188,197.32697,2413.7273	49.60678,288.89725,2398.948	
101.18036,105.263245,2454.4792	95.36177,153.97821,2440.4856	55.32202,149.13306,2400.3733	55.322205,216.5905,2400.3733	95.36177,153.97821,2440.4856	134.10658,158.66666,2480.598	181.34189,181.75308,2514.345	90.12514,204.18964,2424.6929	59.120117,253.04262,2383.4473	68.48393,356.48285,2333.9739	109.98219,257.0341,2434.353	67.16113,453.99728,2372.3462	115.174774,358.4335,2427.4055	59.120117,253.04262,2383.4473	113.32912,453.8283,2451.982	233.83838,181.45187,2408.0408	55.32025,284.04788,2400.37	
106.153534,101.40317,2451.3093	100.59535,150.3299,2439.4897	60.749725,145.63387,2402.2185	60.74991,213.03947,2402.2185	100.59535,150.3299,2439.4897	139.24179,154.8846,2476.761	190.25223,174.94348,2506.1733	95.51315,200.57745,2424.7397	64.87703,249.4473,2386.396	79.31894,352.32776,2342.48	115.36618,253.39421,2433.5835	81.81624,452.0191,2357.0342	123.86661,354.83978,2424.386	64.87703,249.4473,2386.396	122.92871,449.6637,2457.3662	244.80234,166.23425,2406.676	60.748016,280.44504,2402.2158	
111.6532,100.316025,2449.7312	105.88454,149.20491,2438.9087	66.27199,144.43166,2404.5872	66.27214,211.77087,2404.5872	105.88454,149.20491,2438.9087	144.39766,153.8457,2473.2302	198.87064,170.02731,2502.1006	100.528,199.4285,2423.8616	69.78049,248.15857,2387.1167	90.76622,349.73877,2348.8022	119.97647,252.36269,2430.5122	95.906296,450.98398,2342.475	133.04706,353.4743,2421.0312	69.78049,248.15857,2387.1167	135.2646,447.70428,2461.8628	254.17432,154.31339,2404.7153	66.270355,279.11005,2404.5847	
117.52661,100.91901,2457.4463	111.09474,149.58408,2440.602	71.78642,144.75911,2409.8674	71.786575,211.95078,2409.8674	111.09474,149.58408,2440.602	149.42535,154.28903,2471.3367	205.37462,167.48956,2497.576	105.24301,199.59302,2420.7605	74.072235,248.16647,2381.5044	99.991104,348.85904,2351.1565	124.112274,252.65428,2420.3335	108.13669,449.87585,2346.5454	147.06514,352.0753,2401.772	74.072235,248.16647,2381.5044	142.741,444.92847,2456.3271	260.66348,145.07227,2408.362	71.78485,279.1424,2409.8652	
123.36217,104.62305,2468.7915	116.88423,152.42987,2443.2607	77.69824,147.6582,2412.676	77.698425,214.77167,2412.676	116.88423,152.42987,2443.2607	155.10127,157.08353,2473.8455	211.6002,166.56622,2491.7903	110.86691,202.17041,2417.2954	79.45447,250.74542,2372.0195	108.00165,351.26074,2349.8918	129.57854,255.20085,2410.6406	120.02586,451.4673,2352.2527	155.70567,354.5392,2394.2075	79.45447,250.74542,2372.0195	163.89671,446.33875,2456.8374	266.74158,138.6753,2412.6074	77.69676,281.88507,2412.674	
128.89996,111.39102,2466.9783	121.930435,159.14632,2439.805	82.94194,154.19763,2412.062	82.94212,221.32817,2412.062	121.930435,159.14632,2439.805	160.04222,163.9837,2467.5479	217.69183,170.48149,2487.922	115.28546,208.9058,2411.77	83.28822,257.39578,2366.2168	112.69856,358.0493,2348.19	133.31252,262.24008,2401.2534	126.6974,456.319,2370.2246	162.2245,361.35992,2387.6895	83.28822,257.39578,2366.2168	180.84645,451.80832,2452.9321	270.7021,135.91902,2416.6929	82.940506,288.45865,2412.0603	
134.34239,119.20523,2474.057	127.435486,166.23001,2440.2334	88.682556,161.68361,2415.9194	88.68274,228.70695,2415.9194	127.435486,166.23001,2440.2334	165.4238,170.6867,2464.5474	222.99902,175.52875,2484.4458	120.82089,215.89188,2407.6357	88.89006,264.6334,2359.689	120.08792,365.19434,2333.4648	138.83655,269.1712,2390.3872	136.16718,461.17694,2379.5586	173.59323,366.81332,2377.4	88.89006,264.6334,2359.689	200.98987,455.3932,2445.984	273.09106,135.33057,2422.681	88.68117,295.73026,2415.9177	
140.24538,126.98138,2461.0925	133.14171,174.88719,2433.7153	94.54018,170.08105,2411.9297	94.54036,237.21527,2411.9297	133.14171,174.88719,2433.7153	171.05829,179.60805,2455.501	230.64241,182.34093,2472.7292	126.08835,224.8888,2405.2388	93.84657,273.57434,2362.9746	124.537415,374.39404,2324.5405	143.59676,278.57376,2390.5498	140.65703,467.78833,2393.1558	181.83667,374.55212,2382.2593	93.84657,273.57434,2362.9746	216.3305,460.76996,2450.5754	277.1166,136.54285,2427.9302	94.53882,304.34943,2411.9282	
146.05606,133.72601,2455.6099	139.24739,182.15512,2430.6409	100.78554,177.63635,2411.4028	100.78572,244.78523,2411.4028	139.24739,182.15512,2430.6409	177.10516,186.60292,2449.879	237.07173,191.27463,2467.3633	132.4551,232.3763,2403.8633	100.64844,281.33868,2364.9248	130.68764,382.44598,2306.773	150.11806,286.0949,2389.2466	148.07254,472.59344,2400.709	192.44565,380.67126,2377.8904	100.64844,281.33868,2364.9248	234.21631,465.07404,2436.7285	280.97708,142.4372,2432.808	100.78424,311.93408,2411.4016	
151.68779,138.55365,2451.873	145.45363,187.15959,2428.4902	107.089264,183.10559,2411.2666	107.08943,250.25827,2411.2666	145.45363,187.15959,2428.4902	183.27763,191.15648,2445.7139	241.04156,201.67236,2469.678	139.29233,237.59299,2404.3218	108.28174,286.912,2369.272	135.35474,389.00244,2297.2588	157.50508,291.16977,2391.0347	151.53606,476.0199,2412.5771	202.08447,384.85608,2377.8599	108.28174,286.912,2369.272	248.26721,469.12042,2418.7886	284.85596,153.29453,2436.6406	107.08798,317.4109,2411.2654	
156.92694,141.50836,2442.008	151.36057,190.64694,2424.2144	112.97034,186.94319,2407.5354	112.970505,254.19994,2407.5354	151.36057,190.64694,2424.2144	189.22612,194.30008,2440.8933	243.3862,209.29033,2478.8518	145.88872,241.34221,2404.9316	115.703094,290.93927,2375.1152	138.98834,394.1103,2294.2866	164.73726,294.7579,2396.1826	152.75816,480.26,2415.631	209.8585,388.1353,2381.2532	115.703094,290.93927,2375.1152	257.9886,472.8237,2408.1792	291.82004,169.152,2425.823	112.969086,321.45663,2407.5344	
162.62363,142.28566,2444.5771	156.98358,191.32649,2424.253	118.81938,187.76726,2410.7732	118.819565,254.93369,2410.7732	156.98358,191.32649,2424.253	194.72572,194.84634,2437.7327	246.609,217.01866,2482.4243	151.51651,242.0133,2403.9124	121.45282,291.65015,2375.059	142.65274,395.49582,2285.4734	170.28506,295.46667,2392.0845	151.54626,479.36255,2420.944	216.04587,389.1068,2363.3086	121.45282,291.65015,2375.059	261.93646,474.67706,2401.4824	299.57007,186.93556,2415.7273	118.818146,322.10004,2410.7722	
168.63596,142.64235,2438.363	163.06273,192.05807,2420.6814	125.02649,188.49437,2409.521	125.02666,255.6957,2409.521	163.06273,192.05807,2420.6814	200.74986,195.58907,2431.8418	249.05917,222.38353,2485.2153	157.64249,242.86754,2403.2788	127.783676,292.44217,2378.829	146.92744,396.79257,2288.1514	176.35919,296.3826,2392.9233	151.67029,479.5084,2428.606	221.73822,390.33145,2362.338	127.783676,292.44217,2378.829	265.0915,476.71793,2404.9536	304.72888,205.34657,2400.4912	125.02525,322.89697,2409.52	
174.12726,141.90732,2435.2566	169.25394,191.68259,2418.0444	130.98474,188.46704,2403.7227	130.98491,255.83047,2403.7227	169.25394,191.68259,2418.0444	207.07246,194.86029,2432.3662	252.12909,226.93726,2490.6323	164.51253,242.59032,2400.2612	135.18976,292.5924,2373.4343	153.26956,397.5891,2284.8503	184.02556,295.91098,2391.5217	152.60661,479.69214,2426.5872	228.38974,390.56158,2358.593	135.18976,292.5924,2373.4343	268.7137,478.29895,2402.54	308.3034,223.24873,2392.663	130.98354,323.19385,2403.722	
180.19624,140.66226,2433.795	176.46248,190.37201,2416.9385	137.7682,187.71695,2393.2913	137.76837,255.374,2393.2913	176.46248,190.37201,2416.9385	214.4069,192.9756,2440.5857	254.85776,231.96185,2489.4873	173.06064,241.35588,2398.8608	144.92574,292.06982,2365.8982	159.12242,398.12738,2288.8438	193.98184,294.14523,2395.6682	154.18163,478.3592,2436.5789	234.79349,390.22275,2362.4	144.92574,292.06982,2365.8982	269.6463,478.6319,2415.7852	311.6001,238.02621,2388.4321	137.76698,323.03098,2393.2905	
186.1357,139.00229,2440.9675	182.79582,188.47919,2418.7773	144.16309,186.03593,2395.2651	144.16325,253.63722,2395.2651	182.79582,188.47919,2418.7773	220.68472,190.87541,2442.2896	258.20096,236.3303,2490.7334	179.67307,239.34454,2396.9197	151.78354,290.2295,2360.267	159.17201,397.1034,2296.6572	200.89621,292.05142,2389.857	153.22682,477.5521,2442.1138	236.1481,390.72766,2351.4546	151.78354,290.2295,2360.267	266.4973,481.56775,2400.9133	312.27936,254.7998,2384.7373	144.16187,321.23843,2395.2644	
192.34343,138.19716,2444.5576	189.02684,187.37491,2418.5017	150.53918,185.02351,2397.7832	150.53937,252.55382,2397.7832	189.02684,187.37491,2418.5017	226.86067,189.68634,2439.2202	260.6038,238.86723,2497.8667	185.86118,238.16835,2393.839	157.90501,289.07986,2356.117	162.2742,396.1634,2305.5078	207.08307,290.94843,2382.236	151.34709,478.71585,2433.6887	239.47543,390.9308,2349.1965	157.90501,289.07986,2356.117	266.20532,482.58337,2401.3755	309.6481,267.38232,2380.3687	150.538,320.08405,2397.7827	
197.73512,136.7717,2446.3462	194.72502,185.89691,2418.5706	156.3182,183.81824,2399.1587	156.31837,251.30981,2399.1587	194.72502,185.89691,2418.5706	232.52022,187.9425,2437.9824	261.00308,242.31947,2496.9202	191.86316,236.6087,2391.346	164.19196,287.685,2351.8767	167.43687,394.8517,2309.9946	213.42383,289.28357,2376.366	150.7607,477.24933,2431.4324	243.6589,390.0035,2351.4448	164.19196,287.685,2351.8767	267.18967,482.14594,2405.6006	303.1541,280.47516,2376.2148	156.31702,318.80133,2399.1582	
203.41165,136.24625,2446.7546	201.07794,185.32697,2419.8809	162.64368,183.41418,2397.8071	162.64386,250.94382,2397.8071	201.07794,185.32697,2419.8809	238.81737,187.20517,2441.9546	260.3892,245.80153,2486.477	198.74365,236.06752,2394.3179	171.63213,287.28085,2354.824	172.2882,394.00946,2323.1204	220.79669,288.51834,2382.6858	153.92712,478.61707,2428.5515	247.4635,389.67444,2365.1655	171.63213,287.28085,2354.824	268.135,481.56262,2421.9763	298.6646,290.92444,2377.4082	162.64249,318.47336,2397.8066	
208.85013,135.37279,2446.9492	206.67288,184.50397,2419.8938	168.34389,182.55936,2399.5205	168.34406,250.04076,2399.5205	206.67288,184.50397,2419.8938	244.36191,186.41612,2440.267	259.62396,246.55994,2476.5347	204.24625,235.23807,2394.4973	177.10309,286.36963,2356.2412	174.7071,392.9021,2328.4304	226.16574,287.7427,2381.9604	152.61473,478.8559,2419.714	249.89291,389.83566,2362.0469	177.10309,286.36963,2356.2412	264.80832,483.96634,2408.716	289.68488,299.93335,2391.063	168.3427,317.5221,2399.52	
214.02391,135.19138,2439.0605	211.40321,184.79677,2417.5703	173.23979,182.6799,2401.3481	173.23996,250.10994,2401.3481	211.40321,184.79677,2417.5703	249.05789,186.8854,2433.7925	260.76428,246.70776,2472.096	208.59634,235.68762,2397.2192	181.26126,286.53784,2366.623	178.73709,392.8227,2335.7373	230.01143,288.35425,2387.1133	155.02322,476.454,2436.1782	250.95547,390.9464,2365.8105	181.26126,286.53784,2366.623	263.2498,485.0859,2414.3496	281.86163,305.59912,2398.1174	173.2386,317.53992,2401.3477	
218.80579,135.59204,2437.096	216.16672,185.23882,2417.4314	178.0233,182.94371,2400.9175	178.02348,250.38585,2400.9175	216.16672,185.23882,2417.4314	253.79257,187.50278,2433.9453	262.49585,247.39127,2469.4194	213.19656,236.16782,2398.5527	185.75258,286.88843,2369.2495	183.35307,393.61066,2325.7344	234.39285,288.91248,2390.0986	160.93102,474.93765,2442.92	253.17545,392.2564,2358.9248	185.75258,286.88843,2369.2495	264.9539,485.708,2415.4841	277.45932,309.2375,2397.0654	178.02213,317.8279,2400.9172	
223.80725,135.80862,2434.1458	220.62375,185.43344,2417.0415	182.8084,183.04984,2407.7144	182.80858,250.30159,2407.7144	220.62375,185.43344,2417.0415	258.14838,187.7987,2426.3687	263.3799,249.07544,2459.6238	217.1788,236.37967,2399.8633	189.4653,286.78946,2376.7925	186.54918,393.56787,2322.9395	237.78352,289.3253,2388.5776	167.69017,472.677,2457.808	254.33923,393.7257,2341.129	189.4653,286.78946,2376.7925	264.2136,485.8253,2413.2021	275.1915,312.94476,2397.919	182.80724,317.55328,2407.714	
228.31216,136.17116,2425.1072	224.54482,186.1691,2414.165	186.62637,183.11241,2402.355	186.62654,250.51419,2402.355	224.54482,186.1691,2414.165	262.0941,189.19604,2425.975	265.88538,249.71246,2453.1643	220.4779,237.22453,2402.9788	192.24344,287.13504,2384.3413	189.9043,393.92603,2318.8083	240.35258,290.36993,2399.2437	174.90836,474.18738,2454.159	255.57547,394.87015,2342.465	192.24344,287.13504,2384.3413	262.47916,485.18607,2427.2732	275.18198,314.78705,2398.881	186.6252,317.9159,2402.3547	
231.72092,138.00085,2412.616	227.70645,188.52455,2410.3677	189.80804,185.2756,2399.878	189.80823,252.74695,2399.878	227.70645,188.52455,2410.3677	265.27643,191.74535,2420.8574	269.60318,252.08902,2451.6182	223.47354,239.68938,2405.9348	195.23418,289.2718,2394.882	193.66623,395.9458,2313.5413	243.08395,292.80466,2408.1218	184.25983,475.00504,2461.4294	257.108,397.57556,2329.511	195.23418,289.2718,2394.882	263.09296,486.1449,2428.4363	278.34918,317.52936,2393.0327	189.80687,320.21823,2399.8777	
234.11703,139.79057,2413.8716	230.65492,190.37488,2411.1626	192.77396,187.44185,2401.1987	192.77414,254.87608,2401.1987	230.65492,190.37488,2411.1626	268.22406,193.28378,2421.1265	272.96344,254.25983,2448.49	226.82574,241.56686,2406.5718	198.99443,291.3681,2395.6912	198.96234,398.20602,2300.3518	246.84415,294.53265,2408.2708	190.78029,476.5614,2455.2966	258.16776,399.97903,2311.133	198.99443,291.3681,2395.6912	265.02393,487.61176,2419.3948	279.6654,319.86823,2378.0322	192.7728,322.31024,2401.1985	
236.89061,141.4448,2415.0042	233.36938,192.05878,2412.488	195.50351,189.15045,2402.1877	195.50366,256.55692,2402.1877	233.36938,192.05878,2412.488	270.91333,194.94235,2422.7883	274.84262,256.11105,2442.172	229.58014,243.2342,2407.8574	201.79541,293.04483,2396.7239	201.49515,400.02274,2288.6943	249.62773,296.1605,2409.7297	195.29022,476.21216,2457.2	257.36005,402.13617,2300.1492	201.79541,293.04483,2396.7239	263.66986,488.03928,2420.4612	281.89362,321.88037,2367.4216	195.50232,323.96332,2402.1875	
239.37933,142.69568,2416.5715	235.87222,193.37726,2413.2444	197.91147,190.45233,2399.236	197.91165,257.94174,2399.236	235.87222,193.37726,2413.2444	273.3948,196.2684,2427.2527	278.01596,258.13077,2435.8862	232.16367,244.54427,2407.4458	204.37273,294.48553,2392.8008	203.38835,401.8152,2279.8896	252.32504,297.42038,2410.4937	198.423,477.93494,2450.8057	257.62366,403.66632,2287.3354	204.37273,294.48553,2392.8008	263.27866,487.22943,2422.7214	285.07172,324.2631,2362.5237	197.91031,325.43106,2399.2358	
241.29626,143.95349,2416.857	237.89993,194.50008,2414.0234	199.98022,191.48718,2400.4731	199.98041,258.9418,2400.4731	237.89993,194.50008,2414.0234	275.3963,197.47932,2427.5737	281.71704,259.17755,2433.9668	234.04758,245.64488,2407.9768	206.13812,295.506,2393.3757	203.987,402.91013,2285.752	254.04295,298.57745,2410.4846	198.36856,479.117,2454.7998	255.71451,405.05188,2276.4565	206.13812,295.506,2393.3757	262.856,486.3629,2425.1401	289.21512,325.47522,2363.6587	199.97905,326.39636,2400.473	
242.27327,145.21133,2416.5054	238.7576,195.59094,2413.86	201.034,192.56482,2405.6482	201.03418,259.87433,2405.6482	238.7576,195.59094,2413.86	276.2254,198.59656,2422.072	284.4527,260.07675,2426.6438	234.69702,246.72743,2407.8818	206.68481,296.42203,2396.7173	202.62172,403.7287,2292.887	254.44452,299.80765,2407.0898	198.9018,480.33948,2459.93	254.95258,406.60132,2268.7231	206.68481,296.42203,2396.7173	260.5358,487.02325,2423.213	293.5545,326.4736,2359.3254	201.03284,327.18378,2405.648	
243.41718,144.96695,2416.3193	240.07465,195.52571,2413.7993	202.38766,192.67729,2406.941	202.38783,259.95065,2406.941	240.07465,195.52571,2413.7993	277.5481,198.35799,2420.6577	288.03275,260.27304,2418.164	236.20374,246.67705,2407.3833	208.40958,296.4815,2396.6387	203.42902,403.7727,2296.9265	256.1286,299.7162,2405.296	200.11568,480.3778,2463.7725	257.28036,406.6855,2274.3677	208.40958,296.4815,2396.6387	260.77606,487.48242,2426.1597	297.26935,326.9457,2351.2817	202.3865,327.22394,2406.9407	
243.90343,144.22675,2416.7222	241.26154,194.95712,2414.2263	203.5863,192.67499,2408.3677	203.58646,259.9085,2408.3677	241.26154,194.95712,2414.2263	278.7544,197.22821,2420.085	294.751,260.81827,2408.5725	238.14171,246.14413,2408.0674	211.11041,296.30508,2398.2097	204.14043,403.1798,2312.3928	258.82785,298.87823,2405.6072	201.38434,481.5774,2468.3792	258.9816,405.83954,2289.7888	211.11041,296.30508,2398.2097	262.12985,488.74136,2427.9592	307.22656,324.9631,2311.7358	203.58514,327.1419,2408.3677	
244.65659,141.86795,2424.3909	242.19893,192.3554,2417.8926	204.78589,190.6148,2416.9204	197.92361,254.97464,2444.7803	242.19893,192.3554,2417.8926	279.5819,194.09459,2418.8647	300.1539,257.3821,2404.2336	239.53813,243.45805,2408.2026	213.03479,293.8917,2397.8987	203.64908,400.24725,2324.4915	260.6647,296.05496,2399.1267	198.9006,479.06958,2476.052	257.85785,403.00003,2301.539	213.03479,293.8917,2397.8987	262.55133,489.33136,2418.4485	316.47678,319.6885,2294.757	191.62016,324.30072,2407.376	
245.3597,139.04749,2428.2556	242.93036,189.49869,2419.8418	205.65846,188.0114,2421.4932	193.29141,254.30914,2461.9797	242.93036,189.49869,2419.8418	280.25314,190.988,2418.1904	303.82153,253.38406,2400.606	240.43924,240.54234,2408.2493	214.16275,291.08694,2397.6992	202.54318,396.64554,2339.967	261.70593,293.07352,2395.6143	197.8807,478.96387,2470.691	259.13046,399.65533,2319.1667	214.16275,291.08694,2397.6992	261.4922,489.17944,2413.5886	323.70712,314.52142,2288.233	183.31232,321.69052,2403.8867	
245.64612,136.35605,2429.684	243.23607,186.7024,2420.782	206.13834,185.51314,2425.6758	190.11096,251.12943,2472.2502	243.23607,186.7024,2420.782	280.4841,187.89648,2415.8882	306.97937,249.3403,2398.7896	240.92874,237.70059,2407.5188	214.90036,288.3718,2397.3457	202.19305,393.1434,2355.0947	262.35257,290.15814,2391.1655	195.45755,477.71368,2469.547	259.68253,396.5915,2327.187	214.90036,288.3718,2397.3457	263.74353,487.80774,2409.8833	331.16846,309.0205,2282.948	176.76178,316.65674,2403.4402	
246.50043,134.35223,2430.4133	243.83371,184.5137,2420.4307	206.7834,183.30713,2426.4187	187.44571,249.31313,2478.8193	243.83371,184.5137,2420.4307	281.0678,185.72627,2414.4426	310.71457,244.79797,2395.3975	241.36954,235.4743,2405.4043	215.1766,286.14166,2394.1582	201.74379,390.35226,2364.5898	262.64722,288.0125,2386.5977	194.22368,475.31793,2475.3623	261.16617,393.85498,2342.8975	215.1766,286.14166,2394.1582	266.37347,487.37537,2405.6475	337.24118,303.2768,2276.3328	170.54214,313.65826,2404.1216	
247.25182,132.9831,2439.278	244.1212,182.64378,2423.8462	207.19116,181.30646,2431.0046	185.6902,246.36862,2486.5688	244.1212,182.64378,2423.8462	281.27002,183.98903,2416.6877	313.9075,242.16248,2393.7092	241.25131,233.42424,2405.1719	214.64006,283.94745,2391.0173	202.14804,387.69495,2374.335	262.12292,286.0554,2381.9778	191.0376,473.11313,2477.4731	261.12848,391.3036,2355.7979	214.64006,283.94745,2391.0173	267.77515,486.4674,2402.5884	342.62933,297.4488,2262.702	164.66115,309.40274,2409.231	
246.85233,133.00037,2435.7078	244.0195,182.68272,2422.0498	207.16397,181.38914,2430.9568	183.80281,244.25838,2488.6628	244.0195,182.68272,2422.0498	281.1471,183.98586,2413.1428	316.1112,238.79504,2392.8547	241.12503,233.51828,2403.9453	214.54395,284.0541,2391.465	203.98392,387.1562,2388.3198	261.94107,286.20163,2380.2166	191.30809,474.29898,2475.8926	262.57217,390.51135,2372.5789	214.54395,284.0541,2391.465	267.0512,487.1176,2403.39	348.21118,291.39337,2264.9534	158.97769,306.25568,2412.9404	
247.17123,132.4989,2441.4233	244.05289,182.10704,2424.5615	207.35489,180.92023,2435.4524	176.37886,240.64543,2495.47	244.05289,182.10704,2424.5615	281.08206,183.30455,2413.6707	317.45175,236.39558,2394.9265	241.04515,232.81297,2403.6528	214.38425,283.3506,2389.6213	205.25049,386.03467,2396.385	261.72165,285.47314,2375.867	191.28694,474.27017,2473.8281	262.87885,389.29517,2380.0579	214.38425,283.3506,2389.6213	266.8494,486.7157,2402.2703	352.7916,285.98053,2262.9922	140.98189,298.1071,2421.8333	
247.7913,132.78828,2444.78	244.22473,182.16948,2425.649	207.56427,180.74818,2436.76	175.1745,239.86104,2497.7307	244.22473,182.16948,2425.649	281.2226,183.60385,2414.5378	319.44653,236.27086,2392.4692	240.77652,232.77518,2402.6025	213.64693,283.1444,2386.572	205.81897,384.99652,2407.9617	261.01578,285.58505,2372.5403	190.8178,474.7187,2471.0452	263.17236,387.64297,2401.8083	213.64693,283.1444,2386.572	266.0376,486.78986,2398.9534	358.55814,283.54797,2254.639	136.09451,294.7863,2428.6187	
247.61636,132.79895,2447.4595	243.9928,182.10974,2427.247	207.28644,180.62898,2437.2043	172.96593,238.6657,2502.8643	243.9928,182.10974,2427.247	281.00153,183.60269,2417.2898	319.72412,236.8144,2394.7366	240.5123,232.66609,2403.5818	213.30771,283.0038,2386.2039	207.08939,383.9779,2420.5564	260.7428,285.45844,2373.6292	191.29555,475.42764,2466.3892	264.5445,386.0208,2420.5906	213.30771,283.0038,2386.2039	266.1912,485.74756,2404.6172	361.86948,281.73026,2257.3135	132.46533,292.50876,2434.1301	
247.91742,132.66821,2449.295	244.1011,182.08574,2428.8054	207.29485,180.43533,2436.5642	171.82903,238.06667,2500.9285	244.1011,182.08574,2428.8054	281.14328,183.7467,2421.0466	320.34393,237.56554,2395.3674	240.51828,232.58871,2404.558	213.13376,282.84634,2385.2104	207.47217,383.47968,2425.1848	260.68903,285.40012,2375.4111	192.76483,475.6488,2466.146	264.78867,385.0738,2432.435	213.13376,282.84634,2385.2104	267.02258,485.46594,2403.5127	364.1395,280.7184,2252.8567	128.91895,289.95404,2434.178	
247.56839,132.77127,2451.215	243.69955,182.2007,2430.4473	206.84592,180.44453,2436.8755	171.29326,237.76884,2502.4624	243.69955,182.2007,2430.4473	280.74866,183.96619,2424.019	320.77405,237.93997,2394.1843	240.03638,232.64824,2405.5527	212.52945,282.84412,2384.7173	207.58818,382.76743,2433.7612	260.14496,285.46198,2376.599	192.1143,475.12866,2469.9	264.48822,384.3636,2441.8723	212.52945,282.84412,2384.7173	266.8178,485.45538,2399.399	365.18713,280.47675,2249.845	127.11867,288.51086,2436.7144	
247.59094,132.89542,2458.178	243.72453,182.14319,2434.625	206.85077,180.36755,2439.558	171.5465,237.16238,2504.2332	243.72453,182.14319,2434.625	280.74805,183.92601,2429.692	321.47244,238.36624,2392.5952	240.07037,232.44395,2407.832	212.51848,282.59656,2384.154	208.8906,382.073,2439.523	260.21182,285.1603,2377.924	192.15791,474.21252,2474.0176	265.1881,383.64865,2447.241	212.51848,282.59656,2384.154	266.92865,484.83627,2401.3474	365.23468,281.273,2244.2876	125.21042,285.74643,2438.3975	
247.6348,133.21274,2461.1558	243.69022,182.25415,2437.5425	206.68227,180.26541,2438.6687	171.41231,237.08781,2504.6152	243.69022,182.25415,2437.5425	280.73236,184.24472,2436.4163	320.13562,237.13759,2393.2979	240.01587,232.48401,2410.3923	212.34877,282.54303,2383.9536	208.8306,381.32025,2447.0105	260.18118,285.17435,2382.5308	191.72043,474.3512,2471.1497	265.32925,383.83554,2448.2407	212.34877,282.54303,2383.9536	266.3797,484.4253,2410.02	362.3229,281.19983,2256.8474	124.52219,284.78546,2441.0952	
247.03683,132.9829,2464.6516	243.36145,182.04135,2441.0186	206.27786,180.03839,2439.4434	171.26042,237.1663,2505.3142	243.36145,182.04135,2441.0186	280.39722,184.04172,2442.5938	318.50803,237.01044,2398.1553	239.85188,232.18832,2413.3354	212.30377,282.24762,2384.6577	208.85608,380.49646,2453.117	260.19797,284.74957,2386.647	191.9138,474.19775,2469.8386	264.44736,383.74988,2447.392	212.30377,282.24762,2384.6577	266.08594,484.19952,2411.5034	360.036,280.7342,2259.3188	122.75363,283.2815,2438.3252	
246.50409,132.70517,2465.3953	243.01683,181.92007,2443.2727	205.88849,179.91,2439.9985	171.071,237.32057,2507.6587	243.01683,181.92007,2443.2727	280.04578,183.92476,2446.5469	317.81497,237.18965,2401.5808	239.65198,232.06087,2416.6787	212.2535,282.10846,2388.0176	208.69376,380.3752,2455.0127	260.1296,284.52438,2392.1519	192.37628,473.42975,2477.792	264.13898,383.97656,2445.4617	212.2535,282.10846,2388.0176	266.09387,484.0813,2414.822	358.49112,281.2552,2254.4832	121.08684,281.89468,2439.3633	
246.19603,133.19827,2465.765	242.77837,182.39206,2445.125	205.6318,180.35234,2440.8022	171.34715,236.93729,2507.3274	242.77837,182.39206,2445.125	279.79382,184.42459,2449.4478	316.75397,237.99887,2405.2915	239.46411,232.52347,2419.2104	212.12312,282.5413,2390.5664	208.7828,380.78738,2456.812	259.9785,284.937,2396.0254	191.6955,473.90762,2477.2595	263.35406,384.36734,2447.988	212.12312,282.5413,2390.5664	265.9759,484.9756,2409.478	356.52148,282.5913,2257.22	121.48651,281.39468,2437.7302	
245.67676,133.54828,2466.9495	242.21915,182.81421,2446.6538	205.17027,180.89682,2444.2144	171.84048,236.63925,2513.1636	242.21915,182.81421,2446.6538	279.1942,184.72781,2449.0933	316.23004,238.64302,2410.1448	238.93082,232.92104,2420.7598	211.67465,282.9401,2393.3254	208.37555,381.03516,2459.9373	259.43738,285.28122,2396.406	191.6372,474.14487,2480.0532	262.82428,384.94226,2445.506	211.67465,282.9401,2393.3254	265.18066,486.05597,2402.1846	354.9822,283.33112,2256.7732	121.76016,281.0271,2435.1016	
246.07307,133.19313,2473.545	242.22632,182.46341,2450.1821	205.27727,180.42464,2448.6636	171.33997,237.1754,2515.0835	242.22632,182.46341,2450.1821	279.12958,184.49968,2451.7007	315.96207,238.72462,2409.0776	238.65979,232.42816,2422.7056	211.14774,282.26312,2394.27	208.28767,380.1095,2463.504	258.856,284.81433,2396.188	191.06927,473.64157,2477.9224	262.8649,384.50958,2444.9636	211.14774,282.26312,2394.27	264.7547,485.81516,2399.637	352.7636,285.6606,2262.517	120.6241,281.3289,2435.3171	
245.69046,133.80867,2477.343	241.7503,182.8021,2452.353	204.88837,180.72423,2451.9683	171.58064,236.98834,2518.5454	241.7503,182.8021,2452.353	278.60065,184.87929,2452.7378	314.6302,239.72171,2407.5422	237.99454,232.66748,2423.4075	210.30945,282.40503,2394.219	207.90454,380.4176,2461.9822	257.98166,285.07166,2394.7048	190.71329,473.7342,2478.9028	262.23407,384.73312,2444.4814	210.30945,282.40503,2394.219	264.29694,486.20367,2397.2783	351.66357,286.91913,2265.5093	121.26993,281.2773,2432.129	
245.41348,133.16458,2478.7385	241.58948,182.4748,2454.7827	204.81544,180.41154,2455.4824	172.3029,237.23978,2520.7734	241.58948,182.4748,2454.7827	278.3845,184.53922,2454.083	313.72906,239.97986,2407.7695	237.80453,232.3201,2426.897	210.1698,281.97235,2399.4531	208.22781,379.79004,2467.4624	257.70212,284.6765,2398.5693	191.92097,473.71216,2478.4304	262.574,384.4115,2445.4456	210.1698,281.97235,2399.4531	265.3212,485.1006,2407.2632	350.4029,287.288,2266.3894	122.50798,282.46646,2430.5212	
245.33624,132.94604,2479.9321	241.51627,182.08905,2457.0	204.7753,179.97128,2457.654	171.72354,237.82225,2523.383	241.51627,182.08905,2457.0	278.2768,184.20795,2456.346	312.56363,241.18536,2408.8809	237.68372,231.90518,2429.834	210.03926,281.4629,2403.081	208.23587,379.5522,2466.8857	257.49786,284.23322,2402.255	191.74596,473.50244,2477.614	263.06326,384.1728,2444.5198	210.03926,281.4629,2403.081	264.90833,484.9317,2406.4019	349.6021,288.29388,2265.2615	122.7791,284.9497,2437.4978	
245.0144,134.13864,2480.537	240.92033,183.17715,2457.5088	204.23932,180.92805,2459.039	171.3204,238.34117,2524.6956	240.92033,183.17715,2457.5088	277.64706,185.42905,2455.9785	311.98264,241.66818,2409.9434	236.81905,232.96301,2429.8364	208.92499,282.40216,2403.1304	207.18784,381.07422,2460.261	256.34064,285.3909,2401.1978	191.42639,474.92188,2475.3088	261.8409,386.0375,2434.7292	208.92499,282.40216,2403.1304	263.95172,486.72278,2402.7837	347.94977,289.14926,2263.0967	123.24202,287.3094,2436.8247	
244.73032,134.18085,2472.8313	240.60574,183.56445,2455.7888	203.845,181.09956,2455.937	171.42746,239.3954,2524.85	240.60574,183.56445,2455.7888	277.37094,186.02966,2455.6406	310.16354,240.95323,2417.4607	236.4364,233.49178,2432.045	208.5133,282.8124,2408.3945	207.85605,381.14523,2467.3145	255.85818,285.99487,2408.2075	191.66423,475.4055,2475.3945	262.37744,386.27417,2442.0813	208.5133,282.8124,2408.3945	264.61295,486.54236,2411.5618	344.96506,289.14728,2269.5386	123.624146,289.27155,2433.564	
243.90646,134.45038,2468.9805	239.99731,183.87753,2454.3132	203.15172,181.24097,2452.9036	171.65903,239.9241,2527.9238	239.99731,183.87753,2454.3132	276.8006,186.51106,2455.723	310.1875,241.43208,2415.225	235.748,233.88239,2432.3816	207.73273,283.1396,2409.5598	207.60062,381.3697,2469.2468	255.09251,286.45355,2411.34	190.67134,475.78143,2474.0522	261.59534,387.18344,2437.3508	207.73273,283.1396,2409.5598	264.87317,487.68185,2406.1272	343.66876,291.3767,2270.122	123.52316,289.88278,2433.4792	
244.261,134.75633,2475.56	239.97803,183.9574,2458.0596	203.24088,181.24088,2457.6313	171.6581,240.4165,2527.4626	239.97803,183.9574,2458.0596	276.70236,186.67297,2458.4878	310.4348,241.91092,2413.1172	235.48645,233.81406,2433.9849	207.2446,282.92865,2409.6396	207.20297,381.62146,2464.1802	254.56033,286.40463,2410.1807	191.22647,475.19086,2479.723	261.44217,387.30048,2434.4385	207.2446,282.92865,2409.6396	265.5764,488.20886,2399.2444	343.21393,293.01923,2270.0994	123.68805,290.80096,2432.4556	
244.07068,134.52156,2478.3499	239.84203,183.67836,2460.1497	203.20316,180.99164,2461.1106	171.22092,241.0075,2521.7349	239.84203,183.67836,2460.1497	276.50952,186.36719,2459.1887	309.84344,242.74678,2412.0588	235.27489,233.47108,2435.501	207.0043,282.52515,2411.4592	207.923,380.8615,2469.5134	254.23631,286.03967,2410.2454	190.7084,474.66254,2479.182	261.99423,386.66913,2437.4143	207.0043,282.52515,2411.4592	265.28812,488.02185,2395.3442	343.01178,294.82422,2270.3188	124.556564,292.7798,2442.4124	
243.66148,134.36786,2481.246	239.40704,183.57373,2462.149	202.89816,180.86961,2464.9753	171.6021,241.87473,2519.372	239.40704,183.57373,2462.149	275.99985,186.28407,2459.3225	308.61075,241.72992,2415.5334	234.64989,233.28769,2436.659	206.24756,282.234,2412.9539	206.96219,380.82092,2467.5754	253.37161,285.87418,2409.384	191.89429,474.8371,2479.3484	261.4793,386.4098,2438.0808	206.24756,282.234,2412.9539	264.8906,488.04053,2391.9731	342.36218,293.0477,2270.5842	125.33501,294.59296,2450.1787	
243.34274,134.42249,2481.1873	239.17915,183.64297,2462.6501	202.69614,180.95454,2465.87	172.62338,242.19507,2518.6855	239.17915,183.64297,2462.6501	275.7577,186.33847,2459.4302	307.6474,240.74455,2418.7598	234.43045,233.36186,2437.6099	206.06578,282.29462,2414.6028	207.7268,381.41586,2462.135	253.14018,285.93408,2410.5364	192.1442,473.49655,2491.1438	261.7484,386.35095,2439.7122	206.06578,282.29462,2414.6028	265.7909,487.6822,2396.2727	340.98285,291.6025,2271.979	126.97174,295.7354,2446.5066	
243.36215,134.8717,2489.6582	239.04358,183.68875,2466.6975	202.69565,181.2117,2471.5293	172.96233,241.43547,2521.3467	239.04358,183.68875,2466.6975	275.53418,186.17554,2461.8657	307.2621,240.13707,2416.8706	234.32713,233.2131,2438.0513	205.99554,282.1858,2412.456	207.93817,381.0809,2463.8308	253.0611,285.64874,2406.354	191.3271,474.1317,2482.658	262.58368,386.26193,2434.226	205.99554,282.1858,2412.456	265.2746,487.64453,2393.7808	340.1828,290.9063,2273.02	127.04326,295.31873,2445.6855	
243.7073,134.19104,2493.4004	239.09814,183.05945,2468.9094	202.76764,180.61058,2473.535	173.30789,240.83151,2523.6768	239.09814,183.05945,2468.9094	275.56503,185.51753,2464.284	307.4265,240.0685,2414.94	234.3966,232.50296,2439.2632	206.07071,281.45654,2412.5376	208.26247,380.1125,2466.9153	253.14508,284.87384,2406.6963	191.0678,474.1603,2474.9292	261.9799,385.3919,2436.5576	206.07071,281.45654,2412.5376	265.80292,486.35138,2399.4187	339.61453,291.23196,2267.7383	127.94681,295.7492,2449.723	
243.46985,134.22444,2496.2705	239.2056,182.69408,2470.6655	202.91202,180.30849,2475.5823	174.07764,240.9866,2523.344	239.2056,182.69408,2470.6655	275.64392,185.08919,2465.7488	307.50314,240.0341,2412.9714	234.5447,232.0813,2440.4	206.26941,281.03494,2413.239	208.3606,379.91003,2464.8833	253.32465,284.38718,2407.0295	191.5289,473.35196,2479.939	262.13702,384.94318,2436.3416	206.26941,281.03494,2413.239	265.66614,485.59448,2403.2554	339.36194,291.55313,2265.273	128.38808,296.04874,2450.7595	
243.0569,134.88988,2499.204	239.00568,183.00616,2471.7893	202.69032,180.67348,2476.0798	173.89615,240.60712,2527.1746	239.00568,183.00616,2471.7893	275.44733,185.34697,2467.4988	305.8079,237.99533,2421.488	234.41425,232.33362,2440.2056	206.16556,281.32986,2411.331	207.8243,380.49542,2460.3748	253.29227,284.5832,2405.9126	192.57718,474.3678,2475.7341	262.02115,385.27252,2434.124	206.16556,281.32986,2411.331	265.4086,486.05927,2400.7397	336.25858,288.6211,2269.6921	128.62444,296.72037,2450.4727	
242.95656,134.7405,2506.6672	239.21274,182.70291,2475.9053	202.97043,180.68391,2480.7632	173.97224,240.18886,2526.0918	239.21274,182.70291,2475.9053	275.59756,184.72984,2471.0474	304.24393,238.64328,2424.7334	234.90942,231.86308,2441.7834	206.94421,280.97778,2410.7292	208.59073,379.91406,2462.847	254.08409,283.8592,2404.594	192.81152,473.63,2478.1367	262.5591,384.63605,2432.7449	206.94421,280.97778,2410.7292	266.40695,485.4325,2399.6287	334.9717,288.48468,2273.7751	128.70708,297.16068,2450.6978	
242.96524,135.00256,2502.8987	239.21667,182.86792,2474.4507	203.01758,180.98718,2480.5793	174.43861,240.78038,2523.0425	239.21667,182.86792,2474.4507	275.59552,184.75797,2468.322	305.0727,240.03299,2417.3657	235.06236,232.13177,2441.9307	207.31346,281.34464,2413.2808	208.29568,380.1576,2465.478	254.35391,284.1108,2405.5405	191.4826,473.5662,2480.9624	261.39932,385.2282,2429.5999	207.31346,281.34464,2413.2808	266.3099,485.4271,2404.3545	334.72464,291.1952,2270.3477	127.484634,296.86295,2450.3389	
242.8729,136.04683,2501.017	239.14514,183.86684,2472.787	202.89093,182.01051,2478.418	174.92776,240.61865,2522.02	239.14514,183.86684,2472.787	275.56482,185.73163,2467.1562	306.31357,240.13586,2412.1838	235.07645,233.19427,2440.5127	207.38603,282.49194,2411.794	208.32921,381.5696,2461.3213	254.4809,285.1998,2404.6826	190.7346,474.9679,2476.9868	261.49673,386.5747,2425.5645	207.38603,282.49194,2411.794	265.95544,486.79706,2402.5266	334.76495,293.3192,2267.7742	128.07059,296.8684,2449.3125	
242.5035,135.36984,2507.5784	239.16718,183.36736,2476.298	202.93039,181.73793,2481.5286	175.14505,240.76619,2523.0146	239.16718,183.36736,2476.298	275.55737,185.0037,2471.0676	306.93622,240.1871,2409.5916	235.39156,232.5845,2442.741	207.98422,281.97772,2412.4866	208.90642,381.01227,2462.3396	255.10187,284.37103,2405.881	190.99762,472.85025,2490.159	262.63782,385.31805,2431.6443	207.98422,281.97772,2412.4866	266.06842,485.93304,2401.3447	334.83423,294.371,2267.1208	128.44344,297.19547,2450.089	
242.71198,135.63086,2502.8425	239.10341,183.6518,2473.8242	202.70697,181.58298,2476.2153	175.22203,240.83618,2524.997	239.10341,183.6518,2473.8242	275.57028,185.7246,2471.433	305.73807,238.1882,2416.2766	235.0065,232.95384,2441.5952	207.1949,282.17026,2410.8765	207.6128,380.85083,2465.3308	254.4347,284.98126,2407.856	189.518,474.25226,2478.0107	261.07526,385.48816,2439.0332	207.1949,282.17026,2410.8765	264.78143,486.53986,2399.2024	333.8781,290.03055,2267.2053	128.60739,297.38785,2446.539	
243.12845,134.54337,2508.9873	239.12439,182.66684,2476.6665	202.74265,180.48729,2478.4812	175.32211,240.9883,2526.995	239.12439,182.66684,2476.6665	275.55948,184.84955,2474.8518	305.71155,238.25803,2414.6406	234.82722,231.7784,2441.7107	206.76494,280.85266,2407.9006	207.61884,379.63843,2462.985	254.06802,283.78183,2405.6091	191.17616,473.497,2475.5305	261.23465,384.51733,2434.8484	206.76494,280.85266,2407.9006	265.39474,485.63348,2396.2085	333.83466,289.29395,2263.499	128.70433,297.4574,2440.8352	
242.5026,134.95132,2511.5608	239.0152,182.55145,2478.1746	202.68185,180.61316,2480.7837	175.31343,240.94856,2528.999	239.0152,182.55145,2478.1746	275.42514,184.49382,2475.5654	304.89822,237.10849,2419.815	234.9308,231.5902,2441.8752	207.08548,280.77948,2407.2234	208.65347,379.93945,2458.353	254.39319,283.4402,2403.9285	192.2081,472.40216,2484.44	262.1076,384.22482,2433.077	207.08548,280.77948,2407.2234	265.9365,484.69714,2403.2837	334.2915,287.43826,2269.8252	128.77156,297.46445,2437.2856	
242.80829,135.741,2505.852	238.9407,183.51285,2474.8032	202.65285,181.39601,2478.9758	175.31224,240.8181,2528.0103	238.9407,183.51285,2474.8032	275.35117,185.63683,2470.6306	305.06915,237.36218,2418.9084	234.55283,232.69615,2440.5425	206.4686,281.7953,2408.9167	208.0487,380.88916,2459.841	253.66309,284.768,2403.6467	191.10852,473.2666,2485.6301	260.4723,385.77563,2430.4944	206.4686,281.7953,2408.9167	266.23334,485.42627,2410.1733	334.01544,287.97827,2266.507	128.81335,297.44437,2431.8308	
242.43997,135.66226,2502.4902	238.66988,183.54956,2473.2998	202.43082,181.60818,2478.9167	175.02316,241.09578,2522.5007	238.66988,183.54956,2473.2998	275.0739,185.4998,2467.6829	305.37073,237.84328,2414.9524	234.44904,232.8255,2440.3174	206.59608,282.0442,2410.8818	208.55264,381.0655,2461.7192	253.69844,284.86328,2403.788	191.80582,474.43817,2478.6035	261.04135,386.03763,2427.7886	206.59608,282.0442,2410.8818	267.65598,485.2057,2413.62	333.96127,288.51724,2264.4119	127.58322,297.2131,2431.319	
242.16705,134.79622,2508.8018	238.35243,182.51984,2476.2952	202.38809,180.99503,2485.9258	175.1277,240.9971,2524.2493	238.35243,182.51984,2476.2952	274.5976,184.05658,2466.6646	304.72012,236.90643,2419.9575	234.23431,231.61722,2440.5833	206.5915,280.92822,2410.9546	208.41138,379.9155,2462.4387	253.51495,283.42365,2398.788	190.76712,473.44565,2476.4014	261.4579,384.7337,2423.4854	206.5915,280.92822,2410.9546	266.20538,484.6074,2404.6719	333.30957,286.75024,2266.3994	128.14697,297.44162,2428.6584	
242.3331,134.80966,2502.9668	238.53046,182.72078,2473.7312	202.45312,181.05656,2482.14	175.35606,240.72546,2522.1262	238.53046,182.72078,2473.7312	274.85388,184.39636,2465.3225	304.96265,237.26164,2416.9746	234.44421,231.97388,2440.528	206.82994,281.2849,2412.6338	208.99496,380.4961,2460.5417	253.76411,283.8921,2402.016	190.83975,473.2223,2481.2412	262.07715,384.83734,2429.4448	206.82994,281.2849,2412.6338	266.1047,484.71658,2408.4004	333.5258,287.5952,2263.1936	128.50111,297.40994,2425.283	
242.658,134.66145,2508.548	238.63458,182.18906,2475.8726	202.56628,180.50975,2483.9805	175.47272,240.59225,2519.0635	238.63458,182.18906,2475.8726	274.93988,183.8794,2467.7646	305.45108,237.79613,2416.4888	234.4242,231.26814,2439.8042	206.6225,280.515,2408.855	208.20561,380.10608,2454.1768	253.65259,283.13074,2398.6167	191.3547,471.8873,2486.8267	261.07953,384.7442,2419.5093	206.6225,280.515,2408.855	266.68127,483.42865,2414.2122	333.72714,288.35657,2262.7092	128.65605,297.43433,2427.8735	
242.43546,135.30191,2511.8418	238.64307,182.3092,2476.995	202.5408,180.63815,2484.3003	175.50368,240.41104,2521.0334	238.64307,182.3092,2476.995	274.95892,183.99014,2469.69	305.33823,237.70575,2416.247	234.43846,231.2945,2439.1587	206.57925,280.54312,2405.935	208.68288,380.1007,2453.1213	253.714,283.10867,2396.7095	190.96716,470.70306,2494.1626	261.74008,384.92365,2415.3235	206.57925,280.54312,2405.935	266.65402,482.22333,2425.5505	333.7691,288.7533,2266.0283	128.74051,297.4619,2428.3958	
242.46378,135.71893,2504.9893	238.7684,183.15561,2473.4988	202.5281,181.37071,2479.2063	175.37065,240.5459,2517.5186	238.7684,183.15561,2473.4988	275.17633,184.94878,2467.7913	305.2796,237.66434,2416.6216	234.68683,232.3619,2438.8613	206.93704,281.67603,2407.8281	209.12155,380.79678,2458.9993	254.10896,284.29987,2400.6196	191.96379,473.12933,2484.5664	261.96326,385.8533,2420.7402	206.93704,281.67603,2407.8281	267.20358,482.96967,2431.019	333.7923,288.78806,2266.85	128.78635,297.44754,2431.0916	
242.11975,135.60068,2510.06	238.66524,182.7932,2476.29	202.4374,181.21837,2481.693	175.36566,240.73059,2518.764	238.66524,182.7932,2476.29	275.0515,184.37492,2470.887	305.25122,237.87842,2416.3105	234.84396,231.90224,2440.358	207.34204,281.3129,2407.8376	208.77455,380.47528,2458.5676	254.54187,283.64853,2401.014	192.10623,472.43375,2488.6267	261.71448,385.3278,2419.8386	207.34204,281.3129,2407.8376	267.83905,483.21356,2422.5906	333.80484,288.78857,2267.2708	129.71104,298.2956,2435.1465	
242.05081,135.43558,2504.0974	238.53912,182.97113,2473.6895	202.3233,181.42213,2479.9946	175.47923,240.48097,2519.3818	238.53912,182.97113,2473.6895	274.94,184.52806,2467.3843	305.24234,237.62752,2416.6548	234.79474,232.25267,2440.6416	207.4429,281.7163,2411.5752	208.30508,380.98138,2459.1353	254.53015,284.06183,2403.6123	191.7713,473.19196,2487.3103	261.91684,385.15924,2428.7703	207.4429,281.7163,2411.5752	266.19824,484.35992,2414.3887	333.81366,288.78308,2267.4834	130.49887,298.58786,2435.3936	
241.61517,135.37895,2501.1113	238.28897,182.966,2471.7842	202.08145,181.53064,2478.7913	175.73465,240.35466,2523.189	238.28897,182.966,2471.7842	274.70236,184.40955,2464.777	305.2452,237.62346,2418.324	234.67151,232.32521,2439.5022	207.47058,281.8931,2411.6448	208.05835,381.19208,2458.7156	254.52994,284.12753,2402.7957	191.60895,473.62872,2485.3657	261.3413,385.32532,2427.6062	207.47058,281.8931,2411.6448	266.27274,485.0744,2407.8906	333.7887,288.8909,2268.5022	130.90546,298.68097,2432.6902	
241.71455,135.58618,2501.1167	238.43674,183.21782,2471.011	202.01051,181.49496,2473.8608	175.72166,240.40833,2520.5889	238.43674,183.21782,2471.011	274.94708,184.94464,2468.1611	304.1952,236.78989,2421.6611	234.72505,232.55339,2437.6885	207.25919,282.06274,2406.166	207.89679,381.4395,2454.9187	254.59718,284.452,2402.566	190.87856,474.16174,2479.5137	261.9563,385.51212,2428.917	207.25919,282.06274,2406.166	265.69788,485.8391,2402.899	333.17517,287.04892,2269.9705	131.1178,298.6925,2436.4841	
241.9258,134.68127,2508.1274	238.61688,182.20932,2474.8887	202.1812,180.60716,2476.6853	176.02864,240.20581,2520.8018	238.61688,182.20932,2474.8887	275.1055,183.81381,2473.092	304.4755,237.2021,2419.3315	235.07303,231.35794,2439.082	207.73154,280.88208,2404.4097	208.85413,379.85013,2458.9963	255.13795,283.06113,2402.141	191.13972,472.66205,2480.4707	262.40732,384.40698,2425.032	207.73154,280.88208,2404.4097	266.07504,484.68906,2401.5972	333.47385,287.67984,2270.4333	130.74924,297.84558,2433.417	
241.712,134.63377,2511.6367	237.99362,181.86627,2476.218	201.9154,180.59137,2483.9207	175.94371,240.0964,2518.912	237.99362,181.86627,2476.218	274.297,183.14914,2468.5154	304.6173,237.2996,2420.1702	234.28284,230.88861,2438.39	206.93066,280.4226,2405.4287	207.2862,379.50427,2458.224	254.07507,282.49347,2395.6948	191.57503,471.92947,2486.2896	259.92752,383.75012,2424.5144	206.93066,280.4226,2405.4287	264.71176,484.75543,2391.7837	333.61478,288.35236,2270.04	131.03944,298.15045,2434.1921	
