318.03134,137.66116,2434.9385	313.58157,186.34871,2414.06	283.1996,180.18877,2331.6953	242.86508,233.30846,2285.0667	313.58157,186.34871,2414.06	341.95874,192.10219,2496.4248	359.34082,243.53836,2501.865	310.18207,235.43423,2391.4326	286.7883,283.7271,2315.5754	278.70538,386.58603,2316.762	325.77097,287.11185,2422.035	255.06793,482.42426,2321.0676	342.5228,384.88568,2414.0034	286.7883,283.7271,2315.5754	355.97876,477.41315,2430.7227	387.57913,276.22253,2294.0027	295.92108,269.74466,2212.257	
317.7985,138.69516,2433.0427	313.3432,187.3138,2412.0427	282.7701,181.20789,2330.718	243.85066,232.9975,2284.0444	313.3432,187.3138,2412.0427	341.92194,193.0214,2493.3674	359.65994,243.96336,2496.9185	309.88065,236.45284,2389.6006	286.29834,284.8029,2314.6025	278.54547,387.79053,2315.1418	325.53537,288.1696,2419.7144	254.3948,483.8122,2317.688	342.03036,385.7981,2416.6438	286.29834,284.8029,2314.6025	355.6424,479.261,2423.2478	388.23816,277.76736,2292.0466	296.34833,269.57114,2211.314	
317.67908,138.80946,2432.6357	313.18668,187.3871,2411.341	282.59924,181.15688,2330.1245	243.26163,233.12126,2286.8313	313.18668,187.3871,2411.341	341.7808,193.21133,2492.5576	359.34293,244.5286,2495.495	309.63583,236.51355,2388.0994	285.9339,284.8005,2312.3726	278.26263,387.4703,2319.176	325.22446,288.33234,2417.3428	254.19702,484.87265,2307.2822	342.54254,385.77954,2416.5864	285.9339,284.8005,2312.3726	355.98987,479.7904,2418.2756	388.4602,278.43457,2292.9453	295.88657,270.17108,2207.7551	
317.86115,138.10509,2432.8806	313.25583,187.0258,2411.5242	282.86505,180.55391,2329.2312	242.86624,233.47217,2284.8738	313.25583,187.0258,2411.5242	341.64087,193.07057,2493.8171	359.0976,245.27159,2492.747	309.39685,236.12288,2388.3132	285.49466,284.2507,2311.9175	277.38242,386.81476,2320.1953	324.5514,288.03156,2418.287	256.0608,484.128,2314.6482	341.66077,385.30817,2420.3108	285.49466,284.2507,2311.9175	356.20392,479.06238,2421.5422	388.7214,279.05646,2291.1616	296.04333,271.01355,2208.0854	
317.6086,137.2602,2433.003	313.2239,186.26091,2412.0334	282.92157,179.86789,2329.0662	242.7427,233.39136,2282.3826	313.2239,186.26091,2412.0334	341.51093,192.22876,2495.0007	358.9607,244.71352,2491.8806	309.51755,235.36357,2389.228	285.84564,283.55072,2312.805	278.33173,386.25397,2319.242	324.75232,287.19208,2420.0403	257.69916,483.2597,2318.592	343.0767,384.45883,2417.2751	285.84564,283.55072,2312.805	355.8716,477.50778,2428.5664	388.9085,279.10168,2293.026	296.3531,271.19504,2208.0544	
317.65256,136.86432,2432.0554	313.14197,185.86504,2411.6433	282.7515,179.5568,2329.1108	242.32407,233.31612,2284.599	313.14197,185.86504,2411.6433	341.5212,191.7558,2494.1758	358.8155,244.8998,2489.4036	309.4779,234.99155,2389.408	285.80487,283.22345,2313.8357	279.23135,386.17712,2316.7764	324.8063,286.77835,2420.5095	255.74359,481.76956,2323.4705	342.29938,384.41833,2413.653	285.80487,283.22345,2313.8357	355.6377,477.20294,2428.2205	388.9529,279.41553,2291.1487	295.66882,271.5099,2209.651	
317.43106,137.06787,2432.6125	313.1321,185.95518,2411.4407	282.6926,179.76682,2329.1025	240.84251,232.98279,2282.1233	313.1321,185.95518,2411.4407	341.56158,191.7349,2493.7788	358.85126,244.41568,2488.207	309.72668,235.09055,2388.7122	286.28693,283.42514,2312.772	279.0233,386.38446,2315.7012	325.34625,286.838,2419.1953	256.6125,482.4214,2321.5305	343.4104,384.55374,2410.2715	286.28693,283.42514,2312.772	356.1479,477.82367,2422.4482	388.9088,279.33664,2291.2898	294.82135,271.11432,2212.8496	
317.43628,136.77222,2431.88	312.87842,185.7093,2410.952	282.47745,179.48079,2328.274	239.22981,232.41362,2286.0889	312.87842,185.7093,2410.952	341.26343,191.52478,2493.63	358.86252,244.40887,2488.1396	309.4416,234.85141,2388.2358	285.99396,283.17706,2312.0884	279.22992,386.07083,2317.0107	325.00253,286.61987,2418.9512	254.84518,482.11902,2318.0078	343.19507,384.17297,2412.6821	285.99396,283.17706,2312.0884	354.67627,477.58835,2424.1758	388.91138,279.39658,2292.5312	293.15707,269.9516,2213.5469	
317.74777,136.62918,2439.5244	313.40652,185.1746,2414.738	283.4324,178.64307,2330.0222	240.57346,233.22296,2282.8027	313.40652,185.1746,2414.738	341.34875,191.2634,2499.4539	358.98315,244.28453,2488.5845	310.02237,234.1636,2389.6904	286.86096,282.27908,2309.8848	280.13562,385.19537,2316.0474	325.38007,286.0153,2419.401	255.862,481.7272,2313.5276	343.31857,383.56314,2413.7502	286.86096,282.27908,2309.8848	355.62888,476.99933,2423.7314	388.93597,279.475,2290.8765	294.64883,270.91962,2210.7742	
318.00665,137.1726,2443.355	314.33264,185.54932,2417.1365	284.5883,179.21722,2331.186	238.7627,232.59564,2294.0476	314.33264,185.54932,2417.1365	342.03427,191.44653,2503.087	359.13876,243.87369,2489.8079	311.51447,234.49548,2391.1597	289.0957,282.76666,2309.6375	282.28992,385.6906,2315.7856	327.27637,286.18668,2420.7283	256.80127,481.7035,2315.2732	344.65466,383.7823,2415.0793	289.0957,282.76666,2309.6375	357.53418,477.06805,2425.2937	388.8313,279.4896,2292.2178	292.10233,269.22427,2212.3872	
318.27206,137.77736,2445.7822	314.79584,186.08409,2418.0332	285.0318,179.75963,2332.3794	241.74936,231.76889,2291.0557	314.79584,186.08409,2418.0332	342.52335,191.97583,2503.687	359.1233,244.02104,2488.921	312.11102,234.99309,2391.0393	289.80328,283.2621,2308.6943	279.71735,386.08124,2312.2104	328.0314,286.6956,2419.3965	256.19183,482.05374,2317.724	343.58484,384.8145,2410.6414	289.80328,283.2621,2308.6943	356.3126,477.6089,2427.096	388.7729,279.35492,2292.117	293.54034,268.0006,2208.3794	
318.24173,137.43893,2445.9717	315.09375,185.71564,2419.0483	285.4635,179.73143,2332.4062	239.41147,231.49313,2297.6382	315.09375,185.71564,2419.0483	342.6749,191.286,2505.6904	359.11426,244.55406,2488.4663	312.912,234.65509,2393.0444	291.2486,283.16415,2311.0444	280.5777,385.7572,2315.8477	329.2178,286.1059,2423.0366	256.53247,481.45776,2321.3997	345.00543,384.08582,2413.5586	291.2486,283.16415,2311.0444	355.6961,476.5276,2434.3926	388.81122,279.15384,2290.3357	291.75235,266.76804,2208.5002	
318.43045,137.86876,2439.5535	315.00247,186.22668,2416.3877	285.0785,180.55656,2331.1238	237.9307,231.73064,2297.7395	315.00247,186.22668,2416.3877	342.88663,191.51028,2501.6516	359.13315,244.70625,2487.2273	312.79065,235.2994,2392.835	290.9473,284.01666,2314.1768	279.62363,386.55884,2316.7495	329.23206,286.61835,2424.3877	254.38214,481.56763,2325.2368	342.83127,384.91995,2413.6892	290.9473,284.01666,2314.1768	355.5751,477.91876,2426.7957	388.8559,279.24628,2288.758	291.2009,266.6955,2211.2136	
318.10068,138.48184,2443.3684	314.8363,186.73752,2416.8208	285.0396,180.777,2330.9917	239.83926,232.63147,2291.8374	314.8363,186.73752,2416.8208	342.58923,192.28923,2502.65	358.81512,244.90509,2485.132	312.54272,235.73251,2390.9697	290.65372,284.28992,2309.652	278.88562,386.96,2312.7146	328.8485,287.23798,2420.5852	254.26646,482.9068,2316.008	342.63998,385.737,2409.0154	290.65372,284.28992,2309.652	355.00385,478.73254,2424.489	389.06393,279.43045,2287.099	293.32254,268.9644,2210.622	
317.94818,138.01724,2437.258	314.33768,186.49635,2413.882	284.26547,180.59918,2329.389	240.78842,232.74263,2286.3535	314.33768,186.49635,2413.882	342.3758,191.99466,2498.3752	358.86823,245.11424,2485.5632	311.73816,235.59384,2389.9514	289.3762,284.18695,2311.4155	277.60837,386.47363,2318.8992	327.90665,287.1145,2420.626	253.60332,482.61023,2319.5503	342.8942,385.40735,2409.5781	289.3762,284.18695,2311.4155	354.0269,477.4769,2434.3987	389.16254,279.3602,2288.2253	294.3338,270.3354,2210.8064	
317.67242,138.40817,2434.213	313.7901,186.96959,2410.664	283.4617,180.91846,2327.603	239.022,233.04541,2291.0962	313.7901,186.96959,2410.664	342.09818,192.61761,2493.725	359.0248,244.76015,2484.7817	310.82928,236.11627,2386.5894	287.90912,284.6307,2308.8342	277.25183,387.19672,2315.6836	326.82288,287.82587,2416.195	253.41296,483.82886,2313.5886	342.71255,386.17383,2405.0571	287.90912,284.6307,2308.8342	353.84796,478.67014,2427.7888	389.16217,279.60333,2288.4707	292.8874,269.33954,2211.64	
318.1537,137.96637,2434.1895	313.8947,186.60362,2411.189	283.34607,180.38683,2329.8567	237.51762,232.74617,2296.0356	313.8947,186.60362,2411.189	342.4497,192.4147,2492.5212	359.42642,245.159,2485.893	310.58234,235.71011,2386.956	287.1381,284.0294,2310.159	278.5123,386.4128,2321.278	326.39264,287.5403,2415.2874	252.98996,482.95938,2313.57	344.09964,385.47098,2406.4424	287.1381,284.0294,2310.159	353.06735,477.7785,2432.3665	389.10034,279.6663,2287.7087	291.19196,268.22827,2211.5764	
318.1547,138.31647,2432.6729	313.71326,186.99359,2409.5627	282.977,180.70465,2329.4224	240.04538,234.08029,2284.8164	313.71326,186.99359,2409.5627	342.4708,192.87764,2489.7031	359.52835,244.78172,2485.4397	310.18152,236.12383,2385.317	286.38092,284.3898,2309.281	277.0577,387.1631,2314.5154	325.90656,288.056,2412.861	255.43188,483.36615,2320.14	342.96695,386.01624,2407.3818	286.38092,284.3898,2309.281	354.98053,478.52173,2427.8193	389.15143,279.60052,2288.073	294.67178,270.21,2209.026	
318.0813,138.49767,2423.898	313.58167,187.53683,2405.3975	282.66348,181.44203,2325.927	241.28864,234.70169,2280.8567	313.58167,187.53683,2405.3975	342.5222,193.2418,2484.868	359.32318,245.05067,2486.7156	309.82257,236.82384,2384.2688	285.72495,285.2388,2311.783	277.91977,387.80536,2320.2007	325.40524,288.67096,2414.4973	254.26746,483.96545,2320.155	342.73138,386.5385,2408.802	285.72495,285.2388,2311.783	354.33145,477.70978,2440.7344	389.14523,279.42993,2288.9397	296.04474,271.5123,2208.8362	
318.05276,139.65155,2420.5022	313.47284,188.65097,2403.934	282.5028,182.75177,2324.4983	239.22195,233.50728,2288.7563	313.47284,188.65097,2403.934	342.46164,194.17276,2483.3699	359.78143,245.06715,2488.3398	309.68884,238.02287,2384.6533	285.56927,286.57852,2314.0378	278.19608,389.28424,2319.56	325.25574,289.75195,2416.7073	254.12088,486.1646,2312.65	343.31497,387.31644,2412.3687	285.56927,286.57852,2314.0378	354.96313,479.67212,2432.7092	388.9786,279.43658,2289.7837	293.39975,269.87115,2211.2617	
317.83533,138.81435,2425.839	313.43564,187.7509,2406.711	282.62576,181.71558,2326.4937	241.41609,233.60345,2286.386	313.43564,187.7509,2406.711	342.2579,193.39688,2486.9282	361.64404,247.68039,2478.079	309.85593,237.01808,2385.2412	286.01248,285.4848,2311.93	277.75198,388.35425,2315.5276	325.54294,288.8029,2415.613	256.47113,485.73248,2311.5393	343.68512,386.32434,2412.5251	286.01248,285.4848,2311.93	355.76166,478.87595,2430.9731	390.13483,283.21158,2272.0505	294.5053,269.2753,2210.4915	
318.09903,139.32892,2430.009	313.7186,187.96877,2408.08	282.86194,181.84073,2328.496	241.59198,233.16606,2286.3245	313.7186,187.96877,2408.08	342.60095,193.7047,2487.664	360.19916,247.67154,2479.5498	310.21988,237.16531,2384.747	286.3934,285.55444,2309.982	277.45444,388.58417,2311.7012	326.04697,289.0379,2412.8462	257.97766,485.3189,2318.1975	344.1191,386.56964,2411.7144	286.3934,285.55444,2309.982	355.39514,479.77347,2425.5146	390.2854,281.759,2278.9612	294.63705,270.04044,2208.3628	
318.0441,140.01093,2422.5696	313.49536,188.7078,2405.2798	282.48788,182.86472,2326.1995	241.47882,233.0397,2285.257	313.49536,188.7078,2405.2798	342.52884,194.1789,2484.36	359.88068,246.26035,2484.2747	309.81488,238.04813,2385.7402	285.7743,286.60544,2315.093	276.8195,389.12634,2320.876	325.51465,289.73367,2417.3083	255.69287,485.50537,2324.1753	342.84634,387.1693,2416.878	285.7743,286.60544,2315.093	355.47565,479.97107,2430.9507	389.1318,278.9951,2282.8296	294.568,270.7566,2208.3264	
317.4374,139.43604,2426.8662	313.25467,188.02832,2406.2717	282.19556,182.08614,2327.676	241.67378,233.01245,2282.6228	313.25467,188.02832,2406.2717	342.34903,193.59462,2484.8674	361.02203,248.74156,2472.0872	309.8507,237.2886,2383.8457	286.0108,285.80228,2310.627	276.49127,388.87103,2310.434	325.8955,289.09592,2412.2124	257.64926,485.50336,2319.5183	343.43338,386.9403,2407.9412	286.0108,285.80228,2310.627	356.49918,480.38995,2418.806	390.36606,283.7785,2266.9407	294.87112,271.4093,2208.1897	
317.49747,139.77612,2431.0222	313.1845,188.11426,2407.4785	282.07764,181.9525,2329.575	239.85684,232.64946,2288.0195	313.1845,188.11426,2407.4785	342.3413,193.88976,2485.382	359.88705,248.43414,2476.5562	309.71808,237.28229,2382.727	285.73117,285.63043,2307.6282	276.59235,388.6361,2310.9644	325.77164,289.25717,2408.323	257.0042,484.7049,2323.5977	342.71835,387.15402,2407.5254	285.73117,285.63043,2307.6282	356.38495,480.06906,2422.6443	388.8368,282.24182,2274.061	293.1508,270.08768,2209.3838	
316.85892,138.6197,2438.5957	312.8848,186.78175,2411.0461	282.0196,180.30217,2331.9607	240.49728,233.29909,2292.1562	312.8848,186.78175,2411.0461	341.78946,192.84976,2490.1316	360.57095,249.54738,2469.3748	309.5675,235.7586,2382.887	285.82837,283.86694,2303.615	277.77032,386.6593,2313.8176	325.64908,287.86005,2405.8406	255.9678,483.73343,2311.938	342.65714,385.7198,2407.1763	285.82837,283.86694,2303.615	356.1197,478.29907,2425.8398	389.4699,285.55142,2264.6265	293.32968,270.18317,2206.123	
315.86615,137.74153,2443.8997	312.6306,185.89236,2414.2078	281.9701,179.6987,2333.585	240.87437,233.27322,2296.4102	312.6306,185.89236,2414.2078	341.3095,191.6857,2494.8306	358.44583,247.68013,2471.2036	310.1101,234.79922,2384.9634	287.33755,283.10526,2303.6118	279.1519,385.55505,2318.5686	326.8426,286.65692,2407.8262	259.09088,482.56665,2319.0989	343.11417,384.472,2410.5483	287.33755,283.10526,2303.6118	356.67017,476.45837,2433.2998	387.63116,283.98987,2274.3403	292.91837,270.26514,2204.8726	
315.5136,137.43605,2429.5063	312.28195,186.27132,2409.4485	281.1934,180.94456,2330.664	243.71358,233.38412,2296.1584	312.28195,186.27132,2409.4485	341.4018,191.26076,2488.233	358.4948,248.28958,2464.3047	310.0078,235.48363,2386.7236	287.3384,284.36035,2313.0679	279.27988,386.4463,2327.434	327.18307,286.86972,2414.9297	256.4082,482.12872,2330.6633	341.02286,384.4043,2422.7534	287.3384,284.36035,2313.0679	354.7815,476.64084,2438.6733	386.0569,288.48627,2270.0742	294.5078,269.7837,2199.9087	
314.543,136.2753,2438.323	311.97922,185.09192,2413.6143	280.80246,179.82867,2335.6753	242.97954,233.35594,2305.1887	311.97922,185.09192,2413.6143	341.2055,190.0259,2491.5532	358.094,249.16933,2460.9736	310.32623,234.12413,2387.3018	288.20084,282.9727,2310.6301	279.89648,385.87265,2314.2537	328.2184,285.47244,2411.3484	257.3017,482.2665,2317.2336	341.03442,383.86206,2409.9546	288.20084,282.9727,2310.6301	354.8689,475.24695,2437.5454	382.6655,293.5316,2273.3457	293.12018,269.27124,2199.4875	
314.06708,135.13895,2451.2407	311.79837,183.18748,2419.8586	280.61548,177.44588,2342.929	242.63568,234.36798,2311.7483	311.79837,183.18748,2419.8586	341.0597,188.57529,2496.7883	357.67795,249.15312,2458.8875	310.1635,231.86789,2388.1743	287.94543,280.21524,2306.7742	278.45233,383.0506,2312.651	328.17517,283.43164,2406.2058	258.4675,479.67896,2319.1758	338.38022,382.15735,2407.6328	287.94543,280.21524,2306.7742	353.38144,473.2671,2437.149	379.94052,297.41092,2282.8643	292.12555,268.9852,2195.2283	
313.04266,134.50754,2441.1748	310.77505,183.41197,2415.5103	278.89005,178.43723,2343.0247	248.44867,235.06831,2307.3389	310.77505,183.41197,2415.5103	340.80215,188.09686,2487.9958	356.97006,247.2876,2457.7607	309.32498,232.3582,2388.1748	286.90295,281.18637,2313.9631	278.35828,383.5343,2323.5723	327.9644,283.64066,2407.7156	259.2948,479.81024,2330.915	334.9506,381.68195,2422.2063	286.90295,281.18637,2313.9631	354.74576,473.1496,2433.4155	375.79913,299.7345,2299.639	293.65082,271.64597,2179.5896	
312.04965,134.82196,2436.1423	309.98773,183.90935,2413.887	277.68823,179.49149,2344.1167	252.42499,236.06253,2303.4868	309.98773,183.90935,2413.887	340.47256,188.07901,2483.6572	356.48505,246.96051,2455.9927	308.88184,232.98163,2388.5935	286.60422,282.1468,2318.2158	279.63702,385.10223,2316.954	328.10846,284.02597,2408.3843	261.90808,480.9892,2332.2126	334.3922,382.2276,2421.676	286.60422,282.1468,2318.2158	355.25488,473.40378,2434.6292	370.67358,302.97607,2314.83	293.7651,276.39117,2165.6792	
310.8106,135.34537,2435.6294	309.25348,184.39664,2414.2546	276.6514,180.33871,2346.7957	255.87485,238.40689,2304.7366	309.25348,184.39664,2414.2546	340.08313,188.23396,2481.7136	356.0463,247.71591,2451.7654	308.43658,233.49113,2389.331	286.27008,282.83286,2320.8193	279.98544,386.17444,2312.2532	328.16257,284.3799,2407.9956	263.263,482.35803,2328.3103	335.19925,381.94754,2430.0273	286.27008,282.83286,2320.8193	352.36435,475.1037,2426.8667	364.66528,306.5806,2326.9788	294.0781,280.4902,2156.1838	
309.46652,135.43112,2435.8728	308.0702,184.49442,2414.9941	275.01132,180.80731,2351.7014	259.40475,240.5759,2302.8564	308.0702,184.49442,2414.9941	339.44046,187.99318,2478.2869	355.04068,248.59126,2445.7722	307.4851,233.57478,2389.8523	285.24036,283.03342,2323.7969	279.49048,386.74384,2306.969	327.79846,284.34155,2405.624	263.58157,482.01163,2333.3352	331.98447,381.9056,2431.1133	285.24036,283.03342,2323.7969	354.30054,474.02277,2426.4878	359.82446,309.51086,2336.5642	291.59805,285.84064,2147.2285	
307.86368,137.04002,2433.9724	307.0054,185.96115,2413.8906	273.49884,182.94952,2354.744	261.7503,242.0396,2299.894	307.0054,185.96115,2413.8906	338.9092,188.82875,2473.0374	352.6717,249.54988,2438.7444	306.94733,235.10739,2389.5977	284.97046,284.92474,2327.073	281.1638,388.99036,2302.2532	328.1085,285.59076,2403.5364	264.10986,483.24786,2336.3098	331.75974,383.4571,2426.621	284.97046,284.92474,2327.073	353.52637,474.0938,2439.838	356.37415,312.0721,2346.756	288.39166,291.5095,2143.6675	
306.50662,137.2725,2441.0525	305.6847,185.92957,2416.5603	271.8492,183.02354,2361.465	261.42038,244.26701,2298.9421	305.6847,185.92957,2416.5603	338.0117,188.70605,2471.6555	350.89273,250.98737,2434.443	305.7606,234.90558,2388.8682	283.63766,284.64066,2325.5718	279.8527,389.1659,2292.8208	327.37933,285.4085,2396.7803	263.69293,482.6729,2336.5806	329.1413,383.2974,2423.9822	283.63766,284.64066,2325.5718	351.61594,473.57452,2440.9304	355.2042,314.61795,2363.5173	283.78192,297.78238,2147.9631	
304.51498,137.66489,2452.0962	304.18704,185.82307,2421.2612	270.26724,183.03993,2367.4436	260.54852,246.00873,2299.972	304.18704,185.82307,2421.2612	336.63174,188.48518,2475.0789	350.299,250.32872,2435.76	304.72943,234.5114,2388.9106	282.96033,284.18134,2321.7942	279.1326,388.8894,2289.2188	326.9639,284.8813,2391.326	265.01575,483.1826,2330.7935	326.71594,382.4511,2425.7004	282.96033,284.18134,2321.7942	352.30038,471.84943,2442.659	356.07285,314.30655,2385.039	278.30872,303.5474,2157.6238	
303.2511,138.09161,2449.616	303.0328,186.32588,2420.8147	268.89114,183.80295,2369.5137	259.14832,245.37337,2301.6538	303.0328,186.32588,2420.8147	335.75748,188.7441,2472.1157	349.6586,248.62128,2440.419	303.64856,235.05847,2388.9565	281.80322,284.8552,2323.947	278.44293,389.50946,2291.1726	326.13513,285.35452,2390.2498	264.59534,483.20782,2336.9128	324.4822,382.107,2434.8328	281.80322,284.8552,2323.947	351.7873,471.2916,2446.0378	355.76425,312.68744,2397.8518	270.91074,306.20422,2169.1846	
301.56006,138.09573,2448.366	301.4343,186.44359,2419.9585	267.1803,184.0573,2369.458	257.4435,246.9394,2302.326	301.4343,186.44359,2419.9585	334.28787,188.73232,2470.459	348.90918,248.31833,2441.5215	302.08823,235.22983,2388.8872	280.2237,285.11798,2325.1855	276.35907,389.77124,2291.085	324.67984,285.48077,2390.4463	265.0017,483.97034,2335.5059	323.9632,382.3957,2433.435	280.2237,285.11798,2325.1855	350.78885,471.22305,2450.1558	355.57083,312.4175,2398.1533	263.52878,309.94916,2178.4573	
299.7344,137.93655,2455.766	299.8255,186.12924,2423.4827	265.62396,183.59953,2372.4485	254.53036,245.57759,2306.8098	299.8255,186.12924,2423.4827	332.61633,188.55461,2474.5168	347.8007,248.2455,2445.854	300.51678,234.73038,2389.7686	278.67706,284.4526,2323.0764	274.0282,389.03348,2291.8213	323.15604,284.9848,2389.0325	267.3458,484.0772,2332.5867	322.22595,382.04395,2431.2744	278.67706,284.4526,2323.0764	350.78662,470.9509,2443.1362	353.42993,312.11224,2389.503	257.02078,310.26776,2197.4385	
298.25006,137.87897,2451.4492	298.31418,186.19382,2421.1252	263.89636,183.97148,2372.3672	252.17618,244.71597,2309.3127	298.31418,186.19382,2421.1252	331.3731,188.3284,2469.8833	346.12372,249.3271,2448.0886	299.14172,234.88387,2388.3918	277.30838,284.79968,2324.145	272.5726,388.9058,2301.2266	322.0773,285.05112,2387.1719	267.5961,484.53268,2335.7349	322.56607,382.61407,2424.0525	277.30838,284.79968,2324.145	351.29803,471.60663,2437.5178	351.19754,312.5998,2373.8247	251.13496,310.63266,2214.3352	
296.4294,137.56018,2449.288	296.6169,185.82684,2419.6367	262.22278,183.59698,2369.517	247.84361,244.02971,2312.851	296.6169,185.82684,2419.6367	329.6151,187.96619,2469.7563	344.2343,249.81378,2446.5977	297.45605,234.5919,2388.125	275.6819,284.56934,2324.2249	270.94717,388.24173,2309.1592	320.33963,284.75043,2389.0017	265.78574,484.90805,2332.7346	323.0148,382.8844,2416.7346	275.6819,284.56934,2324.2249	350.73944,471.911,2435.4412	350.31873,312.83987,2364.9153	246.68466,310.68893,2229.7036	
294.58835,136.92638,2440.7063	295.1457,185.62799,2415.9932	260.66595,183.85905,2365.7122	245.19888,243.59225,2314.3362	295.1457,185.62799,2415.9932	328.2195,187.3248,2466.2742	342.2575,248.46877,2446.6736	296.34534,234.59808,2388.5986	274.96936,284.92563,2328.709	270.59207,387.781,2324.1099	319.56256,284.48932,2393.6992	267.13327,485.10748,2337.4246	324.79514,383.21515,2408.3816	274.96936,284.92563,2328.709	350.22418,471.55206,2441.1677	349.31647,311.0619,2358.2063	241.72441,310.85883,2247.471	
293.73746,135.5615,2443.9353	293.69464,184.00647,2416.381	259.16824,181.73727,2366.6528	243.66422,244.17024,2315.3555	293.69464,184.00647,2416.381	326.8286,186.18416,2466.1094	341.1959,247.07439,2447.0093	294.28888,232.89868,2387.1533	272.20892,282.87866,2325.7874	267.60538,385.42258,2328.1257	316.97662,283.124,2390.0637	265.37747,483.96692,2329.1335	323.7919,382.69568,2392.6287	272.20892,282.87866,2325.7874	344.32706,471.6831,2434.515	348.56778,309.288,2352.9197	238.0592,311.72104,2261.641	
293.11075,134.59006,2445.5378	292.6474,182.9281,2416.7434	258.17435,180.2587,2366.0798	242.04439,242.35797,2319.2292	292.6474,182.9281,2416.7434	325.70477,185.48788,2467.407	339.79114,245.50645,2447.4429	292.8166,231.78148,2386.7856	270.314,281.51453,2324.0862	266.91666,382.85385,2344.5015	315.0448,282.2292,2389.5696	267.02448,482.0731,2331.6602	323.7475,381.50583,2395.4463	270.314,281.51453,2324.0862	341.30292,471.409,2434.6206	347.37897,307.439,2350.0376	235.90956,309.9493,2272.3599	
292.33643,134.51486,2446.3582	292.0213,182.64018,2416.9858	257.57706,179.95016,2365.663	239.37503,241.06892,2321.9985	292.0213,182.64018,2416.9858	325.03317,185.21832,2468.3086	338.70642,244.941,2445.8079	292.28015,231.45766,2386.274	269.87988,281.18988,2322.396	268.00604,382.17407,2349.6306	314.58218,281.8964,2388.728	268.62775,481.47333,2334.3044	324.25317,381.32352,2391.818	269.87988,281.18988,2322.396	338.73145,471.9082,2431.1606	343.94968,306.68884,2342.9263	232.63972,308.626,2278.3079	
291.21753,133.8117,2446.228	291.18826,181.99654,2417.46	256.51755,179.87651,2369.7026	237.59836,240.3795,2323.8528	291.18826,181.99654,2417.46	324.5157,184.03444,2465.2173	337.7962,245.12195,2442.0781	291.92007,230.8084,2387.2764	269.85645,280.78644,2326.2173	268.37848,380.55853,2366.565	314.89487,280.9521,2387.9683	268.79077,480.25732,2338.4248	322.4199,380.6726,2389.793	269.85645,280.78644,2326.2173	337.73495,471.7909,2424.7883	341.3872,306.93945,2337.1484	230.78119,307.89935,2278.6987	
290.32806,133.83026,2447.1646	291.0887,181.91402,2418.7566	256.33542,180.42317,2372.6023	236.74426,240.4375,2324.552	291.0887,181.91402,2418.7566	324.5405,183.34903,2464.911	337.8227,244.14876,2440.1682	292.55902,230.68823,2388.9531	271.22815,280.97833,2329.3228	269.82028,380.51907,2371.3909	316.33456,280.41833,2388.9766	270.51343,480.51672,2337.5571	321.64832,380.18152,2391.7356	271.22815,280.97833,2329.3228	336.67023,472.8645,2412.631	341.56555,306.0551,2335.9988	229.93733,307.96423,2279.325	
290.09537,133.22379,2447.645	290.9018,181.49857,2420.2178	255.92459,180.44243,2379.594	236.05424,240.87816,2327.259	290.9018,181.49857,2420.2178	324.7242,182.51984,2460.8416	338.49915,243.46243,2438.594	292.50272,230.23688,2390.4268	271.1247,280.61993,2334.3667	267.61575,379.01727,2386.0513	316.65674,279.79987,2386.9048	268.8881,479.52667,2335.9448	319.80026,379.8415,2387.9902	271.1247,280.61993,2334.3667	334.6502,472.89362,2407.6167	342.19257,305.48932,2335.6472	229.36359,308.24997,2275.5823	
289.80856,133.34659,2447.8894	290.58572,181.61366,2421.4739	255.41826,180.99788,2386.8755	236.65442,241.40726,2326.7183	290.58572,181.61366,2421.4739	324.7624,182.21208,2456.0723	338.7459,242.09564,2433.4907	292.2713,230.32556,2391.6685	270.83475,280.80402,2339.4941	266.13748,379.23526,2388.0054	316.7295,279.7399,2384.232	269.40756,479.623,2338.0193	319.66348,379.94354,2384.9893	270.83475,280.80402,2339.4941	334.57703,472.823,2407.3657	343.4463,304.4592,2335.1763	229.38586,308.70926,2271.4817	
290.42868,133.78513,2447.1292	290.14056,182.31372,2421.7378	254.83145,181.11627,2393.485	237.45596,242.00055,2329.447	290.14056,182.31372,2421.7378	324.63528,183.48354,2449.9905	340.32758,241.85637,2427.9158	290.44388,231.03671,2391.6196	267.44034,280.98102,2343.2341	264.04697,378.84344,2397.1733	313.7116,281.02365,2379.7688	265.42487,479.85413,2331.9207	316.41586,381.3468,2381.9546	267.44034,280.98102,2343.2341	331.95367,474.13843,2405.3198	344.99142,304.68463,2334.4788	229.26735,308.98358,2267.2185	
290.2853,134.56476,2447.6746	289.5525,182.98196,2420.857	254.1417,181.6536,2397.4712	238.31091,241.75948,2331.799	289.5525,182.98196,2420.857	324.28568,184.28491,2444.2427	341.6949,243.25166,2420.8616	289.25714,231.71877,2390.1372	265.5548,281.4834,2344.3093	265.16525,380.09418,2389.5276	312.05557,281.9629,2374.5256	267.26105,480.9666,2332.4011	318.3005,382.15045,2379.0056	265.5548,281.4834,2344.3093	332.58377,474.7895,2406.3357	345.29803,306.66486,2332.3071	229.87602,308.59875,2267.349	
290.57922,133.2397,2455.9158	289.80896,181.35893,2424.5073	254.41809,179.91283,2402.6055	238.70123,242.2899,2331.805	289.80896,181.35893,2424.5073	324.56616,182.77914,2446.4092	342.81268,243.65062,2414.5999	289.32233,229.86386,2390.54	265.37262,279.40338,2342.4282	267.96478,378.54227,2382.5327	311.99084,280.1264,2370.7173	267.9543,479.21008,2332.909	319.8229,379.75452,2384.686	265.37262,279.40338,2342.4282	333.90143,473.18326,2403.309	346.09167,307.54718,2331.3018	230.74072,309.08612,2263.9714	
290.7648,134.30276,2460.043	290.61395,181.99088,2426.2153	255.24971,180.94676,2402.9731	238.1674,240.5885,2338.4292	290.61395,181.99088,2426.2153	325.3071,183.01517,2449.4575	343.61636,241.82571,2413.3152	290.87213,230.36804,2390.1394	267.6692,280.16562,2339.0474	270.6756,379.5365,2378.3828	314.3097,280.28952,2369.0796	270.72418,480.11444,2333.237	322.73608,379.70935,2386.8418	267.6692,280.16562,2339.0474	335.2552,472.97333,2408.1816	347.9069,305.78476,2332.703	231.47226,307.0251,2265.4355	
291.04565,134.93393,2462.1074	290.93225,182.31592,2426.8474	255.56323,181.3912,2404.26	235.71991,240.44269,2347.4258	290.93225,182.31592,2426.8474	325.64896,183.2236,2449.4348	345.5372,241.2954,2412.806	291.321,230.64378,2389.788	268.22852,280.49255,2338.1348	268.86276,379.93317,2377.276	314.92587,280.49567,2367.3228	269.34253,480.2921,2335.9355	321.46625,380.17853,2384.4014	268.22852,280.49255,2338.1348	333.42563,472.52905,2415.169	352.59595,304.93018,2330.7283	230.39418,306.11063,2263.4849	
291.43906,133.62627,2463.6313	291.48358,181.25357,2427.9836	256.1452,180.3467,2404.2354	232.87729,239.53514,2354.118	291.48358,181.25357,2427.9836	326.1374,182.14287,2451.732	348.73642,239.7011,2415.4858	292.04028,229.5273,2390.6025	269.1383,279.3759,2337.8752	270.1703,379.1441,2373.5845	315.7868,279.29407,2368.5676	267.76447,478.5003,2345.2766	321.9511,378.8322,2387.7153	269.1383,279.3759,2337.8752	333.35767,471.2726,2417.4937	357.8296,302.74686,2328.8347	229.90666,304.5835,2263.2654	
291.6686,133.76035,2455.8772	291.95447,181.76593,2425.289	256.5851,181.0101,2400.9602	229.1268,236.27446,2360.2861	291.95447,181.76593,2425.289	326.62128,182.50673,2449.618	353.74072,236.23698,2425.081	292.69626,230.23363,2390.8755	270.02527,280.27658,2340.74	270.57922,379.5808,2380.6433	316.58356,279.9595,2372.1838	268.24954,479.39313,2343.6604	321.0716,379.51007,2390.1204	270.02527,280.27658,2340.74	334.1683,471.81238,2418.26	363.62982,298.1166,2327.7302	228.89444,300.76483,2267.0303	
291.80826,133.74057,2460.017	292.6396,181.35687,2427.0308	257.30072,180.82343,2402.744	223.98276,232.9816,2360.9587	292.6396,181.35687,2427.0308	327.27817,181.87976,2451.3176	360.61542,231.87227,2439.0466	293.7563,229.69083,2390.8174	271.46164,279.81604,2338.9087	270.56952,379.25482,2378.04	318.04254,279.21103,2370.2993	269.83386,479.5378,2336.8208	321.56488,378.9206,2387.8176	271.46164,279.81604,2338.9087	334.8953,471.51447,2414.0479	370.37222,291.52448,2326.0732	226.78073,297.1628,2269.2583	
291.89087,133.99304,2462.0884	293.21158,181.46558,2427.733	257.90027,181.06242,2402.6672	218.76181,228.1887,2361.7983	293.21158,181.46558,2427.733	327.80118,181.86046,2452.7986	366.80878,225.60011,2448.0452	294.61957,229.7372,2390.6326	272.63367,279.94254,2337.3333	271.38934,379.65884,2373.8643	319.18976,279.1245,2369.7312	268.11194,478.9677,2345.744	320.94382,378.73157,2389.6348	272.63367,279.94254,2337.3333	334.64224,471.65594,2411.8308	373.77658,284.37622,2331.3667	224.57816,291.96594,2273.2717	
292.1862,134.41629,2463.6243	293.64398,181.57556,2427.335	258.3368,181.26549,2401.919	211.52524,221.42867,2362.914	293.64398,181.57556,2427.335	328.21942,181.87921,2452.751	372.9926,218.63406,2455.5488	295.25446,229.79997,2389.2007	273.46533,280.07217,2334.641	273.56598,379.5119,2376.022	320.04367,279.11206,2367.4917	264.60373,478.7421,2342.608	320.0023,378.75232,2388.4268	273.46533,280.07217,2334.641	334.75446,471.211,2413.791	374.14423,276.28738,2344.788	220.3595,283.82574,2275.9648	
292.06622,133.81688,2463.871	293.67725,181.03902,2427.1382	258.34766,180.91324,2403.3032	206.74518,213.49638,2359.4658	293.67725,181.03902,2427.1382	328.31967,181.16235,2450.9731	378.27527,211.54924,2460.2622	295.40164,229.24788,2388.8486	273.70554,279.5901,2335.1545	272.39246,379.30615,2372.742	320.3532,278.47192,2365.9636	264.045,477.43622,2354.5808	319.25604,377.97864,2389.7732	273.70554,279.5901,2335.1545	334.78427,470.18903,2415.888	371.98035,268.67596,2361.0662	217.59357,275.81906,2289.9087	
291.71143,133.56827,2464.5005	293.49936,180.45943,2426.8386	258.1548,180.42499,2403.706	203.14963,208.03441,2360.3774	293.49936,180.45943,2426.8386	328.17645,180.4932,2449.9712	383.29016,206.41103,2470.2395	295.30573,228.6262,2387.8489	273.67114,278.99643,2333.9097	272.21994,379.0818,2367.7139	320.37573,277.79532,2363.8086	264.00818,476.60925,2358.989	319.21646,377.28326,2389.3584	273.67114,278.99643,2333.9097	334.56952,469.50537,2415.8882	366.4456,261.31564,2376.454	220.27853,269.5713,2304.4224	
292.18365,134.64255,2464.8027	293.7551,181.2834,2425.697	258.4001,180.95023,2402.0317	198.45557,202.3185,2361.0107	293.7551,181.2834,2425.697	328.4269,181.61012,2449.3623	385.27838,202.91159,2476.976	295.2149,229.45634,2385.8496	273.1955,279.68683,2330.708	271.80228,379.86856,2364.9941	319.94824,278.85016,2361.2964	263.82278,477.50583,2357.1487	318.67462,378.2663,2389.1367	273.1955,279.68683,2330.708	333.36127,469.86713,2421.9438	360.21008,255.57176,2394.185	225.2558,260.41162,2324.2852	
292.36676,134.37798,2463.9775	293.90414,181.15953,2425.1306	258.53247,180.78398,2402.1516	197.0415,199.32866,2365.7751	293.90414,181.15953,2425.1306	328.6118,181.52803,2448.1096	385.91675,200.87354,2479.6628	295.24207,229.34183,2385.1743	273.07974,279.54028,2330.3677	272.22415,379.36325,2369.3738	319.8751,278.79626,2360.0684	264.39056,477.6203,2353.2983	319.09186,377.7162,2395.0283	273.07974,279.54028,2330.3677	334.54214,469.91824,2419.313	354.83463,251.3233,2405.8425	230.51454,254.2146,2337.9548	
292.40897,134.0541,2463.5676	294.1048,180.94899,2424.6248	258.73563,180.56537,2400.9775	197.45041,199.88509,2365.6484	294.1048,180.94899,2424.6248	328.7907,181.3252,2448.272	383.47025,202.41185,2474.0542	295.51242,229.12512,2384.4585	273.42316,279.3396,2329.01	271.8861,378.9221,2371.473	320.20844,278.56967,2359.5745	266.87146,478.24808,2343.57	320.09497,377.45786,2395.38	273.42316,279.3396,2329.01	335.16382,469.92053,2417.883	348.31268,251.7577,2411.77	236.56728,251.45544,2345.6475	
292.49304,133.57736,2463.85	294.1674,180.81293,2424.4133	258.7857,180.67345,2401.8115	198.20337,202.25348,2375.288	294.1674,180.81293,2424.4133	328.89545,180.94983,2447.0151	380.64792,204.80934,2470.059	295.84668,228.9091,2382.9482	274.0039,279.23022,2326.876	272.5738,379.3792,2363.5693	320.87466,278.1937,2356.0903	266.17358,477.16675,2354.657	319.95023,377.01398,2394.6113	274.0039,279.23022,2326.876	335.55417,469.88327,2412.9028	344.2273,254.32646,2413.7815	241.57538,249.64249,2347.969	
293.13382,133.70541,2464.0054	294.31024,180.9231,2423.6997	258.91138,180.62479,2401.6375	203.83894,207.2891,2372.7363	294.31024,180.9231,2423.6997	329.0705,181.21603,2445.762	378.84,205.27301,2468.1477	295.7305,229.0083,2381.5376	273.58994,279.228,2325.1174	271.28125,379.03122,2366.5857	320.52786,278.4304,2353.6335	265.15866,477.3207,2352.103	318.92407,377.00974,2396.216	273.58994,279.228,2325.1174	334.11227,469.85773,2414.828	343.40945,255.90646,2412.7556	248.60391,254.51094,2355.124	
293.0864,133.11063,2465.6116	294.24414,180.46146,2424.4138	258.85217,180.15887,2402.559	204.00587,209.1015,2369.6465	294.24414,180.46146,2424.4138	329.00375,180.75865,2446.2686	378.14496,205.99022,2467.216	295.65964,228.48294,2381.5002	273.504,278.65897,2324.4631	271.5036,378.30597,2368.4321	320.46655,277.87936,2352.7102	266.98563,477.3023,2346.3484	319.38586,376.28644,2398.0803	273.504,278.65897,2324.4631	334.866,469.19843,2415.0317	342.27637,256.377,2409.8809	250.27077,255.54851,2360.625	
293.81018,133.70815,2464.3694	294.489,181.0223,2423.4546	259.0814,180.2013,2402.5107	203.17242,206.79088,2375.5068	294.489,181.0223,2423.4546	329.28992,181.82924,2444.3984	378.52527,207.11192,2465.7502	295.08017,229.0948,2380.5974	272.04327,278.95163,2324.2034	271.04645,378.90015,2364.8892	319.07034,278.90845,2351.277	264.21252,477.034,2352.333	317.95856,377.28473,2397.5327	272.04327,278.95163,2324.2034	332.60577,470.11548,2416.6204	340.8566,256.3755,2410.6401	248.23386,254.08638,2360.4868	
293.90244,134.11893,2465.2542	294.61584,181.1558,2424.0933	259.21017,180.3317,2403.9546	203.89417,207.55313,2372.548	294.61584,181.1558,2424.0933	329.43808,181.96634,2444.232	380.08145,206.16708,2463.418	295.1203,229.216,2381.104	271.99298,279.04077,2325.1006	272.845,379.06088,2364.5103	319.03183,279.04617,2351.129	264.77637,476.79462,2355.7368	319.21155,377.31088,2398.7441	271.99298,279.04077,2325.1006	334.76968,469.97314,2417.5698	341.42874,254.7475,2408.721	249.56308,254.52481,2358.4712	
293.63196,132.9372,2465.1777	294.4327,180.37973,2424.0366	259.02075,179.78418,2404.1272	203.58835,208.0508,2370.4583	294.4327,180.37973,2424.0366	329.2677,180.96558,2443.946	379.17886,207.02612,2460.131	295.22934,228.44165,2381.4077	272.40936,278.39923,2325.9124	272.7294,378.0586,2369.4448	319.4419,278.1136,2351.6453	266.96008,477.1819,2343.9026	319.9028,376.5144,2397.655	272.40936,278.39923,2325.9124	335.18677,468.8164,2420.6548	340.98798,256.35474,2408.8872	250.3564,253.82506,2352.1975	
294.15637,133.97833,2464.1497	295.14127,181.14766,2422.6716	259.72998,180.54308,2401.15	203.74307,208.47906,2370.148	295.14127,181.14766,2422.6716	329.92892,181.74161,2444.1934	379.4476,208.40616,2458.8325	296.1083,229.2319,2379.7585	273.4664,279.26465,2322.9363	273.93024,379.19144,2364.6997	320.4756,278.9018,2350.7546	266.2413,477.7201,2347.1758	320.42596,377.5258,2394.3665	273.4664,279.26465,2322.9363	335.4736,469.4936,2421.7698	340.31512,257.12357,2408.6953	251.11746,253.6314,2350.9712	
294.07242,133.53915,2463.6443	295.24167,181.03868,2422.9636	259.84384,180.65065,2400.6685	203.92987,208.35925,2369.2354	295.24167,181.03868,2422.9636	329.99402,181.41965,2445.2588	379.80893,209.00139,2456.9888	296.58838,229.11995,2380.3696	274.36383,279.3014,2323.3672	274.41327,379.22296,2364.9963	321.3151,278.60944,2352.184	265.37927,476.54443,2358.8833	320.50055,377.187,2395.6768	274.36383,279.3014,2323.3672	335.1471,469.13074,2423.482	341.078,258.04584,2405.4277	251.03127,254.0497,2354.2615	
294.4516,134.23315,2463.3843	295.5438,181.5732,2422.3313	260.13593,181.08485,2400.2007	204.26706,207.96732,2370.7424	295.5438,181.5732,2422.3313	330.31055,182.05269,2444.462	380.2594,209.36739,2455.3752	296.7335,229.67982,2379.6726	274.3361,279.81982,2322.7122	272.95847,379.75226,2364.1023	321.30972,279.26895,2351.3157	264.67502,477.58517,2354.3335	319.67194,377.96948,2393.475	274.3361,279.81982,2322.7122	334.49628,469.96674,2421.2783	341.77762,258.66125,2403.5676	250.46738,254.50577,2355.2964	
294.60892,134.0423,2463.283	295.6944,181.5242,2421.9907	260.2857,180.96967,2399.554	204.26675,207.50368,2372.235	295.6944,181.5242,2421.9907	330.4531,182.06857,2444.4275	379.95306,208.90013,2454.967	296.83344,229.62761,2379.123	274.37897,279.7378,2321.7556	273.644,379.94037,2360.5698	321.358,279.2578,2350.7551	263.66968,477.03662,2358.119	319.8686,377.77737,2395.4255	274.37897,279.7378,2321.7556	334.06635,470.06006,2420.8645	341.5912,258.48648,2406.5024	249.90048,254.47125,2354.8618	
294.48624,132.81683,2463.1975	295.60315,180.60345,2422.8105	260.2199,180.04951,2399.2988	204.39124,206.89513,2374.0315	295.60315,180.60345,2422.8105	330.30627,181.14676,2446.3223	380.4229,209.16437,2454.7334	296.84503,228.71466,2380.743	274.53458,278.82764,2323.4802	273.959,379.10007,2360.8093	321.42398,278.2893,2353.8704	263.84442,475.52417,2364.8406	320.36102,376.83325,2396.9917	274.53458,278.82764,2323.4802	334.32162,469.06573,2422.759	341.02768,257.8017,2404.3994	249.50388,254.13596,2353.1587	
294.47388,133.13568,2463.1736	296.3051,180.68504,2422.6917	260.95688,180.49864,2397.631	204.93262,206.23853,2375.6382	296.3051,180.68504,2422.6917	330.92957,180.86763,2447.7522	380.48196,209.52179,2456.2722	298.23837,228.76749,2380.6135	276.68118,279.13867,2322.338	276.12997,379.33884,2361.125	323.47702,278.02954,2354.733	265.91394,476.50427,2357.763	322.4333,376.52557,2398.0967	276.68118,279.13867,2322.338	336.25882,469.52725,2416.455	340.3856,257.2301,2401.3782	248.81955,254.4479,2352.4385	
294.84796,132.8973,2464.1528	296.7684,180.37903,2423.3127	261.4469,180.19865,2397.4297	205.58725,206.49734,2377.2617	296.7684,180.37903,2423.3127	331.34335,180.55559,2449.1958	381.28638,210.51314,2458.7288	298.81537,228.43243,2381.085	277.40027,278.80545,2322.1306	274.791,379.0971,2359.176	324.13803,277.64493,2355.5837	264.5522,475.9982,2359.3477	321.6123,376.4145,2394.7148	277.40027,278.80545,2322.1306	333.79807,468.75482,2422.1543	340.72318,257.43317,2399.3965	249.52536,254.4621,2351.0637	
295.1054,132.69028,2463.5396	296.94638,180.29999,2422.639	261.6134,180.15326,2396.8853	205.4398,207.04251,2375.3225	296.94638,180.29999,2422.639	331.53604,180.4436,2448.3926	381.93405,211.36429,2456.7502	299.02246,228.38066,2380.6821	277.63422,278.7902,2322.0823	273.50635,379.13843,2357.7146	324.3792,277.5913,2355.3684	264.89572,475.64423,2363.6995	321.09863,376.51736,2392.4329	277.63422,278.7902,2322.0823	333.51697,468.9184,2420.0564	340.7127,257.81064,2397.765	250.20262,254.40697,2351.0479	
295.46252,133.14261,2463.4119	297.24014,180.45898,2422.2212	261.90317,180.27986,2396.4546	205.92737,207.1601,2375.007	297.24014,180.45898,2422.2212	331.83322,180.63434,2447.9878	383.33148,212.09546,2455.3525	299.2911,228.52681,2379.792	277.86453,278.92255,2320.711	274.10867,379.25247,2357.5996	324.63535,277.7652,2354.0146	264.68185,475.68036,2363.7642	321.62186,376.31787,2396.4756	277.86453,278.92255,2320.711	333.0831,469.8634,2412.9844	340.8516,257.48712,2397.6958	250.38684,254.86113,2351.0793	
295.47784,132.40857,2465.2866	297.18655,180.04181,2423.0642	261.84827,179.95937,2398.1355	205.7626,206.53809,2376.357	297.18655,180.04181,2423.0642	331.8051,180.12259,2447.993	383.5894,211.70667,2456.8308	299.30533,228.0486,2380.0469	277.93408,278.44638,2320.919	273.72452,378.52753,2360.592	324.7474,277.20752,2353.1401	264.49136,475.31537,2362.3528	321.79672,375.8039,2395.7446	277.93408,278.44638,2320.919	333.17352,469.03027,2415.8638	341.72205,257.56323,2398.3328	249.38797,254.81223,2349.7468	
295.86908,132.47229,2464.7158	297.57996,180.02896,2422.9585	262.23654,180.01175,2398.529	205.91238,206.15158,2378.175	297.57996,180.02896,2422.9585	332.21777,180.04582,2447.388	383.38602,209.9478,2457.9268	299.7442,228.03357,2379.899	278.41467,278.4609,2321.0515	274.0894,378.6929,2358.8086	325.24536,277.16248,2352.6272	265.37042,475.4565,2362.0408	321.58636,375.8875,2393.6433	278.41467,278.4609,2321.0515	333.7603,468.7005,2417.4746	343.1705,257.4808,2404.2175	248.74875,255.04666,2351.0864	
296.21295,131.46992,2463.9043	297.85486,179.26624,2423.2493	262.50983,179.22702,2399.3362	206.54602,205.94427,2380.0178	297.85486,179.26624,2423.2493	332.50912,179.3047,2447.1624	382.71063,207.22754,2463.4207	299.9198,227.30765,2381.102	278.49936,277.70483,2323.5007	274.35693,378.0221,2359.1987	325.30966,276.4642,2354.409	264.93198,474.8651,2360.8896	321.31714,375.0957,2395.7039	278.49936,277.70483,2323.5007	333.8918,467.91254,2418.4485	346.9457,257.3457,2402.5784	247.85129,255.93633,2350.222	
296.5069,132.09494,2463.5303	298.5508,179.74545,2422.475	263.2472,179.85747,2396.3862	207.97086,204.56982,2390.8574	298.5508,179.74545,2422.475	333.1021,179.63583,2448.564	381.01047,207.97502,2464.423	301.03537,227.84134,2381.31	280.10785,278.41443,2323.2827	275.79834,379.33636,2350.9763	326.7706,276.85544,2357.0073	266.39996,475.11868,2365.3464	323.07162,375.74164,2393.7456	280.10785,278.41443,2323.2827	334.78958,468.45728,2419.0498	349.8517,260.35318,2393.5688	245.19992,255.80379,2340.9468	
296.40024,131.57932,2463.8381	298.739,179.11467,2422.952	263.46594,179.43819,2396.0437	209.79556,203.90916,2390.285	298.739,179.11467,2422.952	333.23727,178.79825,2449.86	378.95078,210.69423,2466.7173	301.5981,227.20085,2382.413	281.10278,277.89923,2324.4849	275.17743,378.1508,2358.8044	327.66385,276.01834,2359.2637	265.84088,474.7797,2362.2708	323.43207,375.1321,2391.6758	281.10278,277.89923,2324.4849	334.01038,467.97406,2417.834	354.30276,263.51596,2374.859	242.39264,258.02475,2336.3977	
296.98267,131.78293,2454.9695	299.47952,179.66753,2419.4893	264.18408,180.05678,2391.7063	212.57573,203.5368,2397.5503	299.47952,179.66753,2419.4893	333.97357,179.28711,2447.2722	376.26862,214.74956,2468.8552	302.3749,228.03714,2383.1416	281.98004,278.9208,2328.8394	274.6299,378.06696,2372.5964	328.38492,276.9048,2364.7485	267.81183,476.48547,2351.6067	323.16962,375.82233,2395.9902	281.98004,278.9208,2328.8394	334.26514,468.49323,2421.621	359.9246,268.52045,2359.8699	237.332,260.29028,2329.112	
297.24924,131.65195,2443.0554	299.6391,180.2033,2415.102	264.25067,180.80682,2389.073	216.82222,206.62245,2394.8186	299.6391,180.2033,2415.102	334.2729,179.61261,2441.131	373.7663,219.63959,2464.9316	302.47275,228.9072,2384.1921	282.0357,279.99994,2336.4597	274.18417,378.80255,2380.1077	328.39453,277.79688,2370.1047	267.77817,477.9735,2348.1624	322.98376,376.742,2397.7034	282.0357,279.99994,2336.4597	333.28946,469.77515,2420.1426	365.7286,275.05417,2347.4517	234.55756,265.62756,2316.0247	
297.50354,132.44696,2437.0896	299.91568,181.17886,2413.2725	264.5044,181.91324,2387.305	222.93611,214.36914,2391.5493	299.91568,181.17886,2413.2725	334.573,180.46014,2439.24	369.9582,225.79608,2455.9592	302.797,230.07205,2385.8862	282.4576,281.2934,2341.719	275.64862,380.77222,2375.0146	328.7038,278.92487,2375.281	266.8027,478.57706,2358.8335	324.3364,377.8008,2401.3923	282.4576,281.2934,2341.719	332.76395,471.34515,2419.217	372.65497,282.49994,2337.2825	233.6503,274.97516,2302.155	
298.0397,132.76721,2434.6113	300.41745,181.54604,2412.75	264.9724,182.49146,2389.0833	229.16135,226.21771,2381.3123	300.41745,181.54604,2412.75	335.17386,180.61899,2436.4167	367.56512,231.43271,2439.9702	303.35608,230.51773,2387.0132	283.06738,281.82483,2345.9797	276.49503,381.31323,2377.3616	329.3503,279.30542,2376.573	267.7632,479.97574,2351.576	325.11252,378.17123,2402.1833	283.06738,281.82483,2345.9797	333.26016,472.8783,2408.488	378.54486,289.64648,2328.9963	233.89206,288.61688,2289.0742	
298.8146,132.16286,2425.3853	301.05658,181.36612,2410.056	265.54297,182.26495,2388.6318	234.06424,233.67589,2374.2063	301.05658,181.36612,2410.056	335.94434,180.48311,2431.48	364.6429,234.84668,2422.4849	303.62747,230.55957,2389.2686	282.99045,281.7895,2354.635	276.0397,381.0183,2384.5222	329.22626,279.45724,2382.3274	268.26022,480.2066,2350.2986	325.4388,378.16626,2407.0725	282.99045,281.7895,2354.635	332.29544,472.3385,2417.8704	381.8513,294.00208,2332.457	237.37764,297.47482,2287.612	
299.3294,131.85452,2428.7708	301.4993,180.93318,2412.796	266.0021,181.8722,2394.5964	240.49577,237.99098,2368.2715	301.4993,180.93318,2412.796	336.465,180.00822,2430.9954	362.34183,236.84862,2408.3794	303.91208,230.07983,2391.8062	283.1023,281.20728,2359.053	277.75385,380.8153,2382.7493	329.4031,278.99713,2382.5798	267.31775,479.78043,2349.3684	327.28467,378.35883,2397.9412	283.1023,281.20728,2359.053	332.77777,472.51096,2413.2468	381.52863,297.57346,2336.6765	239.46875,302.75095,2287.2617	
299.81488,131.33224,2430.9539	302.1604,180.406,2414.0496	266.67847,181.53354,2399.0405	245.47408,240.44574,2366.365	302.1604,180.406,2414.0496	337.20386,179.29239,2429.0586	360.31873,237.98717,2398.4177	304.63498,229.50568,2392.42	283.87427,280.64886,2361.0898	278.6366,380.39197,2382.1309	330.24545,278.36304,2380.4907	267.82062,479.55487,2346.609	328.72714,378.25836,2389.2637	283.87427,280.64886,2361.0898	333.79153,471.64545,2414.815	378.10764,300.3292,2342.8499	241.60165,305.72452,2290.8982	
300.52933,131.13693,2423.0535	302.91647,180.73544,2410.6133	267.40918,182.06189,2400.3157	250.12701,241.69217,2369.677	302.91647,180.73544,2410.6133	338.12173,179.42027,2420.911	357.54825,237.27942,2393.1626	305.30902,230.0067,2392.509	284.48163,281.1778,2367.7478	279.46307,380.86444,2385.8687	330.86438,278.88727,2381.0618	267.26175,479.18564,2356.6228	329.2295,378.8786,2388.1277	284.48163,281.1778,2367.7478	333.93808,471.98633,2416.8477	372.42957,300.87573,2348.4302	243.75922,307.0489,2298.3518	
300.4635,130.86142,2419.0808	303.3617,180.66953,2409.377	267.89542,182.38164,2403.5923	254.35385,243.6112,2369.834	303.3617,180.66953,2409.377	338.65805,178.96562,2415.1616	355.62314,237.5631,2391.1436	306.00345,230.01797,2393.969	285.4863,281.2822,2374.8223	279.68872,380.83624,2389.9705	331.79984,278.73334,2382.2998	268.63544,479.9202,2350.8247	330.30194,378.9431,2385.0322	285.4863,281.2822,2374.8223	334.15628,471.187,2422.4683	366.9296,302.04926,2346.6653	246.76659,309.13837,2302.459	
300.442,131.20099,2424.5813	303.488,180.44255,2411.2683	268.1714,182.5983,2411.0327	256.0694,244.45638,2378.5063	303.488,180.44255,2411.2683	338.79773,178.28722,2411.504	355.11954,237.05261,2389.9253	306.41858,229.70082,2394.3408	286.2358,281.08032,2377.261	279.54352,380.9326,2385.407	332.54303,278.24094,2377.5657	268.9961,480.0547,2349.21	329.69135,378.59344,2380.7393	286.2358,281.08032,2377.261	334.63788,471.35114,2414.8953	361.4591,302.203,2348.9353	250.7796,310.01385,2313.412	
300.76648,131.27734,2419.3577	303.825,180.96198,2409.307	268.5506,183.26305,2412.3943	257.93314,244.13734,2386.6448	303.825,180.96198,2409.307	339.18994,178.65503,2406.2195	355.76175,236.09525,2391.902	306.7892,230.31812,2394.8286	286.7079,281.69684,2382.345	280.2189,381.5976,2386.6895	332.90976,278.85004,2378.3557	267.88458,479.8088,2358.114	329.15097,378.7868,2387.16	286.7079,281.69684,2382.345	334.53302,471.35638,2420.6987	358.8093,301.49628,2352.9128	254.87555,309.7515,2330.3271	
300.69138,131.50433,2417.2449	303.89554,181.32303,2408.585	268.7149,183.79048,2415.2295	260.16034,245.51381,2394.363	303.89554,181.32303,2408.585	339.2708,178.84195,2401.9404	355.96136,237.31917,2388.042	306.9209,230.72282,2395.4849	286.96344,282.10068,2386.6785	279.61057,382.34814,2380.8403	333.0787,279.22592,2378.091	267.8989,479.8868,2363.2734	328.8625,379.1228,2387.5432	286.96344,282.10068,2386.6785	334.55646,471.95642,2418.516	357.11902,303.0171,2352.7104	256.54053,311.06042,2342.9836	
300.5993,131.93213,2416.188	303.85666,181.86725,2408.5137	268.75177,184.48663,2417.4685	261.2891,246.40263,2401.4653	303.85666,181.86725,2408.5137	339.2235,179.2283,2399.5588	355.50803,237.71022,2382.7307	306.989,231.27805,2396.015	287.18967,282.67886,2389.302	277.83884,382.77435,2381.319	333.23053,279.72806,2377.7302	268.80493,481.0367,2358.5483	328.5263,379.50806,2388.9316	287.18967,282.67886,2389.302	334.8049,472.68634,2416.0305	354.77032,303.41165,2335.764	257.07062,311.83563,2355.964	
299.3752,131.82175,2416.1455	303.05267,181.75876,2408.9167	268.10846,184.7728,2421.1565	260.66562,247.39906,2408.1433	303.05267,181.75876,2408.9167	338.35382,178.71396,2396.677	353.9571,238.97966,2370.8884	306.5815,231.13962,2396.7905	287.2686,282.6657,2392.575	275.90082,382.76666,2378.057	333.17618,279.3687,2376.7537	269.63232,480.45886,2364.9448	328.12982,378.71808,2394.6875	287.2686,282.6657,2392.575	334.81155,472.53043,2413.7131	352.23062,304.8598,2314.5906	255.87378,312.64166,2360.678	
297.50943,131.56186,2423.5898	301.64398,180.93356,2411.419	267.04825,184.70839,2428.7168	259.3239,246.2075,2418.4302	301.64398,180.93356,2411.419	336.7397,177.10419,2394.121	353.1121,238.5728,2358.8223	305.8566,230.11067,2395.4604	287.3609,281.96378,2390.6865	275.1574,382.51654,2366.8574	333.1056,277.912,2368.3174	269.43195,478.8767,2371.5603	327.87045,377.2583,2391.4104	287.3609,281.96378,2390.6865	333.7744,472.64792,2396.6763	349.38028,304.42065,2293.8977	254.42978,311.09906,2367.317	
295.1162,132.79202,2427.31	299.9556,181.93349,2411.8982	265.7121,186.42728,2433.9995	258.016,245.60123,2424.2227	299.9556,181.93349,2411.8982	334.83246,177.35657,2389.7969	352.5673,237.16846,2349.029	304.8431,230.98878,2393.74	287.20316,283.16144,2389.868	273.65894,383.70306,2364.1497	332.68106,278.39795,2361.2957	269.86026,479.60638,2375.4575	327.69226,377.49847,2391.754	287.20316,283.16144,2389.868	332.52005,472.60776,2400.508	348.08664,302.99597,2277.6128	251.59935,310.1328,2368.714	
292.92126,133.06613,2428.702	298.2003,182.07993,2411.669	264.30725,187.02737,2438.49	255.10095,247.02525,2438.4358	298.2003,182.07993,2411.669	332.85565,177.02121,2384.848	351.76675,238.45772,2336.4875	303.3807,231.06935,2391.8352	286.21808,283.42435,2389.3345	270.77246,383.81396,2361.7588	331.40768,278.2942,2354.6685	268.1229,478.49933,2385.2153	325.62592,376.88394,2394.4985	286.21808,283.42435,2389.3345	332.47827,471.53552,2405.465	346.12173,304.33026,2260.0623	249.23279,310.948,2372.262	
290.07977,133.1054,2429.939	295.05426,182.26021,2412.0247	261.8393,187.4838,2446.7817	253.09563,246.91809,2448.6433	295.05426,182.26021,2412.0247	329.24048,176.8839,2377.2676	349.62738,239.10936,2320.7595	300.0615,231.2168,2390.5786	283.08307,283.58783,2391.616	267.12488,383.61426,2368.2092	327.65878,278.48315,2346.6492	265.95364,478.69754,2386.4705	322.43143,377.47284,2386.17	283.08307,283.58783,2391.616	329.8439,470.3738,2415.1978	344.90054,305.38947,2242.1538	247.02939,310.3941,2376.783	
287.37396,133.66821,2422.5386	292.5361,182.93831,2406.9404	259.57434,188.26602,2445.33	250.91367,247.61137,2454.522	292.5361,182.93831,2406.9404	326.56635,177.43793,2368.5508	346.597,239.54999,2310.377	297.55246,232.03705,2386.5737	280.78033,284.47278,2390.9985	266.82767,385.12177,2361.1165	324.9933,279.43643,2341.4155	266.6477,479.56616,2387.5405	322.7585,378.38715,2384.7153	280.78033,284.47278,2390.9985	329.3846,471.31854,2414.8965	344.2959,305.99347,2228.0925	244.43462,310.8822,2380.6782	
284.26727,133.86108,2426.8127	289.43344,182.85576,2406.9858	257.05112,188.74046,2450.3313	248.47961,248.7256,2458.5625	289.43344,182.85576,2406.9858	323.00342,176.75522,2363.6404	343.70242,239.53265,2303.1536	294.73004,231.8281,2383.7368	278.5357,284.50668,2388.5012	264.00888,385.3435,2355.7544	322.245,278.9577,2332.4744	267.24164,479.90143,2382.4763	319.0875,378.28918,2375.7737	278.5357,284.50668,2388.5012	331.06635,470.69366,2407.989	343.1466,305.81567,2216.4482	241.37083,311.914,2385.2632	
280.9674,134.87872,2429.4478	286.23386,183.34265,2405.227	254.43338,189.92087,2452.945	246.11142,249.80145,2463.1482	286.23386,183.34265,2405.227	319.3217,176.49814,2357.509	339.54007,239.52533,2293.5266	291.8962,232.15579,2377.7817	276.37216,285.20914,2381.1738	262.67014,386.3565,2351.4756	319.57635,278.92633,2319.499	265.9377,481.7153,2372.9536	315.9838,379.06763,2359.6118	276.37216,285.20914,2381.1738	330.06125,470.11588,2405.9414	340.48645,305.97418,2208.3342	237.8924,312.7746,2388.8035	
277.6809,133.98177,2438.4985	281.1669,182.23055,2409.9805	250.4895,188.3934,2466.2908	242.54462,250.15186,2468.047	281.1669,182.23055,2409.9805	313.3122,175.7728,2353.6702	335.07062,239.30313,2286.0005	285.04797,230.91583,2378.3325	268.4926,283.5169,2382.902	256.87476,384.50485,2363.372	310.2188,278.23004,2310.467	261.64618,480.36688,2375.4714	308.23773,379.2364,2346.936	268.4926,283.5169,2382.902	324.53143,468.49127,2408.35	338.21356,306.30414,2203.0312	235.45868,312.9819,2390.51	
273.6011,135.59447,2443.3286	276.8923,183.54253,2410.431	246.88608,190.02606,2470.9958	240.71248,249.34653,2465.996	276.8923,183.54253,2410.431	308.44525,176.72478,2349.866	331.40848,238.40382,2287.08	280.4448,232.09988,2374.9077	263.9119,284.8529,2378.3855	257.68945,386.05603,2363.006	304.98322,279.31863,2300.3835	264.77344,482.8097,2365.1018	306.62317,381.64447,2323.2917	263.9119,284.8529,2378.3855	326.7469,468.53876,2401.8064	334.08743,304.94324,2194.0203	232.93156,312.37845,2395.1748	
269.63293,135.75911,2436.7026	273.36267,183.75986,2405.7405	243.38428,190.27664,2466.5303	237.13322,251.02237,2470.314	273.36267,183.75986,2405.7405	304.89532,176.9052,2344.9507	327.22083,238.70737,2282.9668	277.0049,232.46059,2371.0708	260.56244,285.33868,2375.6	257.57,386.68494,2362.0107	301.63727,279.7814,2297.2021	264.4997,482.057,2377.5408	303.3583,383.2868,2304.8315	260.56244,285.33868,2375.6	326.93466,467.49146,2400.066	328.81412,305.447,2188.2124	229.48178,314.0184,2399.1367	
265.63162,135.74417,2450.8433	270.2079,182.90776,2408.9924	240.9136,190.902,2471.7344	234.37628,251.06053,2467.7095	270.2079,182.90776,2408.9924	301.06894,174.48598,2346.2505	322.34387,239.62242,2279.6367	274.81332,230.94577,2366.0278	259.63165,284.48447,2363.6084	259.90924,386.12094,2354.4016	300.25552,276.9046,2282.518	265.21976,482.19617,2367.5745	298.6283,382.18475,2270.0627	259.63165,284.48447,2363.6084	327.85626,464.55908,2375.166	322.93057,306.2896,2180.708	226.89885,314.29153,2401.5806	
261.7219,135.91504,2449.0247	265.90143,183.51604,2407.7034	237.69794,191.68253,2476.8047	231.26083,251.42184,2473.0725	265.90143,183.51604,2407.7034	295.77164,174.86693,2338.602	317.84335,237.47292,2282.8416	270.13458,231.64507,2364.537	255.2797,285.2387,2366.0342	259.05157,385.7213,2371.9697	294.52573,277.74518,2276.7075	259.11664,481.45654,2381.9536	286.36047,383.684,2248.1978	255.2797,285.2387,2366.0342	319.20538,462.37503,2373.0562	314.7185,303.48016,2179.4634	224.03888,314.57785,2407.7134	
257.90048,135.44708,2456.0828	261.9453,182.38159,2411.479	234.72603,191.10431,2485.0327	228.7551,252.78264,2474.0176	261.9453,182.38159,2411.479	290.87726,173.11005,2337.9253	313.02634,238.88852,2280.4827	265.96088,230.216,2364.681	251.50046,283.94138,2365.4001	260.9614,383.7683,2375.1863	289.5569,275.8568,2270.3655	260.04736,480.37225,2376.1912	280.85257,382.49146,2235.8093	251.50046,283.94138,2365.4001	316.44165,460.45145,2363.5312	305.19977,304.4016,2174.6663	222.57452,316.09253,2411.704	
255.5809,136.00961,2460.1257	258.6457,182.37787,2412.7832	231.76651,191.1034,2487.8674	226.19086,252.09036,2475.8674	258.6457,182.37787,2412.7832	287.25153,173.09183,2337.699	308.01392,236.05107,2285.2017	261.90735,230.06366,2363.0059	246.88913,283.7369,2361.7117	262.5464,382.50134,2377.54	284.5183,275.69806,2264.7454	259.39853,480.0076,2368.0396	269.86984,382.05524,2227.1882	246.88913,283.7369,2361.7117	310.6588,459.78546,2347.2507	296.16187,300.9676,2182.1511	221.60992,315.46704,2416.6511	
252.65948,135.86234,2454.6433	254.9529,182.6015,2409.0315	228.2233,190.72113,2485.443	222.98718,251.7724,2475.585	254.9529,182.6015,2409.0315	283.43372,173.94989,2332.6199	303.44907,236.06721,2285.8943	257.15363,230.52098,2360.3408	241.17331,283.93542,2361.0188	245.67023,375.58606,2446.1067	278.5184,276.83115,2262.2815	266.0157,466.16388,2357.4766	259.49255,383.00842,2217.7444	241.17331,283.93542,2361.0188	301.48053,460.00757,2342.8345	285.26965,299.35663,2182.2063	219.38332,315.29688,2423.9521	
249.47446,135.38193,2450.4023	251.35342,182.47945,2406.1917	224.89316,190.35573,2484.0312	221.31303,251.4195,2474.6682	251.35342,182.47945,2406.1917	279.5829,174.07654,2328.352	297.69824,237.34572,2284.1858	252.93408,230.51596,2357.7695	236.51512,283.83347,2359.6392	238.18631,377.03748,2442.0552	273.45126,277.15497,2259.0557	277.79263,461.10992,2352.0435	250.33075,382.55435,2219.203	236.51512,283.83347,2359.6392	294.30716,460.87463,2332.5205	271.02682,297.63034,2182.1675	213.63234,314.64737,2427.242	
246.49646,135.0206,2448.7854	248.00182,181.89943,2402.4648	221.6313,189.7885,2480.5063	218.7235,252.08539,2470.2239	248.00182,181.89943,2402.4648	276.1431,173.48062,2324.4233	291.27252,239.75063,2273.599	249.10806,229.90756,2352.2273	232.05115,283.31863,2352.9768	229.66791,379.2516,2422.8835	269.29907,276.55374,2251.0027	272.2863,468.23682,2354.349	242.32672,381.43677,2212.6028	232.05115,283.31863,2352.9768	285.39658,463.66888,2307.1658	256.7569,297.25247,2180.78	209.79373,315.39926,2422.925	
243.6712,134.52338,2448.476	244.98773,180.83304,2400.1562	219.84753,189.23615,2483.524	215.42941,251.12479,2473.896	244.98773,180.83304,2400.1562	271.93726,171.8252,2316.7886	285.66318,240.60898,2266.0784	245.8355,228.75677,2348.1445	229.19441,282.40793,2351.027	224.5842,379.7572,2405.875	265.10748,275.12112,2241.2385	266.59464,468.73297,2360.6453	232.12503,376.4276,2234.4067	229.19441,282.40793,2351.027	277.1945,464.04974,2267.0173	246.37097,296.34442,2180.8757	206.7525,314.28412,2418.4033	
240.28365,134.3808,2439.305	241.59236,181.31973,2393.9207	217.54721,189.83829,2482.169	214.39008,251.28964,2475.2334	241.59236,181.31973,2393.9207	267.47812,172.1491,2305.6724	279.82977,240.88919,2252.2493	242.48863,229.53844,2344.291	226.84396,283.29208,2352.168	240.53314,379.23346,2409.27	260.85574,276.21643,2237.1548	271.16763,468.17502,2346.52	225.18036,376.38892,2239.682	226.84396,283.29208,2352.168	264.2674,468.8962,2253.5908	236.80157,295.31274,2175.8782	202.59456,313.8659,2412.4214	
237.14496,135.05289,2443.1814	238.59305,181.37302,2391.7568	215.69084,190.85895,2483.6052	207.93161,251.43748,2486.195	238.59305,181.37302,2391.7568	263.3245,171.12943,2299.9084	272.27426,241.95001,2236.569	239.77821,229.32423,2338.063	225.21234,283.5555,2343.9639	243.94958,380.1266,2390.919	257.67267,275.28802,2224.7744	265.43057,473.75366,2347.6743	221.15744,375.8806,2228.7131	225.21234,283.5555,2343.9639	251.58182,472.922,2234.5374	226.47083,295.583,2172.968	199.41849,313.0204,2400.7966	
234.38116,134.66342,2444.6565	234.98193,180.36064,2389.4407	212.72385,190.16335,2483.3723	205.67017,251.36038,2475.1626	234.98193,180.36064,2389.4407	259.0616,169.75568,2295.509	266.16452,239.86053,2225.1106	235.54436,228.14503,2332.7776	220.80315,282.5007,2336.8801	240.63803,379.96112,2377.381	252.3075,273.88654,2215.3489	265.00266,472.95074,2361.1384	215.5548,374.4934,2225.075	220.80315,282.5007,2336.8801	233.9632,474.72156,2227.52	221.35284,295.1455,2170.3596	194.27841,313.38437,2396.7798	
230.87704,134.54637,2445.924	231.55151,179.7952,2388.8752	210.96614,190.28723,2488.041	202.23608,251.44867,2469.277	231.55151,179.7952,2388.8752	253.91998,168.39435,2289.7095	259.69733,238.98833,2209.9976	231.76851,227.3663,2329.3525	217.77837,281.9875,2334.0293	240.40477,377.78107,2390.601	247.0431,272.6121,2205.6304	265.28873,472.04047,2361.0981	212.27197,374.33923,2216.733	217.77837,281.9875,2334.0293	223.38245,475.9516,2222.8467	215.78802,295.7869,2164.4236	190.16365,313.7789,2392.3232	
227.77585,134.48947,2438.042	227.95813,179.853,2381.7612	207.64517,190.24342,2481.992	198.43419,251.46152,2464.2087	227.95813,179.853,2381.7612	250.05582,168.54965,2281.5305	253.44547,236.75226,2202.0913	227.5617,227.5766,2321.9597	213.17331,282.25586,2326.8926	236.5442,378.81177,2377.5342	241.9385,273.12982,2197.4238	263.98053,472.14948,2363.3677	208.107,375.6656,2208.0068	213.17331,282.25586,2326.8926	216.99771,477.25412,2223.3826	211.23221,295.16608,2161.295	185.12086,313.80713,2386.002	
224.74341,134.57486,2426.078	224.76459,180.26704,2370.9197	204.24277,190.44724,2470.5898	195.69266,249.5367,2459.2048	224.76459,180.26704,2370.9197	247.08752,169.19336,2271.2495	249.3504,236.55487,2192.9954	224.34744,228.3495,2312.6516	209.80608,283.1856,2318.7766	234.63605,379.6095,2371.98	238.84071,274.3984,2189.9905	264.39938,472.08936,2365.5105	206.18088,376.912,2209.2776	209.80608,283.1856,2318.7766	213.53355,479.4245,2218.9485	205.43405,294.1019,2158.0557	181.21147,311.9711,2386.4077	
222.11992,134.83624,2420.1025	221.59122,180.49174,2362.5469	201.50227,190.88223,2463.43	192.0061,251.32707,2448.2634	221.59122,180.49174,2362.5469	243.47232,169.17429,2261.6638	241.71509,237.99112,2179.1897	220.82745,228.64859,2302.823	206.2136,283.7429,2308.2886	229.4221,380.26828,2369.7207	234.65918,274.73505,2177.9097	263.05768,472.19147,2355.5645	203.05138,376.19946,2216.4758	206.2136,283.7429,2308.2886	210.46463,480.63748,2204.09	198.29855,296.11212,2157.735	175.37448,313.87384,2388.0803	
219.46582,135.217,2417.6533	218.09328,180.58238,2356.2173	198.35712,191.22032,2457.803	187.74695,252.11696,2457.3164	218.09328,180.58238,2356.2173	239.60791,168.98584,2254.6316	235.24673,240.5963,2165.1985	216.8866,228.7016,2294.2957	202.04347,284.01712,2298.019	222.8071,380.67636,2367.7932	230.00471,274.68912,2166.729	260.59094,470.8633,2356.0454	205.71169,375.7397,2230.4512	202.04347,284.01712,2298.019	205.91493,482.18146,2188.9902	192.86226,299.38248,2157.3035	171.29865,314.31653,2385.8833	
216.43848,133.31393,2416.4075	214.25153,178.64568,2353.9194	195.19604,189.33844,2457.4597	184.48138,252.98215,2452.371	214.25153,178.64568,2353.9194	235.06046,166.96898,2250.3792	228.16553,242.53075,2155.1716	212.12402,226.67647,2290.8384	196.81415,281.9477,2294.6768	213.44475,378.46844,2373.824	223.74693,272.62698,2160.838	256.47824,465.674,2364.3513	207.08572,374.36078,2235.721	196.81415,281.9477,2294.6768	200.30254,480.95856,2188.8901	189.39061,303.46747,2156.8926	166.36797,315.1392,2395.3657	
213.25153,133.41963,2407.7944	210.5042,178.77698,2345.2764	191.56229,189.3342,2449.116	180.20572,250.99745,2455.0208	210.5042,178.77698,2345.2764	231.20116,167.24158,2241.4368	225.1264,237.2426,2153.1775	207.89192,227.01147,2282.312	192.17824,282.37878,2286.4478	203.50311,380.1043,2361.7944	218.8923,273.31284,2152.2476	252.08212,464.206,2360.3828	207.1914,376.48172,2226.1597	192.17824,282.37878,2286.4478	201.84857,482.74707,2192.1323	190.1281,300.64636,2152.035	164.96489,313.58517,2391.308	
209.9256,132.55515,2397.4277	206.73392,177.9259,2336.5532	187.42184,188.18668,2439.1958	177.07852,251.33331,2452.3743	206.73392,177.9259,2336.5532	227.82066,166.7222,2233.9106	222.40933,238.32841,2149.8716	203.5312,226.3403,2273.7734	186.96973,281.7064,2277.3328	191.50807,380.90857,2343.6162	214.1387,273.04184,2144.6545	246.64784,459.4793,2366.906	202.95201,375.3014,2230.7568	186.96973,281.7064,2277.3328	202.9537,482.07153,2188.0088	184.82515,300.72104,2144.5771	161.15392,313.94354,2385.5884	
206.6773,132.15738,2382.8132	203.34601,178.13423,2323.1	182.8742,187.87556,2421.9553	173.74738,250.60919,2445.9849	203.34601,178.13423,2323.1	225.6375,167.52701,2224.2449	216.84636,241.02592,2142.2932	200.30905,227.02612,2262.489	183.1291,282.5088,2265.8098	181.89409,383.49268,2317.5764	211.91656,274.47745,2137.946	240.93658,457.82422,2369.768	201.29965,375.1808,2238.954	183.1291,282.5088,2265.8098	204.7891,481.962,2190.2708	179.33665,303.7982,2138.4016	158.35655,313.64282,2388.9385	
203.0101,131.7055,2367.9746	199.54376,178.48991,2311.666	178.66777,187.60324,2409.516	170.65913,250.8211,2430.1387	199.54376,178.48991,2311.666	222.26517,168.57098,2213.816	209.25914,242.21979,2133.9312	196.43553,227.93935,2254.8516	178.97191,283.3829,2261.2612	171.31342,384.39694,2309.564	208.2021,276.30365,2134.813	233.56207,455.1089,2379.5513	200.12099,377.52216,2235.4033	178.97191,283.3829,2261.2612	201.5614,483.8153,2197.5063	176.55388,307.56946,2133.2534	155.18063,314.09967,2393.8228	
198.91669,131.3844,2354.0422	195.74553,178.82872,2302.1763	174.61227,187.40758,2399.3484	166.372,249.78789,2442.7166	195.74553,178.82872,2302.1763	218.74142,169.49374,2205.0042	204.09834,242.03844,2128.5361	192.74284,228.78745,2249.291	175.26431,284.19528,2259.1926	156.34286,383.2528,2313.4702	204.7703,277.9296,2133.619	224.9379,450.4786,2363.5012	200.6672,379.3757,2235.4387	175.26431,284.19528,2259.1926	198.07312,486.24634,2192.0847	175.06277,309.44876,2125.233	151.51407,312.9688,2395.4358	
194.58344,131.05295,2354.5903	191.47478,178.14111,2300.8127	171.34776,187.32495,2400.5027	162.96007,249.86667,2439.2102	191.47478,178.14111,2300.8127	213.4249,168.1254,2201.1228	199.31874,242.1775,2122.4543	188.65762,228.01846,2246.5605	172.02744,283.76,2256.746	144.642,381.09277,2309.3313	200.20282,276.76315,2127.8706	213.73747,450.17435,2341.635	195.75327,380.14346,2216.8462	172.02744,283.76,2256.746	198.61157,483.06207,2217.1047	173.19553,311.18817,2116.355	146.65852,312.92273,2396.4233	
190.08006,130.7594,2361.831	187.20108,177.2795,2304.4143	169.6877,187.70886,2410.5212	159.7785,250.14896,2434.902	187.20108,177.2795,2304.4143	206.40515,165.84332,2198.3074	193.79205,242.84196,2115.7903	184.4073,226.75465,2246.3933	169.52037,282.97656,2257.1284	145.27571,381.57104,2304.671	194.18529,274.46252,2119.6162	204.72545,457.05328,2348.518	187.98346,378.59537,2205.2136	169.52037,282.97656,2257.1284	202.11835,479.8098,2215.9536	170.64888,313.14154,2110.524	141.6083,312.7423,2402.1213	
185.89879,130.64633,2358.0352	183.05435,177.26047,2298.5635	164.90387,187.80731,2402.311	155.0289,249.0961,2450.8784	183.05435,177.26047,2298.5635	202.92075,165.71655,2194.816	192.37056,240.53378,2112.2805	180.33348,226.7625,2239.2644	165.10732,283.2045,2246.9207	141.41637,382.44336,2293.6025	190.60497,274.4416,2113.01	188.25937,466.70123,2324.9663	185.95593,379.24738,2197.0693	165.10732,283.2045,2246.9207	205.58911,478.98126,2219.7737	167.5711,310.72247,2101.962	137.31879,311.22076,2392.1926	
181.45558,130.68358,2356.1165	178.61786,177.40071,2295.3838	159.92853,187.9817,2396.893	149.73746,249.05525,2447.018	178.61786,177.40071,2295.3838	199.03665,165.84058,2193.8745	188.77228,241.76726,2104.6023	176.052,226.92834,2235.531	160.59164,283.51166,2241.2314	138.49052,381.86316,2300.5278	186.89067,274.5812,2110.125	169.90054,472.13794,2326.8623	183.76619,378.286,2204.7793	160.59164,283.51166,2241.2314	204.67987,479.41284,2210.968	162.03572,311.4482,2096.9194	134.18906,311.96124,2394.006	
176.5753,131.42967,2354.65	174.08032,177.85413,2293.4812	155.51201,188.7654,2394.522	145.26094,249.4081,2443.7463	174.08032,177.85413,2293.4812	194.3601,165.93713,2192.4404	184.32513,240.82138,2102.2712	171.90546,227.35194,2232.829	156.90413,284.18823,2237.4402	136.38329,382.06647,2304.9312	183.10123,274.7563,2106.9138	153.79437,476.6916,2320.655	178.84578,378.59955,2200.9146	156.90413,284.18823,2237.4402	206.12413,477.75043,2213.9753	157.90274,310.4518,2099.734	130.57855,312.71158,2396.3723	
172.0724,130.99756,2346.8804	169.38763,177.95457,2289.7468	150.23154,188.07579,2389.064	140.23605,249.74948,2445.4023	169.38763,177.95457,2289.7468	190.28085,166.91553,2190.4297	176.92288,243.43176,2102.107	166.81587,227.80817,2232.278	151.04822,284.3426,2239.003	131.74841,382.61908,2304.8896	177.9626,276.0043,2110.6157	137.10854,476.966,2334.9028	176.048,380.24463,2201.0757	151.04822,284.3426,2239.003	202.44719,477.9325,2230.576	152.66846,314.1381,2093.8115	126.32468,313.214,2393.9575	
166.98996,131.64447,2351.0364	164.50052,178.32765,2291.8403	145.23737,188.84756,2389.6316	135.97304,248.65031,2450.43	164.50052,178.32765,2291.8403	185.48082,166.86995,2194.049	172.51784,242.42311,2103.8613	162.29092,227.972,2232.4854	146.78949,284.70938,2236.3145	129.71506,383.20334,2305.2336	173.9206,275.68472,2109.9463	128.23515,479.9081,2321.5376	170.53735,380.49182,2195.3125	146.78949,284.70938,2236.3145	205.51288,476.05664,2221.5837	149.55247,313.51938,2095.6301	122.77507,312.1197,2399.12	
162.1355,132.0257,2359.6177	160.17873,177.99701,2295.0227	141.54613,189.44382,2393.2046	127.67308,266.93073,2439.7725	160.17873,177.99701,2295.0227	180.47679,165.52704,2196.8408	167.53694,240.96307,2104.571	158.2012,227.14958,2231.3318	143.30513,284.2485,2231.1003	128.57558,381.69626,2313.6255	169.682,273.82764,2104.1814	119.428894,481.14645,2299.5444	163.56226,379.0102,2186.9377	143.30513,284.2485,2231.1003	203.93051,472.50174,2219.6409	144.74677,312.45712,2088.4038	114.644196,330.89996,2371.605	
157.37929,132.46867,2363.9016	155.2408,178.41101,2299.5361	136.46365,189.79604,2396.4834	124.65315,259.26157,2436.597	155.2408,178.41101,2299.5361	175.6709,166.02374,2202.5889	160.86546,243.60542,2106.1108	153.26459,227.47252,2235.7544	138.27576,284.47296,2234.6096	123.36731,381.24463,2320.7173	164.83481,274.0577,2109.3357	112.42749,481.05774,2303.5017	155.89783,378.09668,2195.8257	138.27576,284.47296,2234.6096	199.73563,470.0376,2227.1853	138.62448,315.56168,2081.4492	113.40039,323.4485,2373.7214	
152.21805,132.85641,2366.07	149.96497,178.67334,2302.538	130.29274,189.61124,2395.9304	121.99391,253.39822,2426.2507	149.96497,178.67334,2302.538	171.30049,166.81064,2209.1458	157.49069,242.50401,2110.2358	147.6964,227.71217,2238.9966	131.79182,284.46774,2235.837	119.06244,382.52887,2314.4834	159.56975,274.4866,2115.0732	107.93663,482.97327,2296.3623	146.988,378.43655,2195.087	131.79182,284.46774,2235.837	196.63129,467.97467,2222.582	133.73755,313.82996,2086.9377	111.57315,318.01334,2369.7332	
147.75392,132.89676,2367.513	145.24673,178.86288,2303.1807	124.5143,189.57562,2392.1658	118.0609,253.95862,2417.1985	145.24673,178.86288,2303.1807	167.64558,167.2891,2214.1956	150.66249,243.96576,2114.139	142.684,227.7548,2238.056	125.7287,284.40756,2230.4595	119.958954,384.24323,2303.0725	154.98108,274.4845,2115.4028	104.11389,484.02618,2290.4277	140.2882,380.4591,2175.0212	125.7287,284.40756,2230.4595	193.93314,467.672,2215.9924	127.040344,315.4342,2085.429	108.431335,318.96158,2366.4954	
142.60542,133.04451,2375.8486	140.51491,178.5843,2308.0757	119.36601,189.6972,2394.1816	114.34349,254.35193,2414.6907	140.51491,178.5843,2308.0757	163.30293,166.61012,2221.9697	143.86224,247.149,2117.9233	138.07324,227.0213,2239.6892	120.91295,283.73242,2226.9363	120.55328,383.76654,2303.8643	150.8086,273.0117,2115.6692	103.21231,483.63184,2289.241	130.75224,378.08646,2173.2937	120.91295,283.73242,2226.9363	188.80286,463.4605,2208.656	119.87987,318.31693,2092.8215	105.49391,319.5174,2369.2048	
138.07266,133.45435,2379.9326	135.98515,178.76318,2311.004	114.69496,190.0644,2395.6282	110.773285,254.89333,2412.337	135.98515,178.76318,2311.004	158.89381,166.60284,2226.3796	135.91452,250.96655,2124.866	133.64049,226.99706,2241.2952	116.46373,283.73895,2226.2559	119.39873,384.08795,2302.963	146.58513,272.63672,2116.917	102.24872,483.2696,2295.453	117.09526,375.44623,2168.5522	116.46373,283.73895,2226.2559	179.59302,458.27356,2205.025	111.61545,321.7547,2102.2056	102.65886,320.18686,2371.5298	
133.84454,133.04703,2382.4768	131.13498,178.5397,2317.083	110.73186,189.33664,2404.826	107.66928,254.06583,2418.3818	131.13498,178.5397,2317.083	153.14415,166.89285,2229.34	131.22714,245.50229,2134.7917	128.25754,226.98816,2250.746	111.204605,283.34106,2241.1216	118.60741,382.00677,2327.9744	139.95244,273.15283,2127.6968	100.99013,481.86273,2302.9753	102.66876,376.24805,2147.9534	111.204605,283.34106,2241.1216	168.82687,454.10242,2220.152	107.044525,315.98267,2110.8127	100.27403,319.21027,2381.7688	
129.04352,132.5862,2383.2734	126.27951,178.21504,2320.0432	106.092636,188.76643,2408.1753	103.69368,253.50264,2419.139	126.27951,178.21504,2320.0432	148.06065,166.83035,2231.9111	126.65735,249.8877,2134.7236	123.40694,226.79233,2255.8516	106.54816,282.98364,2248.599	120.36026,382.34897,2321.8784	134.92111,273.19232,2134.7207	100.85828,482.2131,2296.9536	95.17729,377.8496,2129.827	106.54816,282.98364,2248.599	163.0218,453.24084,2224.2969	97.42207,318.18588,2114.7568	96.93567,318.632,2386.285	
124.7126,133.0033,2383.596	121.306625,179.07425,2322.7197	101.632,188.93774,2412.6672	99.75017,253.61559,2421.5132	121.306625,179.07425,2322.7197	142.56642,168.41605,2232.7722	124.60574,246.61829,2138.0505	117.60065,227.8739,2261.1062	99.10863,284.01096,2262.9207	108.6037,384.25232,2327.4282	129.13127,274.53076,2136.0647	90.60631,484.5691,2299.516	79.77577,381.60962,2111.2788	99.10863,284.01096,2262.9207	152.46953,453.08008,2220.046	93.078,313.6555,2121.4495	93.5863,318.6827,2392.0278	
120.30429,132.34778,2383.8955	116.80344,178.74031,2325.7573	97.994644,188.5209,2418.2007	96.51466,253.09439,2425.3247	116.80344,178.74031,2325.7573	137.16933,168.15002,2233.314	119.02504,247.79727,2140.6636	113.118866,227.65727,2266.357	95.905975,283.48288,2269.4011	105.99074,383.84393,2327.5222	123.342224,274.68298,2144.512	112.27211,480.64673,2299.9568	69.97299,376.08978,2104.098	95.905975,283.48288,2269.4011	140.20738,450.1136,2216.2698	86.29773,314.30856,2123.9602	90.9095,318.0437,2398.8584	
116.492676,132.62648,2392.7163	112.60051,178.44044,2330.3093	94.637146,188.67538,2424.5444	93.4715,253.1081,2430.2737	112.60051,178.44044,2330.3093	132.07793,167.34282,2236.0742	114.72769,246.52126,2144.857	108.41522,227.00497,2267.912	91.31145,282.8876,2268.9548	98.01463,384.28958,2319.4783	117.42598,273.47656,2142.075	104.78908,485.35522,2295.8904	59.40576,374.021,2092.3342	91.31145,282.8876,2268.9548	127.99979,451.28824,2197.5334	79.7776,311.88507,2126.9868	88.38292,317.90927,2406.5134	
112.62732,131.923,2388.4814	108.20274,177.9072,2327.3179	89.7552,187.66277,2419.8782	88.83493,252.24074,2424.4807	108.20274,177.9072,2327.3179	128.17842,167.3435,2234.7576	111.60098,242.95459,2143.5754	103.63545,226.64748,2266.2417	86.08499,282.2566,2266.1692	97.644684,382.1952,2330.7488	112.269684,273.68152,2144.1619	105.4305,483.52625,2252.6643	59.976013,375.89758,2107.2737	86.08499,282.2566,2266.1692	117.259125,462.1931,2177.0059	75.067245,307.29626,2128.85	84.1837,317.17105,2403.146	
107.96689,132.09576,2371.1829	103.561264,178.99704,2316.6245	83.53383,187.50197,2404.1118	82.80545,252.5162,2407.806	103.561264,178.99704,2316.6245	125.16072,169.82455,2229.1372	107.573944,241.3048,2143.5059	99.1158,228.43289,2261.1545	80.76779,283.70032,2262.8762	96.649155,383.29327,2328.9497	108.85399,276.83206,2148.493	100.50838,485.4862,2266.406	60.299744,379.89337,2120.0774	80.76779,283.70032,2262.8762	105.76947,473.4991,2162.8533	69.72368,304.72052,2131.3755	78.52643,317.88007,2388.6462	
103.746414,132.1819,2370.1873	98.93878,179.26134,2315.9902	79.565506,187.71786,2405.4119	78.990036,252.70601,2408.375	98.93878,179.26134,2315.9902	119.86818,170.12555,2226.5686	102.663864,243.52127,2142.5256	94.36127,228.8181,2261.6714	76.443695,284.04095,2265.4082	94.06891,383.66785,2328.6055	103.3817,277.4124,2149.2969	103.95871,484.30212,2287.6362	57.47415,380.35812,2133.6763	76.443695,284.04095,2265.4082	88.13794,480.74564,2147.981	62.38623,304.98297,2135.4153	75.10031,318.0313,2391.1658	
99.53331,131.63617,2369.1655	94.96765,178.64185,2315.6948	76.39398,187.35068,2407.2778	75.938416,252.29546,2409.6533	94.96765,178.64185,2315.6948	115.07095,169.2158,2224.1118	97.475784,244.30301,2139.574	90.60864,228.24397,2262.0752	73.50021,283.58478,2267.779	94.04692,382.79193,2330.777	99.26787,276.74075,2149.132	106.890015,483.44794,2287.0881	55.930237,380.07376,2140.6353	73.50021,283.58478,2267.779	73.27222,484.79224,2137.7708	56.920288,306.26263,2127.5952	72.41022,317.55786,2394.1934	
95.201294,131.52426,2361.655	90.21533,178.77023,2308.8416	70.807785,186.978,2397.4666	70.44713,252.1933,2399.37	90.21533,178.77023,2308.8416	111.17227,169.90723,2220.2166	93.513214,243.51486,2135.8662	85.67729,228.63763,2256.6846	67.84766,283.9059,2261.8816	88.50339,384.0918,2316.4915	94.70003,277.6609,2147.1736	105.50258,484.33228,2280.0493	53.17871,382.04358,2137.2322	67.84766,283.9059,2261.8816	56.472534,489.0329,2127.5212	52.609833,305.8166,2120.0364	67.21843,317.71118,2385.4797	
91.15079,131.77066,2350.8762	85.67622,179.41232,2300.0005	65.65332,186.99815,2386.5635	65.36731,252.51456,2388.0884	85.67622,179.41232,2300.0005	107.26523,171.23317,2213.4375	89.73869,243.67432,2131.887	80.55548,229.58041,2249.0598	61.748962,284.718,2254.0947	85.41937,385.56592,2296.98	89.34863,279.29132,2142.1436	104.76752,484.4253,2285.0981	49.2182,384.49985,2132.5466	61.748962,284.718,2254.0947	42.23062,491.53784,2126.3088	47.491547,305.9862,2108.393	62.414917,318.32013,2375.6064	
87.07503,132.03882,2337.9773	80.92087,179.9636,2289.6538	60.197113,186.6748,2373.9233	59.970245,252.54257,2375.1445	80.92087,179.9636,2289.6538	103.22836,172.73949,2205.3843	83.7113,243.87822,2124.1182	75.15724,230.53151,2241.1448	55.268646,285.41458,2247.1226	81.30556,386.32312,2287.8892	83.71542,281.15338,2138.149	103.62532,484.29742,2285.5205	45.709717,387.3545,2128.7178	55.268646,285.41458,2247.1226	31.14627,493.9175,2125.1353	42.95053,307.6663,2098.166	57.268097,318.68378,2363.9268	
